date,symbol,fillingDate,acceptedDate,period,netIncome,depreciationAndAmortization,deferredIncomeTax,stockBasedCompensation,changeInWorkingCapital,accountsReceivables,inventory,accountsPayables,otherWorkingCapital,otherNonCashItems,netCashProvidedByOperatingActivities,investmentsInPropertyPlantAndEquipment,acquisitionsNet,purchasesOfInvestments,salesMaturitiesOfInvestments,otherInvestingActivites,netCashUsedForInvestingActivites,debtRepayment,commonStockIssued,commonStockRepurchased,dividendsPaid,otherFinancingActivites,netCashUsedProvidedByFinancingActivities,effectOfForexChangesOnCash,netChangeInCash,cashAtEndOfPeriod,cashAtBeginningOfPeriod,operatingCashFlow,capitalExpenditure,freeCashFlow,link,finalLink
2019-12-28,AMD,2020-02-04 00:00:00,2020-02-04 17:21:47,FY,341000000,222000000.0,-4000000.0,197000000.0,-542000000.0,-623000000.0,-137000000.0,7000000.0,2238000000.0,476000000.0,493000000,-217000000.0,0.0,-284000000.0,325000000.0,352000000.0,-149000000,-403000000.0,74000000.0,523000000.0,0.0,1912000000.0,43000000.0,0.0,387000000.0,1465000000,1078000000,493000000,-217000000,276000000.0,https://www.sec.gov/Archives/edgar/data/2488/000000248820000008/0000002488-20-000008-index.html,https://www.sec.gov/Archives/edgar/data/2488/000000248820000008/amdform10-kfy2019.htm
2018-12-29,AMD,2019-02-08 00:00:00,2019-02-08 16:44:26,FY,337000000,170000000.0,-4000000.0,137000000.0,-727000000.0,-806000000.0,-151000000.0,121000000.0,1556000000.0,258000000.0,34000000,-163000000.0,0.0,-123000000.0,45000000.0,1179000000.0,-170000000,-41000000.0,70000000.0,70000000.0,0.0,1147000000.0,28000000.0,0.0,-108000000.0,1077000000,1185000000,34000000,-163000000,-129000000.0,https://www.sec.gov/Archives/edgar/data/2488/000000248819000011/0000002488-19-000011-index.html,https://www.sec.gov/Archives/edgar/data/2488/000000248819000011/amd-12292018x10k.htm
2017-12-30,AMD,2018-02-27 00:00:00,2018-02-27 16:18:58,FY,-33000000,144000000.0,0.0,97000000.0,-244000000.0,-89000000.0,12000000.0,29000000.0,1136000000.0,145000000.0,12000000,-113000000.0,0.0,-222000000.0,222000000.0,-1000000.0,-54000000,-110000000.0,20000000.0,20000000.0,0.0,1262000000.0,-33000000.0,0.0,-75000000.0,1189000000,1264000000,12000000,-113000000,-101000000.0,https://www.sec.gov/Archives/edgar/data/2488/000000248818000042/0000002488-18-000042-index.html,https://www.sec.gov/Archives/edgar/data/2488/000000248818000042/amd-12302017x10k.htm
2016-12-31,AMD,2017-02-21 00:00:00,2017-02-21 16:52:14,FY,-497000000,133000000.0,11000000.0,86000000.0,180000000.0,222000000.0,-73000000.0,128000000.0,1184000000.0,263000000.0,90000000,-77000000.0,0.0,0.0,0.0,344000000.0,267000000,-1113000000.0,667000000.0,687000000.0,0.0,1832000000.0,122000000.0,0.0,479000000.0,1264000000,785000000,90000000,-77000000,13000000.0,https://www.sec.gov/Archives/edgar/data/2488/000000248817000043/0000002488-17-000043-index.html,https://www.sec.gov/Archives/edgar/data/2488/000000248817000043/amd-12312016x10k.htm
2015-12-26,AMD,2016-02-18 00:00:00,2016-02-18 16:19:58,FY,-660000000,167000000.0,0.0,63000000.0,113000000.0,280000000.0,-11000000.0,27000000.0,917000000.0,154000000.0,-226000000,-96000000.0,0.0,-227000000.0,462000000.0,243000000.0,147000000,-44000000.0,5000000.0,5000000.0,0.0,883000000.0,59000000.0,0.0,-20000000.0,785000000,805000000,-226000000,-96000000,-322000000.0,https://www.sec.gov/Archives/edgar/data/2488/000000248816000111/0000002488-16-000111-index.html,https://www.sec.gov/Archives/edgar/data/2488/000000248816000111/amd-12262015x10k.htm
2014-12-27,AMD,2015-02-19,2015-02-19 17:08:48,FY,-403000000,203000000.0,0.0,81000000.0,-291000000.0,7000000.0,199000000.0,-146000000.0,1296000000.0,393000000.0,-98000000,-95000000.0,0.0,-790000000.0,873000000.0,83000000.0,-12000000,-1115000000.0,4000000.0,12000000.0,0.0,1962000000.0,46000000.0,0.0,-64000000.0,805000000,869000000,-98000000,-95000000,-193000000.0,https://www.sec.gov/Archives/edgar/data/2488/000119312515054362/d871455d10k.htm,https://www.sec.gov/Archives/edgar/data/2488/000119312515054362/d871455d10k.htm
2013-12-28,AMD,2014-02-18,2014-02-18 16:56:49,FY,-83000000,236000000.0,1000000.0,91000000.0,-448000000.0,-200000000.0,-322000000.0,-89000000.0,1266000000.0,146000000.0,-148000000,-84000000.0,0.0,-1043000000.0,1344000000.0,539000000.0,455000000,-55000000.0,3000000.0,14000000.0,0.0,934000000.0,13000000.0,0.0,320000000.0,869000000,549000000,-148000000,-84000000,-232000000.0,https://www.sec.gov/Archives/edgar/data/2488/000119312514057240/d674550d10k.htm,https://www.sec.gov/Archives/edgar/data/2488/000119312514057240/d674550d10k.htm
2012-12-29,AMD,2013-02-21 00:00:00,2013-02-21 16:44:05,FY,-1183000000,260000000.0,-40000000.0,97000000.0,227000000.0,290000000.0,-83000000.0,277000000.0,868000000.0,398000000.0,-338000000,-133000000.0,-281000000.0,-944000000.0,1348000000.0,395000000.0,-19000000,-489000000.0,14000000.0,37000000.0,0.0,1061000000.0,37000000.0,0.0,-320000000.0,549000000,869000000,-338000000,-133000000,-471000000.0,https://www.sec.gov/Archives/edgar/data/2488/000119312513069422/0001193125-13-069422-index.html,https://www.sec.gov/Archives/edgar/data/2488/000119312513069422/d486815d10k.htm
2011-12-31,AMD,2012-02-24 00:00:00,2012-02-23 19:04:58,FY,491000000,317000000.0,-6000000.0,90000000.0,-252000000.0,-347000000.0,157000000.0,-28000000.0,1455000000.0,-168000000.0,382000000,-250000000.0,0.0,-1586000000.0,1726000000.0,137000000.0,-113000000,-209000000.0,18000000.0,38000000.0,0.0,1054000000.0,-6000000.0,0.0,263000000.0,869000000,606000000,382000000,-250000000,132000000.0,https://www.sec.gov/Archives/edgar/data/2488/000119312512075837/0001193125-12-075837-index.html,https://www.sec.gov/Archives/edgar/data/2488/000119312512075837/d257108d10k.htm
2010-12-25,AMD,2011-02-18,2011-02-18 16:38:16,FY,471000000,383000000.0,-5000000.0,87000000.0,-1495000000.0,-1138000000.0,-144000000.0,-184000000.0,1920000000.0,234000000.0,-412000000,-148000000.0,0.0,-1800000000.0,69000000.0,-1044000000.0,-1123000000,-1074000000.0,15000000.0,34000000.0,0.0,2149000000.0,484000000.0,0.0,-1051000000.0,606000000,1657000000,-412000000,-148000000,-560000000.0,https://www.sec.gov/Archives/edgar/data/2488/000119312511040392/d10k.htm,https://www.sec.gov/Archives/edgar/data/2488/000119312511040392/d10k.htm
2009-12-26,AMD,2010-02-19 00:00:00,2010-02-19 16:16:09,FY,293000000,1128000000.0,130000000.0,75000000.0,-1039000000.0,-960000000.0,89000000.0,-105000000.0,2065000000.0,-39000000.0,473000000,-466000000.0,0.0,-1486000000.0,603000000.0,0.0,-1273000000,-1820000000.0,125000000.0,1273000000.0,0.0,0.0,1524000000.0,0.0,724000000.0,1657000000,933000000,473000000,-466000000,7000000.0,https://www.sec.gov/Archives/edgar/data/2488/000119312510035218/0001193125-10-035218-index.html,https://www.sec.gov/Archives/edgar/data/2488/000119312510035218/d10k.htm
2008-12-27,AMD,2009-02-24 00:00:00,2009-02-24 16:32:20,FY,-3098000000,1223000000.0,26000000.0,83000000.0,-341000000.0,101000000.0,152000000.0,-666000000.0,153000000.0,1498000000.0,-692000000,343000000.0,0.0,-200000000.0,416000000.0,0.0,-27000000,-166000000.0,0.0,161000000.0,0.0,0.0,220000000.0,0.0,-499000000.0,933000000,1432000000,-692000000,-624000000,-1316000000.0,https://www.sec.gov/Archives/edgar/data/2488/000119312509036235/0001193125-09-036235-index.html,https://www.sec.gov/Archives/edgar/data/2488/000119312509036235/d10k.htm
2007-12-29,AMD,2008-02-26,2008-02-26 15:11:24,FY,-3379000000,1305000000.0,-24000000.0,112000000.0,27000000.0,503000000.0,4000000.0,-321000000.0,1191000000.0,1761000000.0,-310000000,-1685000000.0,0.0,-545000000.0,307000000.0,0.0,-1675000000,0.0,0.0,909000000.0,0.0,0.0,2037000000.0,0.0,52000000.0,1432000000,1380000000,-310000000,-1685000000,-1995000000.0,https://www.sec.gov/Archives/edgar/data/2488/000119312508038588/d10k.htm,https://www.sec.gov/Archives/edgar/data/2488/000119312508038588/d10k.htm
2006-12-31,AMD,2007-03-01,2007-03-01 14:49:10,FY,-166000000,837000000.0,-2000000.0,77000000.0,172000000.0,-55000000.0,6000000.0,530000000.0,1111000000.0,446000000.0,1287000000,-1857000000.0,-3893000000.0,-2119000000.0,3066000000.0,0.0,-4303000000,0.0,0.0,936000000.0,0.0,0.0,3763000000.0,0.0,747000000.0,1380000000,633000000,1287000000,-1857000000,-570000000.0,https://www.sec.gov/Archives/edgar/data/2488/000119312507044191/d10k.htm,https://www.sec.gov/Archives/edgar/data/2488/000119312507044191/d10k.htm
2005-12-25,AMD,2006-02-27,2006-02-27 17:17:21,FY,165500000,1219300000.0000002,-21800000.0,5187000.0,227500000.0,-276230000.0,-27780000.0,214330000.0,1736875000.0,-107700000.0,1482900000,-1513173000.0,0.0,-1561800000.0,836152000.0,0.0,-2269600000,0.0,0.0,352800000.0,0.0,0.0,494200000.0,7200000.0,-285300000.0,632700000,918000000,1482900000,-1513200000,-30300000.0,https://www.sec.gov/Archives/edgar/data/2488/000119312506040130/d10k.htm,https://www.sec.gov/Archives/edgar/data/2488/000119312506040130/d10k.htm
2004-12-26,AMD,2005-03-01,2005-03-01 16:42:59,FY,91200000,1224300000.0,-39200000.0,1014000.0,-117500000.0,-171769000.0,-179981000.0,0.0,1381621000.0,-72200000.0,1086500000,-1440137000.0,0.0,-377087000.0,227257000.0,0.0,-1555800000,-897619000.0,0.0,123700000.0,0.0,0.0,412800000.0,6700000.0,-49800000.0,1136200000,1186000000,1086500000,-1440100000,-353600000.0,https://www.sec.gov/Archives/edgar/data/2488/000119312505039876/d10k.htm,https://www.sec.gov/Archives/edgar/data/2488/000119312505039876/d10k.htm
2003-12-28,AMD,2004-03-09,2004-03-09 15:11:42,FY,-274500000,995700000.0,3000000.0,1920000.0,-309200000.0,39090000.0,-77426000.0,32345000.0,1448008000.0,-119300000.0,295600000,-570316000.0,-6265000.0,-1029884000.0,1512093000.0,0.0,83200000,-140933000.0,0.0,35400000.0,0.0,0.0,267400000.0,32200000.0,678300000.0,1107300000,429000000,295600000,-570300000,-274700000.0,https://www.sec.gov/Archives/edgar/data/2488/000119312504037179/d10k.htm,https://www.sec.gov/Archives/edgar/data/2488/000119312504037179/d10k.htm
2002-12-29,AMD,2003-03-14,2003-03-14 17:05:36,FY,-1303000000,756200000.0,35400000.0,2891000.0,161200000.0,259505000.0,-51975000.0,0.0,494057000.0,261300000.0,-88900000,-705147000.0,-26509000.0,-4465252000.0,4333901000.0,0.0,-854400000,-324744000.0,0.0,29200000.0,0.0,0.0,907400000.0,37300000.0,1500000.0,428500000,427000000,-88900000,-705100000,-794000000.0,https://www.sec.gov/Archives/edgar/data/2488/000101287003001181/d10k.htm,https://www.sec.gov/Archives/edgar/data/2488/000101287003001181/d10k.htm
2001-12-30,AMD,2002-03-07 00:00:00,2002-03-07 00:00:00,FY,-60600000,622900000.0000001,-36100000.0,0.0,-429800000.0,-113000000.0,-36000000.0,172000000.0,0.0,71200000.0,167600000,0.0,0.0,0.0,0.0,0.0,-553500000,0.0,0.0,-40500000.0,0.0,0.0,231700000.0,-10000000.0,-164200000.0,426800000,591000000,167600000,-678900000,-511300000.0,https://www.sec.gov/Archives/edgar/data/2488/000101287002001071/0001012870-02-001071-index.html,https://www.sec.gov/Archives/edgar/data/2488/000101287002001071/d10k.txt
2000-12-31,AMD,,,FY,983000000,579100000.0,-19100000.0,0.0,-123800000.0,-117000000.0,-146000000.0,-90000000.0,0.0,-213600000.0,1205600000,0.0,0.0,0.0,0.0,0.0,-815800000,0.0,0.0,123000000.0,0.0,0.0,-100900000.0,8400000.0,297300000.0,591300000,294000000,1205600000,-805500000,400100000.0,,
1999-12-26,AMD,,,FY,-88900000,515500000.0,160700000.0,0.0,120800000.0,-14000000.0,-23000000.0,-53000000.0,0.0,-448100000.0,259900000,0.0,0.0,0.0,0.0,0.0,-142400000,0.0,0.0,43800000.0,0.0,0.0,-173500000.0,-11800000.0,-67800000.0,294200000,362000000,259900000,-619800000,-359900000.0,,
1998-12-27,AMD,,,FY,-104000000,467500000.0,-106900000.0,0.0,-120900000.0,-87000000.0,-6000000.0,26000000.0,0.0,8600000.0,144400000,0.0,0.0,0.0,0.0,0.0,-998100000,0.0,0.0,44100000.0,0.0,0.0,975000000.0,0.0,121300000.0,362300000,241000000,144400000,-996200000,-851800000.0,,
1997-12-28,AMD,,,FY,-21100000,394500000.0,-18600000.0,0.0,32600000.0,-109000000.0,-15000000.0,-136000000.0,0.0,11400000.0,398800000,0.0,0.0,0.0,0.0,0.0,-633300000,0.0,0.0,40500000.0,0.0,0.0,309000000.0,0.0,74500000.0,240500000,166000000,398800000,-685100000,-286300000.0,,
1996-12-29,AMD,1997-03-20 00:00:00,1997-03-20 00:00:00,FY,-69000000,332600000.0,17100000.0,0.0,-124800000.0,56000000.0,1000000.0,0.0,0.0,-82800000.0,73200000,0.0,0.0,0.0,0.0,0.0,-275500000,0.0,0.0,47000000.0,0.0,0.0,242200000.0,0.0,39900000.0,152900000,113000000,73200000,-485000000,-411800000.0,https://www.sec.gov/Archives/edgar/data/2488/000101287097000533/0001012870-97-000533-index.html,https://www.sec.gov/Archives/edgar/data/2488/0001012870-97-000533.txt
1995-12-31,AMD,,,FY,300500000,262500000.0,41600000.0,0.0,39700000.0,61000000.0,-26000000.0,-75000000.0,0.0,-32400000.0,611900000,0.0,0.0,0.0,0.0,0.0,-714100000,0.0,0.0,19500000.0,0.0,0.0,130900000.0,0.0,28700000.0,406700000,378000000,611900000,-620800000,-8900000.0,,
1994-12-25,AMD,1995-03-07 00:00:00,1995-03-07 00:00:00,FY,305300000,216000000.0,-21100000.0,0.0,-100000.0,-73000000.0,-25000000.0,-22000000.0,0.0,73100000.0,573200000,0.0,0.0,0.0,0.0,0.0,-514600000,0.0,0.0,39600000.0,-10400000.0,0.0,2300000.0,0.0,60900000.0,548900000,488000000,573200000,-548700000,24500000.0,https://www.sec.gov/Archives/edgar/data/2488/000095013195000530/0000950131-95-000530-index.html,https://www.sec.gov/Archives/edgar/data/2488/0000950131-95-000530.txt
1993-12-26,AMD,1994-03-07 00:00:00,1994-03-07 00:00:00,FY,228800000,175300000.0,-27000000.0,0.0,83000000.0,-62000000.0,-18000000.0,-65000000.0,0.0,-600000.0,459400000,0.0,0.0,0.0,0.0,0.0,-470900000,0.0,0.0,42400000.0,-10400000.0,0.0,19900000.0,0.0,8400000.0,372400000,364000000,459400000,-323700000,135700000.0,https://www.sec.gov/Archives/edgar/data/2488/000089161894000068/0000891618-94-000068-index.html,https://www.sec.gov/Archives/edgar/data/2488/0000891618-94-000068.txt
1992-12-27,AMD,,,FY,245000000,152300000.0,-19100000.0,0.0,27100000.0,-12000000.0,5000000.0,12000000.0,0.0,-6100000.0,399200000,0.0,0.0,0.0,0.0,0.0,-361800000,0.0,0.0,15100000.0,-10400000.0,0.0,-139400000.0,0.0,-101900000.0,199100000,301000000,399200000,-222100000,177100000.0,,
1991-12-29,AMD,,,FY,145300000,155900000.0,-15500000.0,0.0,-41200000.0,-37000000.0,-1000000.0,11000000.0,0.0,-55500000.0,189100000,0.0,0.0,0.0,0.0,0.0,-74900000,0.0,0.0,8900000.0,-10400000.0,0.0,-9300000.0,0.0,104900000.0,219900000,115000000,189100000,-111000000,78100000.0,,
1990-12-30,AMD,,,FY,-53600000,128300000.0,-2700000.0,0.0,26700000.0,31000000.0,0.0,-17000000.0,0.0,9300000.0,108000000,0.0,0.0,0.0,0.0,0.0,-140300000,0.0,0.0,7600000.0,-10400000.0,0.0,1700000.0,0.0,-30600000.0,248400000,279000000,108000000,-304200000,-196200000.0,,
1989-12-31,AMD,,,FY,46100000,136400000.0,-10600000.0,0.0,-19700000.0,-17000000.0,0.0,-5000000.0,0.0,1700000.0,153800000,0.0,0.0,0.0,0.0,0.0,-229300000,0.0,0.0,10400000.0,-10400000.0,0.0,-13400000.0,0.0,-88900000.0,198100000,287000000,153800000,-158800000,-5000000.0,,
1988-12-30,AMD,,,FY,19300000,153200000.0,-3200000.0,0.0,-17200000.0,9000000.0,-8000000.0,1000000.0,0.0,7600000.0,159800000,0.0,0.0,0.0,0.0,0.0,-97700000,0.0,0.0,12500000.0,-10400000.0,0.0,22500000.0,0.0,84600000.0,319600000,235000000,159800000,-131900000,27900000.0,,
1987-12-27,AMD,,,FY,-64000000,152700000.0,5400000.0,0.0,-7900000.0,-37000000.0,-15000000.0,-14000000.0,0.0,7100000.0,93300000,0.0,0.0,0.0,0.0,0.0,-213700000,0.0,0.0,185500000.0,-7300000.0,0.0,155400000.0,0.0,35100000.0,146100000,111000000,93300000,-137900000,-44600000.0,,
1986-12-28,AMD,,,FY,-95200000,153100000.0,1700000.0,0.0,-1100000.0,-10000000.0,-5000000.0,7000000.0,0.0,21400000.0,79900000,0.0,0.0,0.0,0.0,0.0,-122600000,0.0,0.0,49700000.0,0.0,0.0,53400000.0,0.0,10700000.0,83700000,73000000,79900000,-97700000,-17800000.0,,
