date,symbol,fillingDate,acceptedDate,period,netIncome,depreciationAndAmortization,deferredIncomeTax,stockBasedCompensation,changeInWorkingCapital,accountsReceivables,inventory,accountsPayables,otherWorkingCapital,otherNonCashItems,netCashProvidedByOperatingActivities,investmentsInPropertyPlantAndEquipment,acquisitionsNet,purchasesOfInvestments,salesMaturitiesOfInvestments,otherInvestingActivites,netCashUsedForInvestingActivites,debtRepayment,commonStockIssued,commonStockRepurchased,dividendsPaid,otherFinancingActivites,netCashUsedProvidedByFinancingActivities,effectOfForexChangesOnCash,netChangeInCash,cashAtEndOfPeriod,cashAtBeginningOfPeriod,operatingCashFlow,capitalExpenditure,freeCashFlow,link,finalLink
2019-12-31,BA,2020-01-31 00:00:00,2020-01-31 13:23:40,FY,-636000000,2271000000,0.0,0.0,-4629000000.0,603000000.0,-12391000000.0,1600000000.0,4917000000.0,548000000.0,-2446000000,-1834000000.0,-455000000.0,0.0,0.0,0.0,-1530000000,-12171000000.0,0.0,-2593000000,-4630000000,0.0,5739000000,-5000000.0,1758000000,9395000000,7637000000,-2446000000,-1961000000,-4407000000,https://www.sec.gov/Archives/edgar/data/12927/000001292720000014/0000012927-20-000014-index.html,https://www.sec.gov/Archives/edgar/data/12927/000001292720000014/a201912dec3110k.htm
2018-12-31,BA,2019-02-08 00:00:00,2019-02-08 13:10:39,FY,10460000000,2114000000,0.0,0.0,2284000000.0,-1821000000.0,-1085000000.0,130000000.0,6240000000.0,464000000.0,15322000000,-1739000000.0,-324000000.0,0.0,0.0,0.0,-4621000000,-953000000.0,0.0,-8919000000,-3946000000,0.0,-11722000000,-53000000.0,-1074000000,7739000000,8813000000,15322000000,-1791000000,13531000000,https://www.sec.gov/Archives/edgar/data/12927/000001292719000010/0000012927-19-000010-index.html,https://www.sec.gov/Archives/edgar/data/12927/000001292719000010/a201812dec3110k.htm
2017-12-31,BA,2018-02-12 00:00:00,2018-02-12 14:31:00,FY,8458000000,2047000000,0.0,0.0,2252000000.0,-1821000000.0,-1085000000.0,130000000.0,8892000000.0,589000000.0,13346000000,-1739000000.0,-324000000.0,0.0,0.0,0.0,-2058000000,-953000000.0,0.0,-8925000000,-3417000000,0.0,-11350000000,80000000.0,18000000,8819000000,8801000000,13346000000,-1870000000,11476000000,https://www.sec.gov/Archives/edgar/data/12927/000001292718000007/0000012927-18-000007-index.html,https://www.sec.gov/Archives/edgar/data/12927/000001292718000007/a201712dec3110k.htm
2016-12-31,BA,2017-02-08 00:00:00,2017-02-08 15:37:44,FY,5034000000,1889000000,0.0,0.0,2922000000.0,112000000.0,3755000000.0,622000000.0,12354000000.0,651000000.0,10496000000,-2613000000.0,-297000000.0,0.0,0.0,0.0,-3378000000,-1359000000.0,0.0,-6680000000,-2756000000,0.0,-9587000000,-33000000.0,-2502000000,8800000000,11302000000,10496000000,-2613000000,7883000000,https://www.sec.gov/Archives/edgar/data/12927/000001292717000006/0000012927-17-000006-index.html,https://www.sec.gov/Archives/edgar/data/12927/000001292717000006/a201612dec3110k.htm
2015-12-31,BA,2016-02-10 00:00:00,2016-02-10 10:57:34,FY,5176000000,1833000000,0.0,0.0,1795000000.0,-1069000000.0,-1110000000.0,-238000000.0,17822000000.0,559000000.0,9363000000,-2450000000.0,-31000000.0,0.0,0.0,0.0,-1846000000,-885000000.0,0.0,-6352000000,-2490000000,0.0,-7920000000,-28000000.0,-431000000,11302000000,11733000000,9363000000,-2450000000,6913000000,https://www.sec.gov/Archives/edgar/data/12927/000001292716000099/0000012927-16-000099-index.html,https://www.sec.gov/Archives/edgar/data/12927/000001292716000099/a201512dec3110k.htm
2014-12-31,BA,2015-02-12,2015-02-12 15:32:40,FY,5446000000,1906000000,0.0,0.0,897000000.0,-1328000000.0,-4330000000.0,1339000000.0,11068000000.0,609000000.0,8858000000,-2236000000.0,-163000000.0,0.0,0.0,0.0,2467000000,-1601000000.0,0.0,-5658000000,-2115000000,0.0,-8593000000,-87000000.0,2645000000,11733000000,9088000000,8858000000,-2236000000,6622000000,https://www.sec.gov/Archives/edgar/data/12927/000001292715000011/a201412dec3110k.htm,https://www.sec.gov/Archives/edgar/data/12927/000001292715000011/a201412dec3110k.htm
2013-12-31,BA,2014-02-14,2014-02-14 12:00:10,FY,4585000000,1844000000,0.0,0.0,1078000000.0,-879000000.0,-5562000000.0,-298000000.0,13588000000.0,672000000.0,8179000000,-2098000000.0,-26000000.0,0.0,0.0,0.0,-5154000000,-1434000000.0,0.0,-1704000000,-1467000000,0.0,-4249000000,-29000000.0,-1253000000,9088000000,10341000000,8179000000,-2238000000,5941000000,https://www.sec.gov/Archives/edgar/data/12927/000001292714000004/a201312dec3110k.htm,https://www.sec.gov/Archives/edgar/data/12927/000001292714000004/a201312dec3110k.htm
2012-12-31,BA,2013-02-11 00:00:00,2013-02-11 12:50:46,FY,3900000000,1811000000,0.0,0.0,880000000.0,-27000000.0,-5681000000.0,1199000000.0,12327000000.0,917000000.0,7508000000,-1703000000.0,-124000000.0,0.0,0.0,0.0,-3757000000,-2076000000.0,0.0,120000000,-1322000000,0.0,-3477000000,18000000.0,292000000,10341000000,10049000000,7508000000,-1710000000,5798000000,https://www.sec.gov/Archives/edgar/data/12927/000001292713000014/0000012927-13-000014-index.html,https://www.sec.gov/Archives/edgar/data/12927/000001292713000014/a201212dec3110k.htm
2011-12-31,BA,2012-02-09 00:00:00,2012-02-09 12:37:00,FY,4018000000,1660000000,0.0,0.0,-2135000000.0,-292000000.0,-10012000000.0,1164000000.0,8536000000.0,480000000.0,4023000000,-1713000000.0,-42000000.0,0.0,0.0,0.0,2369000000,-930000000.0,0.0,114000000,-1244000000,0.0,-1700000000,-2000000.0,4690000000,10049000000,5359000000,4023000000,-1713000000,2310000000,https://www.sec.gov/Archives/edgar/data/12927/000119312512048565/0001193125-12-048565-index.html,https://www.sec.gov/Archives/edgar/data/12927/000119312512048565/d255574d10k.htm
2010-12-31,BA,2011-02-09,2011-02-09 11:31:43,FY,3307000000,1727000000,0.0,0.0,-3034000000.0,8000000.0,-7387000000.0,313000000.0,5177000000.0,952000000.0,2952000000,-1125000000.0,-932000000.0,0.0,0.0,0.0,-4831000000,-689000000.0,0.0,87000000,-1253000000,0.0,-1962000000,-15000000.0,-3856000000,5359000000,9215000000,2952000000,-1127000000,1825000000,https://www.sec.gov/Archives/edgar/data/12927/000119312511028490/d10k.htm,https://www.sec.gov/Archives/edgar/data/12927/000119312511028490/d10k.htm
2009-12-31,BA,2010-02-08 00:00:00,2010-02-08 16:28:55,FY,1312000000,1666000000,0.0,0.0,1910000000.0,-391000000.0,-1525000000.0,1141000000.0,2392000000.0,715000000.0,5603000000,-1186000000.0,-639000000.0,0.0,0.0,0.0,-3794000000,-551000000.0,0.0,-40000000,-1220000000,0.0,4094000000,44000000.0,5947000000,9215000000,3268000000,5603000000,-1186000000,4417000000,https://www.sec.gov/Archives/edgar/data/12927/000119312510024406/0001193125-10-024406-index.html,https://www.sec.gov/Archives/edgar/data/12927/000119312510024406/d10k.htm
2008-12-31,BA,2009-02-09 00:00:00,2009-02-09 17:10:11,FY,2672000000,1491000000,0.0,0.0,-4902000000.0,564000000.0,-6168000000.0,872000000.0,-4961000000.0,338000000.0,-401000000,-1674000000.0,-964000000.0,0.0,0.0,0.0,1888000000,-738000000.0,0.0,-2893000000,-1192000000,0.0,-5202000000,-59000000.0,-3774000000,3268000000,7042000000,-401000000,-1852000000,-2253000000,https://www.sec.gov/Archives/edgar/data/12927/000119312509022654/0001193125-09-022654-index.html,https://www.sec.gov/Archives/edgar/data/12927/000119312509022654/d10k.htm
2007-12-31,BA,2008-02-15,2008-02-15 13:37:09,FY,4074000000,1486000000,0.0,0.0,2675000000.0,-392000000.0,-1558000000.0,928000000.0,-4258000000.0,1349000000.0,9584000000,-1731000000.0,-75000000.0,0.0,0.0,0.0,-3822000000,-1406000000.0,0.0,-2566000000,-1096000000,0.0,-4884000000,46000000.0,924000000,7042000000,6118000000,9584000000,-1913000000,7671000000,https://www.sec.gov/Archives/edgar/data/12927/000119312508032328/d10k.htm,https://www.sec.gov/Archives/edgar/data/12927/000119312508032328/d10k.htm
2006-12-31,BA,2007-02-16,2007-02-16 14:11:00,FY,2215000000,1545000000,0.0,0.0,2187000000.0,-244000000.0,444000000.0,-744000000.0,-6718000000.0,1552000000.0,7499000000,-1681000000.0,-1854000000.0,0.0,0.0,0.0,-3186000000,-1681000000.0,0.0,-1404000000,-956000000,0.0,-3645000000,38000000.0,706000000,6118000000,5412000000,7499000000,-1715000000,5784000000,https://www.sec.gov/Archives/edgar/data/12927/000119312507033902/d10k.htm,https://www.sec.gov/Archives/edgar/data/12927/000119312507033902/d10k.htm
2005-12-31,BA,2006-02-28,2006-02-28 12:47:43,FY,2572000000,1503000000,0.0,0.0,1118000000.0,-592000000.0,-1965000000.0,1147000000.0,-6220000000.0,1807000000.0,7000000000,-1547000000.0,-172000000.0,0.0,0.0,0.0,-98000000,-1378000000.0,0.0,-2529000000,-820000000,0.0,-4657000000,-37000000.0,2208000000,5412000000,3204000000,7000000000,-1547000000,5453000000,https://www.sec.gov/Archives/edgar/data/12927/000119312506040952/d10k.htm,https://www.sec.gov/Archives/edgar/data/12927/000119312506040952/d10k.htm
2004-12-31,BA,2005-02-28,2005-02-28 16:07:20,FY,1872000000,1509000000,0.0,0.0,-1484000000.0,-241000000.0,611000000.0,862000000.0,-5735000000.0,1561000000.0,3458000000,-978000000.0,-34000000.0,0.0,0.0,0.0,-1369000000,-2208000000.0,0.0,-662000000,-648000000,0.0,-3518000000,0.0,-1429000000,3204000000,4633000000,3458000000,-978000000,2480000000,https://www.sec.gov/Archives/edgar/data/12927/000119312505038602/d10k.htm,https://www.sec.gov/Archives/edgar/data/12927/000119312505038602/d10k.htm
2003-12-31,BA,2004-03-05,2004-03-04 18:05:16,FY,718000000,1450000000,0.0,0.0,28000000.0,357000000.0,351000000.0,-147000000.0,-1190000000.0,1685000000.0,3881000000,-741000000.0,289000000.0,0.0,0.0,0.0,-1060000000,-2024000000.0,0.0,33000000,-572000000,0.0,-521000000,0.0,2300000000,4633000000,2333000000,3881000000,-2930000000,951000000,https://www.sec.gov/Archives/edgar/data/12927/000119312504034751/d10k.htm,https://www.sec.gov/Archives/edgar/data/12927/000119312504034751/d10k.htm
2002-12-31,BA,2003-02-27,2003-02-27 17:09:45,FY,492000000,1497000000,0.0,0.0,111000000.0,-155000000.0,1510000000.0,-823000000.0,-2955000000.0,2275000000.0,4375000000,-1001000000.0,-22000000.0,0.0,0.0,0.0,-3421000000,-1564000000.0,0.0,67000000,-571000000,0.0,746000000,0.0,1700000000,2333000000,633000000,4375000000,-4091000000,284000000,https://www.sec.gov/Archives/edgar/data/12927/000001292703000005/boeing10k_123102.htm,https://www.sec.gov/Archives/edgar/data/12927/000001292703000005/boeing10k_123102.htm
2001-12-31,BA,2002-03-08 00:00:00,2002-03-08 00:00:00,FY,2827000000,1750000000,0.0,0.0,-1161000000.0,-228000000.0,-126000000.0,-1893000000.0,0.0,398000000.0,3814000000,0.0,0.0,0.0,0.0,0.0,-4714000000,0.0,0.0,-2338000000,-582000000,0.0,523000000,0.0,-377000000,633000000,1010000000,3814000000,-6141000000,-2327000000,https://www.sec.gov/Archives/edgar/data/12927/000001292702000005/0000012927-02-000005-index.html,https://www.sec.gov/Archives/edgar/data/12927/000001292702000005/k2001doc.txt
2000-12-31,BA,2001-03-09 00:00:00,2001-03-09 00:00:00,FY,2128000000,1479000000,0.0,0.0,1483000000.0,-1475000000.0,-255000000.0,-710000000.0,0.0,852000000.0,5942000000,0.0,0.0,0.0,0.0,0.0,-7628000000,0.0,0.0,-2221000000,-504000000,0.0,-658000000,0.0,-2344000000,1010000000,3354000000,5942000000,-3503000000,2439000000,https://www.sec.gov/Archives/edgar/data/12927/000001292701000004/0000012927-01-000004-index.html,https://www.sec.gov/Archives/edgar/data/12927/000001292701000004/0000012927-01-000004-0001.txt
1999-12-31,BA,,,FY,2309000000,1645000000,0.0,0.0,2076000000.0,-165000000.0,1810000000.0,-536000000.0,0.0,194000000.0,6224000000,0.0,0.0,0.0,0.0,0.0,-1433000000,0.0,0.0,-2844000000,-537000000,0.0,-3620000000,0.0,1171000000,3354000000,2183000000,6224000000,-3634000000,2590000000,,
1998-12-31,BA,1999-03-05 00:00:00,1999-03-05 00:00:00,FY,1120000000,1622000000,0.0,0.0,-375000000.0,-167000000.0,618000000.0,815000000.0,0.0,0.0,2367000000,0.0,0.0,0.0,0.0,0.0,-2826000000,0.0,0.0,-1332000000,-564000000,0.0,-1778000000,0.0,-2237000000,2183000000,4420000000,2367000000,-1584000000,783000000,https://www.sec.gov/Archives/edgar/data/12927/000001292799000010/0000012927-99-000010-index.html,https://www.sec.gov/Archives/edgar/data/12927/0000012927-99-000010.txt
1997-12-31,BA,1998-03-04 00:00:00,1998-03-04 00:00:00,FY,-178000000,1458000000,0.0,0.0,-580000000.0,-1133000000.0,-2028000000.0,-4242000000.0,0.0,1400000000.0,2100000000,0.0,0.0,0.0,0.0,0.0,-2250000000,0.0,0.0,293000000,-557000000,0.0,-899000000,0.0,-1049000000,3326000000,4375000000,2100000000,-1391000000,709000000,https://www.sec.gov/Archives/edgar/data/12927/000001292798000007/0000012927-98-000007-index.html,https://www.sec.gov/Archives/edgar/data/12927/0000012927-98-000007.txt
1996-12-31,BA,1997-03-10 00:00:00,1997-03-10 00:00:00,FY,1095000000,991000000,0.0,0.0,4000000.0,-518000000.0,-6000000.0,-1061000000.0,0.0,133000000.0,2223000000,0.0,0.0,0.0,0.0,0.0,300000000,0.0,0.0,214000000,-379000000,0.0,-1878000000,0.0,645000000,4375000000,3730000000,2223000000,-762000000,1461000000,https://www.sec.gov/Archives/edgar/data/12927/000001292797000020/0000012927-97-000020-index.html,https://www.sec.gov/Archives/edgar/data/12927/0000012927-97-000020.txt
1995-12-31,BA,1996-03-13 00:00:00,1996-03-13 00:00:00,FY,393000000,1033000000,0.0,0.0,-960000000.0,194000000.0,-1954000000.0,22000000.0,0.0,600000000.0,1066000000,0.0,0.0,0.0,0.0,0.0,770000000,0.0,0.0,146000000,-342000000,0.0,-190000000,0.0,1646000000,3730000000,2084000000,1066000000,-629000000,437000000,https://www.sec.gov/Archives/edgar/data/12927/000001292796000003/0000012927-96-000003-index.html,https://www.sec.gov/Archives/edgar/data/12927/0000012927-96-000003.txt
1994-12-31,BA,1995-03-09 00:00:00,1995-03-09 00:00:00,FY,856000000,1142000000,0.0,0.0,-924000000.0,-49000000.0,-1545000000.0,-413000000.0,0.0,3000000.0,1077000000,0.0,0.0,0.0,0.0,0.0,-1000000000,0.0,0.0,26000000,-340000000,0.0,-335000000,0.0,-258000000,2084000000,2342000000,1077000000,-795000000,282000000,https://www.sec.gov/Archives/edgar/data/12927/000001292795000002/0000012927-95-000002-index.html,https://www.sec.gov/Archives/edgar/data/12927/0000012927-95-000002.txt
1993-12-31,BA,1994-03-17 00:00:00,1994-03-17 00:00:00,FY,1244000000,1025000000,-536000000.0,0.0,-515000000.0,-187000000.0,-733000000.0,-606000000.0,0.0,-1000000.0,1217000000,0.0,0.0,0.0,0.0,0.0,-2106000000,0.0,0.0,23000000,-340000000,0.0,520000000,0.0,-369000000,2342000000,2711000000,1217000000,-1309000000,-92000000,https://www.sec.gov/Archives/edgar/data/12927/000001292794000004/0000012927-94-000004-index.html,https://www.sec.gov/Archives/edgar/data/12927/0000012927-94-000004.txt
1992-12-31,BA,,,FY,552000000,961000000,-26000000.0,0.0,886000000.0,657000000.0,576000000.0,218000000.0,0.0,989000000.0,3362000000,0.0,0.0,0.0,0.0,0.0,-3657000000,0.0,0.0,-74000000,-340000000,0.0,68000000,0.0,-227000000,2711000000,2938000000,3362000000,-2179000000,1183000000,,
1991-12-31,BA,,,FY,1567000000,826000000,109000000.0,0.0,-969000000.0,-41000000.0,55000000.0,100000000.0,0.0,-99000000.0,1434000000,0.0,0.0,0.0,0.0,0.0,-1230000000,0.0,0.0,-104000000,-343000000,0.0,546000000,0.0,750000000,3295000000,2545000000,1434000000,-1853000000,-419000000,,
1990-12-31,BA,,,FY,1385000000,678000000,-107000000.0,0.0,1760000000.0,-235000000.0,1610000000.0,-634000000.0,0.0,-380000000.0,3336000000,0.0,0.0,0.0,0.0,0.0,-1431000000,0.0,0.0,-129000000,-328000000,0.0,-442000000,0.0,1463000000,2671000000,1208000000,3336000000,-1583000000,1753000000,,
1989-12-31,BA,,,FY,973000000,627000000,-247000000.0,0.0,-1779000000.0,-250000000.0,-1995000000.0,-235000000.0,0.0,-88000000.0,-514000000,0.0,0.0,0.0,0.0,0.0,-1362000000,0.0,0.0,23000000,-269000000,0.0,-224000000,0.0,-2100000000,1444000000,3544000000,-514000000,-1362000000,-1876000000,,
1988-12-31,BA,,,FY,614000000,567000000,-686000000.0,0.0,872000000.0,-13000000.0,562000000.0,-263000000.0,0.0,48000000.0,1415000000,0.0,0.0,0.0,0.0,0.0,-678000000,0.0,0.0,40000000,-237000000,0.0,-209000000,0.0,528000000,2725000000,2197000000,1415000000,-678000000,737000000,,
1987-12-31,BA,,,FY,480000000,504000000,-331000000.0,0.0,885000000.0,-432000000.0,-384000000.0,0.0,0.0,-960000000.0,578000000,0.0,0.0,0.0,0.0,0.0,-989000000,0.0,0.0,-102000000,-217000000,0.0,-326000000,0.0,-737000000,2088000000,2825000000,578000000,-724000000,-146000000,,
1986-12-31,BA,,,FY,665000000,463000000,319000000.0,0.0,85000000.0,-292000000.0,-453000000.0,0.0,0.0,248000000.0,1780000000,0.0,0.0,0.0,0.0,0.0,-849000000,0.0,0.0,-17000000,-186000000,0.0,32000000,0.0,963000000,4123000000,3160000000,1780000000,-792000000,988000000,,
