date,symbol,fillingDate,acceptedDate,period,netIncome,depreciationAndAmortization,deferredIncomeTax,stockBasedCompensation,changeInWorkingCapital,accountsReceivables,inventory,accountsPayables,otherWorkingCapital,otherNonCashItems,netCashProvidedByOperatingActivities,investmentsInPropertyPlantAndEquipment,acquisitionsNet,purchasesOfInvestments,salesMaturitiesOfInvestments,otherInvestingActivites,netCashUsedForInvestingActivites,debtRepayment,commonStockIssued,commonStockRepurchased,dividendsPaid,otherFinancingActivites,netCashUsedProvidedByFinancingActivities,effectOfForexChangesOnCash,netChangeInCash,cashAtEndOfPeriod,cashAtBeginningOfPeriod,operatingCashFlow,capitalExpenditure,freeCashFlow,link,finalLink
2019-12-31,BAC,2020-02-19 00:00:00,2020-02-19 16:18:13,FY,27430000000,1729000000,2435000000.0,1974000000.0,24071000000,0.0,0.0,0.0,685753000000.0,6112000000.0,61777000000,0.0,0.0,-28144000000.0,0.0,-52486000000.0,-80630000000,-50794000000.0,0.0,-27069000000.0,-5934000000,88461000000.0,3377000000,-368000000.0,-15844000000,-15844000000,0.0,61777000000,0.0,61777000000,https://www.sec.gov/Archives/edgar/data/70858/000007085820000011/0000070858-20-000011-index.html,https://www.sec.gov/Archives/edgar/data/70858/000007085820000011/bac-1231201910xk.htm
2018-12-31,BAC,2019-02-26 00:00:00,2019-02-26 16:38:01,FY,28147000000,2063000000,3041000000.0,1729000000.0,2716000000,0.0,0.0,0.0,683323000000.0,3553000000.0,39520000000,0.0,0.0,-20094000000.0,0.0,-52574000000.0,-71468000000,-53046000000.0,0.0,-20091000000.0,-6895000000,131682000000.0,53118000000,-1200000000.0,19970000000,19970000000,0.0,39520000000,0.0,39520000000,https://www.sec.gov/Archives/edgar/data/70858/000007085819000012/0000070858-19-000012-index.html,https://www.sec.gov/Archives/edgar/data/70858/000007085819000012/bac-1231201810xk.htm
2017-12-31,BAC,2018-02-22 00:00:00,2018-02-22 16:10:05,FY,18232000000,2103000000,8175000000.0,1649000000.0,-22546000000,0.0,0.0,0.0,657693000000.0,3900000000.0,9864000000,0.0,0.0,-12814000000.0,0.0,-39193000000.0,-51541000000,-49553000000.0,0.0,-12814000000.0,-5700000000,115589000000.0,49268000000,2105000000.0,9696000000,9696000000,0.0,9864000000,0.0,9864000000,https://www.sec.gov/Archives/edgar/data/70858/000007085818000009/0000070858-18-000009-index.html,https://www.sec.gov/Archives/edgar/data/70858/000007085818000009/bac-1231201710xk.htm
2016-12-31,BAC,2017-02-23 00:00:00,2017-02-23 16:11:19,FY,17822000000,2241000000,5793000000.0,1235000000.0,-13080000000,0.0,0.0,0.0,635204000000.0,4501000000.0,17277000000,0.0,0.0,-5112000000.0,0.0,-58031000000.0,-62285000000,-51849000000.0,0.0,-2165000000.0,-4194000000,92516000000.0,33153000000,240000000.0,-11615000000,-11615000000,0.0,17277000000,0.0,17277000000,https://www.sec.gov/Archives/edgar/data/70858/000007085817000013/0000070858-17-000013-index.html,https://www.sec.gov/Archives/edgar/data/70858/000007085817000013/bac-1231201610xk.htm
2015-12-31,BAC,2016-02-24 00:00:00,2016-02-24 16:47:44,FY,15910000000,2389000000,2967000000.0,2170000000.0,4607000000,0.0,0.0,0.0,623345000000.0,2524000000.0,28397000000,0.0,0.0,-2374000000.0,0.0,-52580000000.0,-55571000000,-40365000000.0,0.0,590000000.0,-3574000000,93415000000.0,48535000000,-597000000.0,20764000000,20764000000,0.0,28397000000,0.0,28397000000,https://www.sec.gov/Archives/edgar/data/70858/000007085816000137/0000070858-16-000137-index.html,https://www.sec.gov/Archives/edgar/data/70858/000007085816000137/bac-1231201510xk.htm
2014-12-31,BAC,2015-02-25,2015-02-25 16:06:24,FY,5520000000,2522000000,1147000000.0,2300000000.0,19829000000,0.0,0.0,0.0,578198000000.0,1777000000.0,30795000000,0.0,0.0,-1675000000.0,0.0,-2529000000.0,-8260000000,-53749000000.0,0.0,4282000000.0,-2306000000,44485000000.0,-12201000000,-3067000000.0,7267000000,7267000000,0.0,30795000000,0.0,30795000000,https://www.sec.gov/Archives/edgar/data/70858/000007085815000008/bac-12312014x10k.htm,https://www.sec.gov/Archives/edgar/data/70858/000007085815000008/bac-12312014x10k.htm
2013-12-31,BAC,2014-02-25,2014-02-25 16:07:46,FY,11431000000,2683000000,3262000000.0,2300000000.0,73215000000,0.0,0.0,-12919000000.0,413566000000.0,2226000000.0,92817000000,0.0,0.0,-179203000000.0,204567000000.0,-2169000000.0,25058000000,-65602000000.0,0.0,-8673000000.0,-1677000000,-24943000000.0,-95442000000,-1863000000.0,20570000000,20570000000,0.0,92817000000,-521000000.0,92296000000,https://www.sec.gov/Archives/edgar/data/70858/000007085814000012/bac-12312013x10k.htm,https://www.sec.gov/Archives/edgar/data/70858/000007085814000012/bac-12312013x10k.htm
2012-12-31,BAC,2013-02-28 00:00:00,2013-02-28 16:03:27,FY,4188000000,3038000000,-2735000000.0,2300000000.0,-23456000000,0.0,0.0,24061000000.0,438394000000.0,5107000000.0,-13858000000,0.0,0.0,-164491000000.0,74068000000.0,52515000000.0,-37177000000,-124389000000.0,0.0,667000000.0,-1909000000,279466000000.0,42416000000,-731000000.0,-9350000000,-9350000000,0.0,-13858000000,0.0,-13858000000,https://www.sec.gov/Archives/edgar/data/70858/000007085813000097/0000070858-13-000097-index.html,https://www.sec.gov/Archives/edgar/data/70858/000007085813000097/bac-12312012x10k.htm
2011-12-31,BAC,2012-02-23 00:00:00,2012-02-23 16:13:53,FY,1446000000,3485000000,-1949000000.0,2600000000.0,58324000000,0.0,0.0,-18124000000.0,427554000000.0,3184000000.0,64490000000,0.0,0.0,-99536000000.0,120125000000.0,31292000000.0,52429000000,-101814000000.0,0.0,5000000000.0,-1738000000,118958000000.0,-104696000000,-548000000.0,11675000000,11675000000,0.0,64490000000,-1307000000.0,63183000000,https://www.sec.gov/Archives/edgar/data/70858/000007085812000155/0000070858-12-000155-index.html,https://www.sec.gov/Archives/edgar/data/70858/000007085812000155/bac-12312011x10k.htm
2010-12-31,BAC,2011-02-25,2011-02-25 16:27:28,FY,-2238000000,3912000000,608000000.0,0.0,67912000000,0.0,0.0,0.0,-255708000000.0,12400000000.0,82594000000,0.0,0.0,-19683000000.0,70868000000.0,0.0,-30347000000,1465000000.0,0.0,0.0,-1762000000,0.0,-65387000000,228000000.0,-12912000000,-12912000000,0.0,82594000000,-987000000.0,81607000000,https://www.sec.gov/Archives/edgar/data/70858/000095012311018743/g25571e10vk.htm,https://www.sec.gov/Archives/edgar/data/70858/000095012311018743/g25571e10vk.htm
2009-12-31,BAC,2010-02-26 00:00:00,2010-02-26 07:51:04,FY,6276000000,4314000000,370000000.0,0.0,118771000000,0.0,0.0,0.0,-292407000000.0,0.0,129731000000,0.0,0.0,3729000000.0,0.0,0.0,157925000000,0.0,13468000000.0,17712000000.0,-4863000000,0.0,-199568000000,394000000.0,88482000000,88482000000,0.0,129731000000,-2240000000.0,127491000000,https://www.sec.gov/Archives/edgar/data/70858/000119312510041666/0001193125-10-041666-index.html,https://www.sec.gov/Archives/edgar/data/70858/000119312510041666/d10k.htm
2008-12-31,BAC,2009-02-27 00:00:00,2009-02-27 16:56:02,FY,4008000000,3319000000,-5801000000.0,0.0,2508000000,0.0,0.0,0.0,-410356000000.0,0.0,4034000000,0.0,6650000000.0,53723000000.0,26068000000.0,0.0,-2930000000,4700000000.0,10127000000.0,44869000000.0,-11528000000,0.0,-10695000000,-83000000.0,-9674000000,-9674000000,0.0,4034000000,-2098000000.0,1936000000,https://www.sec.gov/Archives/edgar/data/70858/000119312509041126/0001193125-09-041126-index.html,https://www.sec.gov/Archives/edgar/data/70858/000119312509041126/d10k.htm
2007-12-31,BAC,2008-02-28,2008-02-28 15:41:45,FY,14982000000,2844000000,-753000000.0,0.0,-6037000000,0.0,0.0,0.0,-391723000000.0,0.0,11036000000,0.0,-19816000000.0,6294000000.0,19233000000.0,0.0,-108480000000,9196000000.0,1118000000.0,-1114000000.0,-10878000000,0.0,103412000000,134000000.0,6102000000,6102000000,0.0,11036000000,-2143000000.0,8893000000,https://www.sec.gov/Archives/edgar/data/70858/000119312508041665/d10k.htm,https://www.sec.gov/Archives/edgar/data/70858/000119312508041665/d10k.htm
2006-12-31,BAC,2007-02-28,2007-02-28 10:31:30,FY,21133000000,2869000000,1850000000.0,0.0,-11343000000,0.0,0.0,0.0,-377080000000.0,0.0,14509000000,0.0,-2388000000.0,13020000000.0,22417000000.0,0.0,-68304000000,7210000000.0,3117000000.0,-8662000000.0,-9661000000,0.0,53133000000,92000000.0,-570000000,-570000000,0.0,14509000000,-748000000.0,13761000000,https://www.sec.gov/Archives/edgar/data/70858/000119312507042036/d10k.htm,https://www.sec.gov/Archives/edgar/data/70858/000119312507042036/d10k.htm
2005-12-31,BAC,2006-03-16,2006-03-16 10:48:00,FY,16465000000,1768000000,1695000000.0,0.0,-32151000000,0.0,0.0,0.0,-293209000000.0,0.0,-12223000000,0.0,-49000000.0,-58425000000.0,39519000000.0,0.0,-150445000000,7049000000.0,2846000000.0,-2919000000.0,-7683000000,0.0,170817000000,-86000000.0,8063000000,8063000000,0.0,-12223000000,-1964000000.0,-14187000000,https://www.sec.gov/Archives/edgar/data/70858/000119312506056053/d10k.htm,https://www.sec.gov/Archives/edgar/data/70858/000119312506056053/d10k.htm
2004-12-31,BAC,2005-03-01,2005-03-01 16:46:19,FY,14143000000,1636000000,-402000000.0,0.0,-19332000000,0.0,0.0,0.0,-199047000000.0,0.0,-3955000000,0.0,4953000000.0,-3880000000.0,26973000000.0,0.0,-127132000000,5754000000.0,3723000000.0,-2563000000.0,-6468000000,0.0,132875000000,64000000.0,1852000000,1852000000,0.0,-3955000000,-1938000000.0,-5893000000,https://www.sec.gov/Archives/edgar/data/70858/000119312505039878/d10k.htm,https://www.sec.gov/Archives/edgar/data/70858/000119312505039878/d10k.htm
2003-12-31,BAC,2004-03-01,2004-03-01 16:38:59,FY,10810000000,1107000000,-263000000.0,0.0,12659000000,0.0,0.0,0.0,-124943000000.0,0.0,24313000000,0.0,-140000000.0,-31614000000.0,26953000000.0,0.0,-73425000000,3870000000.0,3970000000.0,-5796000000.0,-4281000000,0.0,51048000000,175000000.0,2111000000,2111000000,0.0,24313000000,-1846000000.0,22467000000,https://www.sec.gov/Archives/edgar/data/70858/000119312504032312/d10k.htm,https://www.sec.gov/Archives/edgar/data/70858/000119312504032312/d10k.htm
2002-12-31,BAC,2003-03-03,2003-03-03 17:00:32,FY,9249000000,1104000000,-377000000.0,0.0,-21983000000,0.0,0.0,0.0,-82987000000.0,0.0,-12007000000,0.0,-110000000.0,-16770000000.0,26777000000.0,0.0,-10081000000,3999000000.0,2632000000.0,-4834000000.0,-3709000000,0.0,20209000000,15000000.0,-1864000000,-1864000000,0.0,-12007000000,-1858000000.0,-13865000000,https://www.sec.gov/Archives/edgar/data/70858/000102140803003673/d10k.htm,https://www.sec.gov/Archives/edgar/data/70858/000102140803003673/d10k.htm
2001-12-31,BAC,,,FY,6792000000,1732000000,-563000000.0,0.0,-22092000000,0.0,0.0,0.0,0.0,1305000000.0,-12826000000,0.0,0.0,0.0,0.0,0.0,37552000000,0.0,0.0,-3595000000.0,-3632000000,0.0,-25345000000,-57000000.0,-676000000,-676000000,0.0,-12826000000,-1983000000.0,-14809000000,,
2000-12-31,BAC,2001-03-19 00:00:00,2001-03-19 00:00:00,FY,7517000000,1784000000,648000000.0,0.0,-5234000000,0.0,0.0,0.0,0.0,550000000.0,5265000000,0.0,0.0,0.0,0.0,0.0,2890000000,0.0,0.0,-2962000000.0,-3388000000,0.0,-7566000000,-65000000.0,524000000,524000000,0.0,5265000000,-850000000.0,4415000000,https://www.sec.gov/Archives/edgar/data/70858/000095016801000538/0000950168-01-000538-index.html,https://www.sec.gov/Archives/edgar/data/70858/000095016801000538/0000950168-01-000538-0001.txt
1999-12-31,BAC,,,FY,7882000000,1917000000,2098000000.0,0.0,-357000000,0.0,0.0,0.0,0.0,525000000.0,12065000000,0.0,0.0,0.0,0.0,0.0,-31321000000,0.0,0.0,-3700000000.0,-3199000000,0.0,17913000000,55000000.0,-1288000000,-1288000000,0.0,12065000000,-2723000000.0,9342000000,,
1998-12-31,BAC,,,FY,5165000000,1998000000,-100000000.0,0.0,2033000000,0.0,0.0,0.0,0.0,1795000000.0,10891000000,0.0,0.0,0.0,0.0,0.0,-47243000000,0.0,0.0,-44000000.0,-2604000000,0.0,36131000000,32000000.0,-189000000,-189000000,0.0,10891000000,-1290000000.0,9601000000,,
1997-12-31,BAC,,,FY,3077000000,865000000,414000000.0,0.0,-4090000000,0.0,0.0,0.0,0.0,0.0,266000000,0.0,0.0,0.0,0.0,0.0,-19154000000,0.0,0.0,-4527000000.0,-996000000,0.0,20541000000,0.0,1653000000,1653000000,0.0,266000000,0.0,266000000,,
1996-12-31,BAC,1997-03-28 00:00:00,1997-03-28 00:00:00,FY,2375000000,442000000,304000000.0,0.0,-1317000000,0.0,0.0,0.0,0.0,0.0,1804000000,0.0,0.0,0.0,0.0,0.0,15874000000,0.0,0.0,-1367000000.0,-722000000,0.0,-17193000000,0.0,485000000,485000000,0.0,1804000000,-714000000.0,1090000000,https://www.sec.gov/Archives/edgar/data/70858/000095016897000739/0000950168-97-000739-index.html,https://www.sec.gov/Archives/edgar/data/70858/0000950168-97-000739.txt
1995-12-31,BAC,1996-03-29 00:00:00,1996-03-29 00:00:00,FY,1950000000,399000000,192000000.0,0.0,-7474000000,0.0,0.0,0.0,0.0,0.0,-4933000000,0.0,0.0,0.0,0.0,0.0,-6182000000,0.0,0.0,-283000000.0,-575000000,0.0,9981000000,0.0,-1134000000,-1134000000,0.0,-4933000000,-905000000.0,-5838000000,https://www.sec.gov/Archives/edgar/data/70858/000095016896000536/0000950168-96-000536-index.html,https://www.sec.gov/Archives/edgar/data/70858/0000950168-96-000536.txt
1994-12-31,BAC,,,FY,1690000000,406000000,235000000.0,0.0,6787000000,0.0,0.0,0.0,0.0,0.0,9118000000,0.0,0.0,0.0,0.0,0.0,-9002000000,0.0,0.0,-7000000.0,-527000000,0.0,1817000000,0.0,1933000000,1933000000,0.0,9118000000,-451000000.0,8667000000,,
1993-12-31,BAC,1994-03-30 00:00:00,1994-03-30 00:00:00,FY,1501000000,352000000,210000000.0,0.0,274000000,0.0,0.0,0.0,0.0,-200000000.0,2137000000,0.0,0.0,0.0,0.0,0.0,-10600000000,0.0,0.0,197000000.0,-433000000,0.0,8341000000,0.0,-122000000,-122000000,0.0,2137000000,-105000000.0,2032000000,https://www.sec.gov/Archives/edgar/data/70858/000095016894000099/0000950168-94-000099-index.html,https://www.sec.gov/Archives/edgar/data/70858/0000950168-94-000099.txt
1992-12-31,BAC,,,FY,1145000000,339000000,9000000.0,0.0,-1471000000,0.0,0.0,0.0,0.0,0.0,22000000,0.0,0.0,0.0,0.0,0.0,-6642000000,0.0,0.0,534000000.0,-395000000,0.0,6580000000,0.0,-40000000,-40000000,0.0,22000000,-287000000.0,-265000000,,
1991-12-31,BAC,,,FY,202000000,361000000,-4000000.0,0.0,1077000000,0.0,0.0,0.0,0.0,0.0,1636000000,0.0,0.0,0.0,0.0,0.0,4525000000,0.0,0.0,562000000.0,-399000000,0.0,-6430000000,0.0,-269000000,-269000000,0.0,1636000000,-43000000.0,1593000000,,
1990-12-31,BAC,,,FY,366000000,161000000,-91000000.0,0.0,522000000,0.0,0.0,0.0,0.0,0.0,958000000,0.0,0.0,0.0,0.0,0.0,112000000,0.0,0.0,45000000.0,-165000000,0.0,-1133000000,-3000000.0,-66000000,-66000000,0.0,958000000,0.0,958000000,,
1989-12-31,BAC,,,FY,447000000,130000000,15000000.0,0.0,-438000000,0.0,0.0,0.0,0.0,116000000.0,271000000,0.0,0.0,0.0,0.0,0.0,-9188000000,0.0,0.0,690000000.0,-122000000,0.0,11058000000,-1000000.0,2140000000,2140000000,0.0,271000000,0.0,271000000,,
1988-12-31,BAC,,,FY,252000000,82000000,-2000000.0,0.0,62000000,0.0,0.0,0.0,0.0,0.0,393000000,0.0,0.0,0.0,0.0,0.0,-776000000,0.0,0.0,272000000.0,-85000000,0.0,543000000,-1000000.0,159000000,159000000,0.0,393000000,-121000000.0,272000000,,
