date,symbol,fillingDate,acceptedDate,period,netIncome,depreciationAndAmortization,deferredIncomeTax,stockBasedCompensation,changeInWorkingCapital,accountsReceivables,inventory,accountsPayables,otherWorkingCapital,otherNonCashItems,netCashProvidedByOperatingActivities,investmentsInPropertyPlantAndEquipment,acquisitionsNet,purchasesOfInvestments,salesMaturitiesOfInvestments,otherInvestingActivites,netCashUsedForInvestingActivites,debtRepayment,commonStockIssued,commonStockRepurchased,dividendsPaid,otherFinancingActivites,netCashUsedProvidedByFinancingActivities,effectOfForexChangesOnCash,netChangeInCash,cashAtEndOfPeriod,cashAtBeginningOfPeriod,operatingCashFlow,capitalExpenditure,freeCashFlow,link,finalLink
2019-12-31,GOOGL,2020-02-04,2020-02-03 21:03:59,FY,34343000000.0,11781000000,173000000.0,10794000000.0,819000000.0,-4340000000.0,0.0,428000000.0,107357000000.0,7404000000,54520000000,-23548000000.0,-2515000000.0,-120643000000.0,98230000000.0,18985000000.0,-29491000000,-585000000.0,0.0,-18396000000.0,0.0,-4228000000.0,-23209000000.0,-23000000.0,1797000000.0,18498000000,16701000000.0,54520000000,-23548000000,30972000000,https://www.sec.gov/Archives/edgar/data/1652044/000165204420000008/goog10-k2019.htm,https://www.sec.gov/Archives/edgar/data/1652044/000165204420000008/goog10-k2019.htm
2018-12-31,GOOGL,2019-02-05,2019-02-04 21:06:38,FY,30736000000.0,9035000000,778000000.0,9353000000.0,4908000000.0,-2169000000.0,0.0,1067000000.0,101056000000.0,2514000000,47971000000,-25139000000.0,-1491000000.0,-61306000000.0,50259000000.0,9173000000.0,-28504000000,-6827000000.0,0.0,-8125000000.0,0.0,2723000000.0,-13179000000.0,-302000000.0,5986000000.0,16701000000,10715000000.0,47971000000,-25139000000,22832000000,https://www.sec.gov/Archives/edgar/data/1652044/000165204419000004/goog10-kq42018.htm,https://www.sec.gov/Archives/edgar/data/1652044/000165204419000004/goog10-kq42018.htm
2017-12-31,GOOGL,2018-02-06,2018-02-05 20:46:29,FY,12662000000.0,6915000000,258000000.0,7700000000.0,9246000000.0,-3768000000.0,0.0,731000000.0,100125000000.0,8010000000,37091000000,-13184000000.0,-287000000.0,-98786000000.0,74492000000.0,6364000000.0,-31401000000,-4377000000.0,0.0,-4046000000.0,0.0,925000000.0,-8298000000.0,405000000.0,-2203000000.0,10715000000,12918000000.0,37091000000,-13184000000,23907000000,https://www.sec.gov/Archives/edgar/data/1652044/000165204418000007/goog10-kq42017.htm,https://www.sec.gov/Archives/edgar/data/1652044/000165204418000007/goog10-kq42017.htm
2016-12-31,GOOGL,2017-02-03,2017-02-02 18:13:47,FY,19478000000.0,6144000000,-38000000.0,6703000000.0,3300000000.0,-2578000000.0,0.0,110000000.0,88652000000.0,7152000000,36036000000,-10212000000.0,-986000000.0,-89311000000.0,67389000000.0,1955000000.0,-31165000000,-10064000000.0,0.0,-3693000000.0,0.0,5425000000.0,-8332000000.0,-170000000.0,-3631000000.0,12918000000,16549000000.0,36036000000,-10212000000,25824000000,https://www.sec.gov/Archives/edgar/data/1652044/000165204417000008/goog10-kq42016.htm,https://www.sec.gov/Archives/edgar/data/1652044/000165204417000008/goog10-kq42016.htm
2015-12-31,GOOGL,2016-02-11,2016-02-11 16:38:35,FY,16348000000.0,5063000000,-179000000.0,5203000000.0,-409000000.0,-2094000000.0,0.0,203000000.0,70804000000.0,5749000000,26572000000,-9915000000.0,-236000000.0,-78320000000.0,62905000000.0,1855000000.0,-23711000000,-13728000000.0,0.0,-1780000000.0,0.0,11878000000.0,-4225000000.0,-434000000.0,-1798000000.0,16549000000,18347000000.0,26572000000,-9950000000,16622000000,https://www.sec.gov/Archives/edgar/data/1652044/000165204416000012/goog10-k2015.htm,https://www.sec.gov/Archives/edgar/data/1652044/000165204416000012/goog10-k2015.htm
2014-12-31,GOOGL,,,FY,14136000000.0,4979000000,-104000000.0,0.0,672000000.0,-501000000.0,0.0,738000000.0,0.0,3341000000,23024000000,0.0,0.0,0.0,0.0,0.0,-21055000000,0.0,0.0,0.0,0.0,0.0,-2087000000.0,-433000000.0,-551000000.0,18347000000,18898000000.0,23024000000,-11014000000,12010000000,,
2013-12-31,GOOGL,,,FY,12733000000.0,3939000000,-437000000.0,0.0,156000000.0,-997000000.0,0.0,-441000000.0,0.0,2268000000,18659000000,0.0,0.0,0.0,0.0,0.0,-13679000000,0.0,0.0,0.0,0.0,0.0,-857000000.0,-3000000.0,4120000000.0,18898000000,14778000000.0,18659000000,-7358000000,11301000000,,
2012-12-31,GOOGL,,,FY,10737000000.0,2962000000,-266000000.0,0.0,898000000.0,-2458000000.0,-470000000.0,-1424000000.0,0.0,2288000000,16619000000,0.0,0.0,0.0,0.0,0.0,-13056000000,0.0,0.0,0.0,0.0,0.0,1229000000.0,3000000.0,4795000000.0,14778000000,9983000000.0,16619000000,-3273000000,13346000000,,
2011-12-31,GOOGL,,,FY,9737000000.0,1851000000,343000000.0,0.0,630000000.0,-1175000000.0,0.0,-105000000.0,0.0,2004000000,14565000000,0.0,0.0,0.0,0.0,0.0,-19041000000,0.0,0.0,0.0,0.0,0.0,807000000.0,22000000.0,-3647000000.0,9983000000,13630000000.0,14565000000,-3438000000,11127000000,,
2010-12-31,GOOGL,,,FY,8505000000.0,1396000000,9000000.0,0.0,-99000000.0,-1074000000.0,0.0,-267000000.0,0.0,1270000000,11081000000,0.0,0.0,0.0,0.0,0.0,-10680000000,0.0,0.0,-801000000.0,0.0,0.0,3050000000.0,-19000000.0,3432000000.0,13630000000,10198000000.0,11081000000,-4018000000,7063000000,,
2009-12-31,GOOGL,,,FY,6520000000.0,1524000000,-268000000.0,0.0,486000000.0,-536000000.0,0.0,-38000000.0,0.0,1054000000,9316000000,0.0,0.0,0.0,0.0,0.0,-8019000000,0.0,0.0,0.0,0.0,0.0,233000000.0,11000000.0,1541000000.0,10198000000,8657000000.0,9316000000,-810000000,8506000000,,
2008-12-31,GOOGL,,,FY,4227000000.0,1500000000,-225000000.0,0.0,327000000.0,-479000000.0,0.0,104000000.0,0.0,2024000000,7853000000,0.0,0.0,0.0,0.0,0.0,-5319000000,0.0,0.0,0.0,0.0,0.0,88000000.0,-46000000.0,2575000000.0,8657000000,6082000000.0,7853000000,-2358000000,5495000000,,
2007-12-31,GOOGL,,,FY,4204000000.0,968000000,-164000000.0,0.0,319000000.0,-841000000.0,0.0,-71000000.0,0.0,450000000,5775000000,0.0,0.0,0.0,0.0,0.0,-3682000000,0.0,0.0,0.0,0.0,0.0,403000000.0,40000000.0,2537000000.0,6082000000,3545000000.0,5775000000,-2403000000,3372000000,,
2006-12-31,GOOGL,,,FY,3077000000.0,572000000,0.0,0.0,42000000.0,-634000000.0,0.0,-95000000.0,0.0,-111000000,3581000000,0.0,0.0,0.0,0.0,0.0,-6899000000,0.0,0.0,2064000000.0,0.0,0.0,2966000000.0,20000000.0,-333000000.0,3545000000,3878000000.0,3581000000,-1903000000,1678000000,,
2005-12-31,GOOGL,,,FY,1465000000.0,294000000,0.0,0.0,44000000.0,-376000000.0,0.0,-83000000.0,0.0,656000000,2459000000,0.0,0.0,0.0,0.0,0.0,-3358000000,0.0,0.0,4287000000.0,0.0,0.0,4371000000.0,-22000000.0,3450000000.0,3876000000,426000000.0,2459000000,-853000000,1606000000,,
2004-12-31,GOOGL,,,FY,399000000.0,149000000,0.0,0.0,-253000000.0,-157000000.0,0.0,13000000.0,0.0,683000000,977000000,0.0,0.0,0.0,0.0,0.0,-1901000000,0.0,0.0,1183000000.0,0.0,0.0,1195000000.0,8000000.0,278000000.0,427000000,149000000.0,977000000,-356000000,621000000,,
2003-12-31,GOOGL,,,FY,106000000.0,50000000,0.0,0.0,-6000000.0,-93000000.0,0.0,-37000000.0,0.0,246000000,395000000,0.0,0.0,0.0,0.0,0.0,-314000000,0.0,0.0,0.0,0.0,0.0,8000000.0,2000000.0,91000000.0,149000000,58000000.0,395000000,-177000000,218000000,,
2002-12-31,GOOGL,,,FY,100000000.0,18000000,-10000000.0,0.0,15000000.0,0.0,0.0,0.0,0.0,33000000,155000000,0.0,0.0,0.0,0.0,0.0,-110000000,0.0,0.0,0.0,0.0,0.0,-5000000.0,0.0,40000000.0,40000000,0.0,155000000,-37000000,118000000,,
2001-12-31,GOOGL,,,FY,7000000.0,10000000,-2000000.0,0.0,0.0,0.0,0.0,0.0,0.0,17000000,31000000,0.0,0.0,0.0,0.0,0.0,-29000000,0.0,0.0,1000000.0,0.0,0.0,-2000000.0,0.0,0.0,16701000000,16701000000.0,31000000,-13000000,18000000,,
