date,symbol,fillingDate,acceptedDate,period,netIncome,depreciationAndAmortization,deferredIncomeTax,stockBasedCompensation,changeInWorkingCapital,accountsReceivables,inventory,accountsPayables,otherWorkingCapital,otherNonCashItems,netCashProvidedByOperatingActivities,investmentsInPropertyPlantAndEquipment,acquisitionsNet,purchasesOfInvestments,salesMaturitiesOfInvestments,otherInvestingActivites,netCashUsedForInvestingActivites,debtRepayment,commonStockIssued,commonStockRepurchased,dividendsPaid,otherFinancingActivites,netCashUsedProvidedByFinancingActivities,effectOfForexChangesOnCash,netChangeInCash,cashAtEndOfPeriod,cashAtBeginningOfPeriod,operatingCashFlow,capitalExpenditure,freeCashFlow,link,finalLink
2020-02-02,HDS,2020-03-17 00:00:00,2020-03-16 19:33:10,FY,452000000.0,113000000.0,119000000.0,23000000.0,-48000000,0.0,-4000000.0,-12000000.0,849000000.0,41000000.0,677000000,-106000000.0,-9000000.0,-385000000.0,0.0,388000000.0,-112000000.0,-11000000.0,0.0,-376000000.0,0.0,-173000000.0,-569000000,0.0,-4000000.0,34000000.0,38000000.0,677000000,-106000000.0,571000000,https://www.sec.gov/Archives/edgar/data/1465264/000110465920034248/0001104659-20-034248-index.html,https://www.sec.gov/Archives/edgar/data/1465264/000110465920034248/hds-20200202x10k0adf2a.htm
2019-02-03,HDS,2019-03-19,2019-03-18 19:09:13,FY,394000000.0,106000000.0,122000000.0,26000000.0,-158000000,-79000000.0,-59000000.0,-18000000.0,840000000.0,120000000.0,584000000,-115000000.0,-362000000.0,-596000000.0,0.0,596000000.0,-477000000.0,-1243000000.0,13000000.0,-583000000.0,0.0,1212000000.0,-627000000,0.0,-520000000.0,38000000.0,558000000.0,584000000,-115000000.0,469000000,https://www.sec.gov/Archives/edgar/data/1573097/000104746919001389/a2238047z10-k.htm,https://www.sec.gov/Archives/edgar/data/1573097/000104746919001389/a2238047z10-k.htm
2018-01-28,HDS,2018-03-13,2018-03-12 20:07:05,FY,970000000.0,97000000.0,407000000.0,26000000.0,-169000000,0.0,-127000000.0,125000000.0,1254000000.0,-803000000.0,502000000,-94000000.0,0.0,-584000000.0,0.0,3007000000.0,2329000000.0,-1529000000.0,0.0,-543000000.0,0.0,-235000000.0,-2348000000,0.0,483000000.0,558000000.0,75000000.0,502000000,-94000000.0,408000000,https://www.sec.gov/Archives/edgar/data/1573097/000104746918001552/a2234805z10-k.htm,https://www.sec.gov/Archives/edgar/data/1573097/000104746918001552/a2234805z10-k.htm
2017-01-29,HDS,2017-03-14,2017-03-13 19:38:03,FY,196000000.0,102000000.0,129000000.0,20000000.0,-124000000,0.0,-62000000.0,-16000000.0,1004000000.0,210000000.0,513000000,-81000000.0,0.0,-34000000.0,0.0,94000000.0,-21000000.0,-2631000000.0,0.0,-1000000.0,0.0,1978000000.0,-687000000,1000000.0,-194000000.0,75000000.0,269000000.0,513000000,-81000000.0,432000000,https://www.sec.gov/Archives/edgar/data/1573097/000104746917001542/a2231265z10-k.htm,https://www.sec.gov/Archives/edgar/data/1573097/000104746917001542/a2231265z10-k.htm
2016-01-31,HDS,2016-03-18,2016-03-18 07:19:19,FY,1472000000.0,134000000.0,-839000000.0,16000000.0,-290000000,0.0,-38000000.0,-14000000.0,1112000000.0,-55000000.0,422000000,-86000000.0,0.0,-71000000.0,0.0,883000000.0,726000000.0,-1152000000.0,0.0,3000000.0,0.0,261000000.0,-962000000,-2000000.0,184000000.0,269000000.0,85000000.0,422000000,-86000000.0,336000000,https://www.sec.gov/Archives/edgar/data/1573097/000104746916011316/a2227830z10-k.htm,https://www.sec.gov/Archives/edgar/data/1573097/000104746916011316/a2227830z10-k.htm
2015-02-01,HDS,2015-03-24,2015-03-23 19:10:53,FY,3000000.0,226000000.0,55000000.0,17000000.0,-137000000,0.0,-71000000.0,1000000.0,1163000000.0,148000000.0,295000000,-119000000.0,0.0,-52000000.0,0.0,255000000.0,84000000.0,-1385000000.0,0.0,-4000000.0,0.0,1033000000.0,-404000000,-5000000.0,-30000000.0,85000000.0,115000000.0,295000000,-119000000.0,176000000,https://www.sec.gov/Archives/edgar/data/1573097/000104746915002613/a2223690z10-k.htm,https://www.sec.gov/Archives/edgar/data/1573097/000104746915002613/a2223690z10-k.htm
2014-02-02,HDS,2014-03-25,2014-03-25 06:59:18,FY,-218000000.0,246000000.0,54000000.0,16000000.0,-225000000,0.0,-101000000.0,-64000000.0,1210000000.0,-224000000.0,-367000000,-131000000.0,3000000.0,0.0,0.0,948000000.0,820000000.0,-1624000000.0,1039000000.0,1043000000.0,0.0,226000000.0,-474000000,-5000000.0,-26000000.0,115000000.0,141000000.0,-367000000,-131000000.0,-498000000,https://www.sec.gov/Archives/edgar/data/1573097/000104746914002899/a2219170z10-k.htm,https://www.sec.gov/Archives/edgar/data/1573097/000104746914002899/a2219170z10-k.htm
2013-02-03,HDS,,,FY,-1179000000.0,342000000.0,-2000000.0,0.0,-331000000,76000000.0,121000000.0,21000000.0,0.0,489000000.0,-681000000,0.0,0.0,0.0,0.0,0.0,-800000000.0,0.0,0.0,0.0,0.0,0.0,1511000000,0.0,30000000.0,141000000.0,111000000.0,-681000000,-115000000.0,-796000000,,
2012-01-29,HDS,,,FY,-543000000.0,350000000.0,76000000.0,0.0,-261000000,0.0,0.0,0.0,0.0,213000000.0,-165000000,0.0,0.0,0.0,0.0,0.0,-6000000.0,0.0,0.0,0.0,0.0,0.0,-10000000,0.0,-181000000.0,111000000.0,292000000.0,-165000000,-115000000.0,-280000000,,
2011-01-30,HDS,,,FY,-619000000.0,369000000.0,20000000.0,0.0,494000000,0.0,0.0,0.0,0.0,287000000.0,551000000,0.0,0.0,0.0,0.0,0.0,-45000000.0,0.0,0.0,1000000.0,0.0,0.0,-755000000,2000000.0,-247000000.0,292000000.0,539000000.0,551000000,-49000000.0,502000000,,
2010-01-31,HDS,,,FY,0.0,0.0,0.0,0.0,69000000,0.0,0.0,0.0,0.0,0.0,69000000,0.0,0.0,0.0,0.0,0.0,-41000000.0,0.0,0.0,0.0,0.0,0.0,-263000000,0.0,0.0,771000000.0,771000000.0,69000000,0.0,69000000,,
2009-02-01,HDS,,,FY,0.0,0.0,0.0,0.0,548000000,0.0,0.0,0.0,0.0,0.0,548000000,0.0,0.0,0.0,0.0,0.0,37000000.0,0.0,0.0,0.0,0.0,0.0,86000000,0.0,0.0,0.0,0.0,548000000,0.0,548000000,,
