date,symbol,fillingDate,acceptedDate,period,netIncome,depreciationAndAmortization,deferredIncomeTax,stockBasedCompensation,changeInWorkingCapital,accountsReceivables,inventory,accountsPayables,otherWorkingCapital,otherNonCashItems,netCashProvidedByOperatingActivities,investmentsInPropertyPlantAndEquipment,acquisitionsNet,purchasesOfInvestments,salesMaturitiesOfInvestments,otherInvestingActivites,netCashUsedForInvestingActivites,debtRepayment,commonStockIssued,commonStockRepurchased,dividendsPaid,otherFinancingActivites,netCashUsedProvidedByFinancingActivities,effectOfForexChangesOnCash,netChangeInCash,cashAtEndOfPeriod,cashAtBeginningOfPeriod,operatingCashFlow,capitalExpenditure,freeCashFlow,link,finalLink
2020-02-01,JCP,2020-03-20 00:00:00,2020-03-20 08:08:49,FY,-268000000,544000000,-6000000.0,11000000.0,171000000.0,0.0,271000000,-61000000.0,794000000.0,-13000000.0,428000000,-309000000.0,0.0,0.0,0.0,33000000.0,-276000000,-97000000.0,0.0,2000000.0,0.0,384000000.0,-99000000,0.0,53000000,162000000.0,109000000.0,428000000,-309000000,119000000.0,https://www.sec.gov/Archives/edgar/data/1166126/000116612620000022/0001166126-20-000022-index.html,https://www.sec.gov/Archives/edgar/data/1166126/000116612620000022/jcp-0201202010k.htm
2019-02-02,JCP,2019-03-19 00:00:00,2019-03-19 16:59:02,FY,-255000000,556000000,-13000000.0,10000000.0,128000000.0,0.0,366000000,-126000000.0,1017000000.0,-57000000.0,359000000,-392000000.0,0.0,0.0,0.0,148000000.0,-244000000,-607000000.0,0.0,3000000.0,0.0,700000000.0,-240000000,0.0,-125000000,-9000000.0,116000000.0,359000000,-392000000,-33000000.0,https://www.sec.gov/Archives/edgar/data/1166126/000116612619000012/0001166126-19-000012-index.html,https://www.sec.gov/Archives/edgar/data/1166126/000116612619000012/jcp-0202201910k.htm
2018-02-03,JCP,2018-03-19 00:00:00,2018-03-19 16:25:34,FY,-118000000,570000000,-63000000.0,25000000.0,0.0,0.0,92000000,-4000000.0,1078000000.0,65000000.0,454000000,-395000000.0,0.0,0.0,0.0,166000000.0,-229000000,-599000000.0,0.0,5000000.0,0.0,403000000.0,-654000000,0.0,-429000000,-304000000.0,125000000.0,454000000,-395000000,59000000.0,https://www.sec.gov/Archives/edgar/data/1166126/000116612618000014/0001166126-18-000014-index.html,https://www.sec.gov/Archives/edgar/data/1166126/000116612618000014/jcp-0203201810k.htm
2017-01-28,JCP,2017-03-24 00:00:00,2017-03-24 16:36:52,FY,-17000000,609000000,9000000.0,35000000.0,-205000000.0,0.0,-133000000,52000000.0,1678000000.0,-62000000.0,334000000,-427000000.0,0.0,0.0,0.0,111000000.0,-316000000,-2349000000.0,0.0,2000000.0,0.0,3205000000.0,-31000000,0.0,-13000000,106000000.0,119000000.0,334000000,-427000000,-93000000.0,https://www.sec.gov/Archives/edgar/data/1166126/000116612617000013/0001166126-17-000013-index.html,https://www.sec.gov/Archives/edgar/data/1166126/000116612617000013/jcp-0128201710k.htm
2016-01-30,JCP,2016-03-16 00:00:00,2016-03-16 16:26:45,FY,-513000000,616000000,3000000.0,44000000.0,139000000.0,0.0,-69000000,-72000000.0,1606000000.0,198000000.0,440000000,-320000000.0,0.0,0.0,0.0,24000000.0,-296000000,-520000000.0,0.0,0.0,0.0,858000000.0,-562000000,0.0,-418000000,-299000000.0,119000000.0,440000000,-320000000,120000000.0,https://www.sec.gov/Archives/edgar/data/1166126/000116612616000069/0001166126-16-000069-index.html,https://www.sec.gov/Archives/edgar/data/1166126/000116612616000069/jcp-0130201610k.htm
2015-01-31,JCP,2015-03-23,2015-03-23 16:16:27,FY,-771000000,631000000,0.0,33000000.0,379000000.0,0.0,283000000,49000000.0,2090000000.0,-3000000.0,239000000,-252000000.0,0.0,0.0,0.0,110000000.0,-142000000,-412000000.0,0.0,0.0,0.0,1436000000.0,-294000000,0.0,-197000000,-84000000.0,113000000.0,239000000,-252000000,-13000000.0,https://www.sec.gov/Archives/edgar/data/1166126/000116612615000013/jcp-0131201510k.htm,https://www.sec.gov/Archives/edgar/data/1166126/000116612615000013/jcp-0131201510k.htm
2014-02-01,JCP,2014-03-21,2014-03-21 16:03:55,FY,-1388000000,601000000,-164000000.0,28000000.0,-785000000.0,0.0,-594000000,-214000000.0,1987000000.0,-78000000.0,-1814000000,-951000000.0,0.0,0.0,0.0,162000000.0,-789000000,-256000000.0,786000000.0,793000000.0,0.0,2658000000.0,3188000000,0.0,585000000,706000000.0,121000000.0,-1814000000,-951000000,-2765000000.0,https://www.sec.gov/Archives/edgar/data/1166126/000116612614000017/jcp-0201201410k.htm,https://www.sec.gov/Archives/edgar/data/1166126/000116612614000017/jcp-0201201410k.htm
2013-02-02,JCP,2013-03-20 00:00:00,2013-03-20 17:11:32,FY,-985000000,543000000,-467000000.0,50000000.0,748000000.0,0.0,575000000,140000000.0,1100000000.0,151000000.0,-10000000,-810000000.0,0.0,0.0,0.0,517000000.0,-293000000,-230000000.0,0.0,71000000.0,-86000000.0,972000000.0,-274000000,0.0,-577000000,-402000000.0,175000000.0,-10000000,-810000000,-820000000.0,https://www.sec.gov/Archives/edgar/data/1166126/000116612613000016/0001166126-13-000016-index.html,https://www.sec.gov/Archives/edgar/data/1166126/000116612613000016/jcp-20130202x10k.htm
2012-01-28,JCP,2012-03-28 00:00:00,2012-03-27 19:58:29,FY,-152000000,518000000,-153000000.0,46000000.0,141000000.0,0.0,297000000,-111000000.0,2325000000.0,466000000.0,820000000,-634000000.0,0.0,-936000000.0,0.0,700000000.0,-870000000,-20000000.0,0.0,-832000000.0,-178000000.0,33000000.0,-1065000000,0.0,-1115000000,-946000000.0,169000000.0,820000000,-634000000,186000000.0,https://www.sec.gov/Archives/edgar/data/1166126/000119312512135077/0001193125-12-135077-index.html,https://www.sec.gov/Archives/edgar/data/1166126/000119312512135077/d298119d10k.htm
2011-01-29,JCP,2011-03-29,2011-03-29 17:04:09,FY,389000000,511000000,126000000.0,53000000.0,-316000000.0,0.0,-189000000,-93000000.0,3723000000.0,-118000000.0,592000000,-499000000.0,0.0,0.0,0.0,14000000.0,-485000000,-693000000.0,0.0,8000000.0,-189000000.0,3008000000.0,-496000000,0.0,-389000000,-226000000.0,163000000.0,592000000,-499000000,93000000.0,https://www.sec.gov/Archives/edgar/data/1166126/000119312511081412/d10k.htm,https://www.sec.gov/Archives/edgar/data/1166126/000119312511081412/d10k.htm
2010-01-30,JCP,2010-03-30 00:00:00,2010-03-30 16:21:58,FY,251000000,495000000,78000000.0,40000000.0,389000000.0,0.0,235000000,32000000.0,3403000000.0,361000000.0,1574000000,-600000000.0,0.0,0.0,0.0,13000000.0,-588000000,-113000000.0,0.0,4000000.0,-183000000.0,-31000000.0,-327000000,0.0,659000000,826000000.0,167000000.0,1574000000,-600000000,974000000.0,https://www.sec.gov/Archives/edgar/data/1166126/000119312510071527/0001193125-10-071527-index.html,https://www.sec.gov/Archives/edgar/data/1166126/000119312510071527/d10k.htm
2009-01-31,JCP,2009-03-31 00:00:00,2009-03-31 16:40:00,FY,572000000,469000000,167000000.0,47000000.0,81000000.0,0.0,382000000,0.0,3426000000.0,-132000000.0,1157000000,0.0,0.0,0.0,0.0,0.0,-957000000,-203000000.0,0.0,4000000.0,-178000000.0,0.0,-380000000,0.0,-180000000,-61000000.0,119000000.0,1157000000,-969000000,188000000.0,https://www.sec.gov/Archives/edgar/data/1166126/000119312509069467/0001193125-09-069467-index.html,https://www.sec.gov/Archives/edgar/data/1166126/000119312509069467/d10k.htm
2008-02-02,JCP,2008-04-01 00:00:00,2008-04-01 16:37:42,FY,1111000000,426000000,37000000.0,45000000.0,-216000000.0,9000000.0,-241000000,0.0,3413000000.0,-106000000.0,1252000000,0.0,0.0,0.0,0.0,0.0,-1242000000,-746000000.0,0.0,-355000000.0,-174000000.0,0.0,-286000000,0.0,-276000000,-157000000.0,119000000.0,1252000000,-1243000000,9000000.0,https://www.sec.gov/Archives/edgar/data/1166126/000119312508072384/0001193125-08-072384-index.html,https://www.sec.gov/Archives/edgar/data/1166126/000119312508072384/d10k.htm
2007-02-03,JCP,2007-04-04 00:00:00,2007-04-04 15:41:57,FY,1153000000,389000000,-6000000.0,60000000.0,27000000.0,29000000.0,-190000000,0.0,3156000000.0,-297000000.0,1266000000,0.0,0.0,0.0,0.0,0.0,-784000000,-21000000.0,0.0,-615000000.0,-153000000.0,0.0,-751000000,0.0,-269000000,-160000000.0,109000000.0,1266000000,-772000000,494000000.0,https://www.sec.gov/Archives/edgar/data/1166126/000095013407007548/0000950134-07-007548-index.html,https://www.sec.gov/Archives/edgar/data/1166126/000095013407007548/d44721e10vk.htm
2006-01-28,JCP,2006-04-06,2006-04-06 15:47:31,FY,1088000000,372000000,15000000.0,38000000.0,-99000000.0,-44000000.0,-67000000,0.0,3940000000.0,43000000.0,1419000000,0.0,0.0,0.0,0.0,0.0,-408000000,-474000000.0,0.0,-2090000000.0,-131000000.0,0.0,-2644000000,0.0,-1633000000,3054000000.0,4687000000.0,1419000000,-535000000,884000000.0,https://www.sec.gov/Archives/edgar/data/1166126/000119312506074761/d10k.htm,https://www.sec.gov/Archives/edgar/data/1166126/000119312506074761/d10k.htm
2005-01-29,JCP,2005-04-08,2005-04-08 09:35:45,FY,667000000,368000000,1000000.0,23000000.0,312000000.0,-34000000.0,-13000000,0.0,4980000000.0,-1287000000.0,61000000,0.0,0.0,0.0,0.0,0.0,4288000000,-856000000.0,0.0,-1654000000.0,-150000000.0,0.0,-2656000000,0.0,1693000000,4687000000.0,2994000000.0,61000000,-412000000,-351000000.0,https://www.sec.gov/Archives/edgar/data/1166126/000095013405007107/d23808e10vk.htm,https://www.sec.gov/Archives/edgar/data/1166126/000095013405007107/d23808e10vk.htm
2004-01-31,JCP,,,FY,364000000,394000000,137000000.0,0.0,89000000.0,472000000.0,1789000000,625000000.0,0.0,-236000000.0,748000000,0.0,0.0,0.0,0.0,0.0,-253000000,0.0,0.0,23000000.0,-160000000.0,0.0,25000000,0.0,520000000,2908000000.0,2388000000.0,748000000,-373000000,375000000.0,,
2003-01-25,JCP,2003-04-10 00:00:00,2003-04-10 11:16:32,FY,371000000,667000000,141000000.0,0.0,283000000.0,-7000000.0,-15000000,-241000000.0,0.0,-133000000.0,1329000000,0.0,0.0,0.0,0.0,0.0,-620000000,0.0,0.0,0.0,-161000000.0,0.0,-1075000000,0.0,-366000000,-360000000.0,6000000.0,1329000000,-658000000,671000000.0,https://www.sec.gov/Archives/edgar/data/1166126/000095013403005593/0000950134-03-005593-index.html,https://www.sec.gov/Archives/edgar/data/1166126/000095013403005593/d04357e10vk.htm
2002-01-26,JCP,2002-04-25 00:00:00,2002-04-25 00:00:00,FY,114000000,717000000,86000000.0,0.0,49000000.0,195000000.0,339000000,397000000.0,0.0,34000000.0,1000000000,0.0,0.0,0.0,0.0,0.0,675000000,0.0,0.0,-6000000.0,-161000000.0,0.0,221000000,0.0,1896000000,1905000000.0,9000000.0,1000000000,-631000000,369000000.0,https://www.sec.gov/Archives/edgar/data/1166126/000093066102001339/0000930661-02-001339-index.html,https://www.sec.gov/Archives/edgar/data/1166126/000093066102001339/d10k.txt
2001-01-27,JCP,,,FY,-568000000,695000000,-95000000.0,0.0,985000000.0,245000000.0,678000000,-468000000.0,0.0,581000000.0,1598000000,0.0,0.0,0.0,0.0,0.0,-350000000,0.0,0.0,-19000000.0,-294000000.0,0.0,-1459000000,0.0,-211000000,-211000000.0,0.0,1598000000,-648000000,950000000.0,,
2000-01-29,JCP,,,FY,336000000,710000000,-11000000.0,0.0,54000000.0,3277000000.0,84000000,16000000.0,0.0,169000000.0,1258000000,0.0,0.0,0.0,0.0,0.0,2562000000,0.0,0.0,32000000.0,-598000000.0,0.0,-2683000000,0.0,1137000000,1138000000.0,1000000.0,1258000000,-631000000,627000000.0,,
1999-01-30,JCP,,,FY,594000000,637000000,219000000.0,0.0,-370000000.0,-596000000.0,131000000,55000000.0,0.0,-22000000.0,1058000000,0.0,0.0,0.0,0.0,0.0,-1155000000,0.0,0.0,-181000000.0,-586000000.0,0.0,-94000000,0.0,-191000000,-112000000.0,79000000.0,1058000000,-744000000,314000000.0,,
1998-01-31,JCP,,,FY,566000000,584000000,1000000.0,0.0,-252000000.0,1938000000.0,-440000000,7000000.0,0.0,319000000.0,1218000000,0.0,0.0,0.0,0.0,0.0,-697000000,0.0,0.0,79000000.0,-558000000.0,0.0,-365000000,0.0,156000000,287000000.0,131000000.0,1218000000,-824000000,394000000.0,,
1997-01-25,JCP,,,FY,565000000,381000000,-18000000.0,0.0,-856000000.0,-550000000.0,-1787000000,-579000000.0,0.0,310000000.0,382000000,0.0,0.0,0.0,0.0,0.0,-2458000000,0.0,0.0,-333000000.0,-497000000.0,0.0,2034000000,0.0,-42000000,131000000.0,173000000.0,382000000,-704000000,-322000000.0,,
1996-01-27,JCP,,,FY,838000000,345000000,144000000.0,0.0,76000000.0,-48000000.0,-59000000,35000000.0,0.0,0.0,1403000000,0.0,0.0,0.0,0.0,0.0,-954000000,0.0,0.0,-238000000.0,-463000000.0,0.0,-537000000,0.0,-88000000,-34000000.0,54000000.0,1403000000,-717000000,686000000.0,,
1995-01-28,JCP,,,FY,1057000000,328000000,29000000.0,0.0,-676000000.0,-480000000.0,-331000000,0.0,0.0,0.0,738000000,0.0,0.0,0.0,0.0,0.0,-739000000,0.0,0.0,-448000000.0,-421000000.0,0.0,89000000,0.0,88000000,261000000.0,173000000.0,738000000,-550000000,188000000.0,,
1994-01-29,JCP,,,FY,940000000,364000000,100000000.0,0.0,-1122000000.0,-1518000000.0,-287000000,0.0,0.0,4000000.0,286000000,0.0,0.0,0.0,0.0,0.0,-628000000,0.0,0.0,19000000.0,-371000000.0,0.0,89000000,0.0,-253000000,144000000.0,397000000.0,286000000,-480000000,-194000000.0,,
1993-01-30,JCP,,,FY,777000000,366000000,42000000.0,0.0,255000000.0,364000000.0,-361000000,0.0,0.0,0.0,1440000000,0.0,0.0,0.0,0.0,0.0,-872000000,0.0,0.0,21000000.0,-342000000.0,0.0,-282000000,0.0,286000000,397000000.0,111000000.0,1440000000,-453000000,987000000.0,,
1992-01-25,JCP,,,FY,80000000,367000000,-168000000.0,0.0,-107000000.0,195000000.0,-240000000,0.0,0.0,695000000.0,867000000,0.0,0.0,0.0,0.0,0.0,-508000000,0.0,0.0,-6000000.0,-342000000.0,0.0,-385000000,0.0,-26000000,111000000.0,137000000.0,867000000,-515000000,352000000.0,,
1991-01-26,JCP,,,FY,577000000,345000000,-246000000.0,0.0,337000000.0,561000000.0,-44000000,0.0,0.0,0.0,1013000000,0.0,0.0,0.0,0.0,0.0,-634000000,0.0,0.0,-244000000.0,-335000000.0,0.0,-650000000,0.0,-271000000,137000000.0,408000000.0,1013000000,-637000000,376000000.0,,
1990-01-27,JCP,,,FY,802000000,321000000,-187000000.0,0.0,-448000000.0,-48000000.0,-412000000,0.0,0.0,32000000.0,520000000,0.0,0.0,0.0,0.0,0.0,-479000000,0.0,0.0,-161000000.0,-301000000.0,0.0,-303000000,0.0,-262000000,408000000.0,670000000.0,520000000,-477000000,43000000.0,,
1989-01-28,JCP,,,FY,807000000,318000000,-46000000.0,0.0,441000000.0,303000000.0,149000000,0.0,0.0,-222000000.0,1298000000,0.0,0.0,0.0,0.0,0.0,-186000000,0.0,0.0,-75000000.0,-266000000.0,0.0,-554000000,0.0,558000000,670000000.0,112000000.0,1298000000,-481000000,817000000.0,,
1988-01-30,JCP,,,FY,608000000,293000000,-112000000.0,0.0,-156000000.0,78000000.0,-182000000,0.0,0.0,172000000.0,805000000,0.0,0.0,0.0,0.0,0.0,-431000000,0.0,0.0,-589000000.0,-213000000.0,0.0,-901000000,0.0,-527000000,112000000.0,639000000.0,805000000,-376000000,429000000.0,,
1987-01-31,JCP,,,FY,530000000,275000000,273000000.0,0.0,159000000.0,-110000000.0,130000000,0.0,0.0,0.0,1237000000,0.0,0.0,0.0,0.0,0.0,-359000000,0.0,0.0,-11000000.0,-183000000.0,0.0,-397000000,0.0,481000000,639000000.0,158000000.0,1237000000,-348000000,889000000.0,,
1986-01-31,JCP,,,FY,386000000,251000000,288000000.0,0.0,-271000000.0,-2640000000.0,85000000,0.0,0.0,0.0,654000000,0.0,0.0,0.0,0.0,0.0,-552000000,0.0,0.0,7000000.0,-176000000.0,0.0,-131000000,0.0,-29000000,14000000.0,43000000.0,654000000,-422000000,232000000.0,,
