date,symbol,fillingDate,acceptedDate,period,netIncome,depreciationAndAmortization,deferredIncomeTax,stockBasedCompensation,changeInWorkingCapital,accountsReceivables,inventory,accountsPayables,otherWorkingCapital,otherNonCashItems,netCashProvidedByOperatingActivities,investmentsInPropertyPlantAndEquipment,acquisitionsNet,purchasesOfInvestments,salesMaturitiesOfInvestments,otherInvestingActivites,netCashUsedForInvestingActivites,debtRepayment,commonStockIssued,commonStockRepurchased,dividendsPaid,otherFinancingActivites,netCashUsedProvidedByFinancingActivities,effectOfForexChangesOnCash,netChangeInCash,cashAtEndOfPeriod,cashAtBeginningOfPeriod,operatingCashFlow,capitalExpenditure,freeCashFlow,link,finalLink
2019-12-31,MFA,2020-02-21 00:00:00,2020-02-21 06:43:05,FY,378117000.0,3318000.0,0.0,9239000.0,-15709000.0,0.0,0.0,0.0,70629000.0,-149951000.0,215775000.0,0.0,0.0,-70383000.0,0.0,0.0,-1134741000.0,-114386000.0,12325000.0,12325000.0,-376565000.0,0.0,964921000.0,0.0,45955000.0,97920000.0,51965000.0,215775000.0,-1879000.0,213896000.0,https://www.sec.gov/Archives/edgar/data/1055160/000105516020000006/0001055160-20-000006-index.html,https://www.sec.gov/Archives/edgar/data/1055160/000105516020000006/mfa-12312019x10k.htm
2018-12-31,MFA,2019-02-21 00:00:00,2019-02-21 12:34:44,FY,301801000.0,1825000.0,0.0,8007000.0,-26455000.0,0.0,0.0,0.0,6688452000.0,-129290000.0,147881000.0,-1133000.0,0.0,-2604234000.0,538668000.0,-91176000.0,-2157875000.0,-97969000.0,392474000.0,392474000.0,-344759000.0,1722179000.0,1634960000.0,0.0,-375034000.0,74723000.0,449757000.0,147881000.0,-1133000.0,146748000.0,https://www.sec.gov/Archives/edgar/data/1055160/000105516019000005/0001055160-19-000005-index.html,https://www.sec.gov/Archives/edgar/data/1055160/000105516019000005/mfa-12312018x10k.htm
2017-12-31,MFA,2018-02-15 00:00:00,2018-02-15 11:19:11,FY,322393000.0,1519000.0,0.0,8033000.0,16151000.0,0.0,0.0,0.0,7500222000.0,-163551000.0,176512000.0,-872000.0,0.0,-1583130000.0,243081000.0,3157269000.0,1816348000.0,-16562000.0,196808000.0,197223000.0,-323588000.0,-1224674000.0,-1847692000.0,0.0,145168000.0,405280000.0,260112000.0,176512000.0,-872000.0,175640000.0,https://www.sec.gov/Archives/edgar/data/1055160/000105516018000005/0001055160-18-000005-index.html,https://www.sec.gov/Archives/edgar/data/1055160/000105516018000005/mfa-12312017x10k.htm
2016-12-31,MFA,2017-02-16 00:00:00,2017-02-16 12:05:14,FY,312668000.0,964000.0,0.0,9162000.0,-18038000.0,0.0,0.0,0.0,10257070000.0,-116203000.0,179391000.0,-708000.0,0.0,-1908346000.0,85594000.0,2850386000.0,934609000.0,-22057000.0,4660000.0,4660000.0,-312895000.0,-441929000.0,-1031970000.0,0.0,82030000.0,247037000.0,165007000.0,179391000.0,-708000.0,178683000.0,https://www.sec.gov/Archives/edgar/data/1055160/000105516017000004/0001055160-17-000004-index.html,https://www.sec.gov/Archives/edgar/data/1055160/000105516017000004/mfa-12312016x10k.htm
2015-12-31,MFA,2016-02-18 00:00:00,2016-02-18 12:34:01,FY,313226000.0,860000.0,0.0,7832000.0,50763000.0,4844000.0,0.0,0.0,11550652000.0,-86724000.0,278125000.0,-1560000.0,0.0,-1810303000.0,70747000.0,2291200000.0,554133000.0,-88347000.0,1218000.0,1218000.0,-312379000.0,-553527000.0,-849688000.0,0.0,-17430000.0,165007000.0,182437000.0,278125000.0,-1560000.0,276565000.0,https://www.sec.gov/Archives/edgar/data/1055160/000105516016000119/0001055160-16-000119-index.html,https://www.sec.gov/Archives/edgar/data/1055160/000105516016000119/mfa-12312015x10k.htm
2014-12-31,MFA,2015-02-12,2015-02-12 12:22:50,FY,313504000.0,1191000.0,0.0,8581000.0,28741000.0,4561000.0,0.0,0.0,10976316000.0,-87623000.0,255813000.0,-786000.0,0.0,-1261646000.0,123910000.0,1589525000.0,451003000.0,-254078000.0,35639000.0,35639000.0,-309670000.0,-830718000.0,-1089749000.0,0.0,-382933000.0,182067000.0,565000000.0,255813000.0,-786000.0,255027000.0,https://www.sec.gov/Archives/edgar/data/1055160/000105516015000041/mfa-123114x10k.htm,https://www.sec.gov/Archives/edgar/data/1055160/000105516015000041/mfa-123114x10k.htm
2013-12-31,MFA,2014-02-13,2014-02-13 11:23:45,FY,302700000.0,5800000.0,0.0,4158000.0,20000000.0,8180000.0,0.0,0.0,11972556000.0,-30500000.0,298100000.0,-373000.0,0.0,-1760886000.0,3345579000.0,417574000.0,1600600000.0,-409606000.0,77625000.0,261300000.0,-608600000.0,-1201129000.0,-1734600000.0,0.0,164100000.0,565100000.0,401000000.0,298100000.0,-400000.0,297700000.0,https://www.sec.gov/Archives/edgar/data/1055160/000105516014000036/mfa-123113x10k.htm,https://www.sec.gov/Archives/edgar/data/1055160/000105516014000036/mfa-123113x10k.htm
2012-12-31,MFA,2013-03-06 00:00:00,2013-03-06 13:10:35,FY,306800000.0,3500000.0,0.0,6488000.0,-3100000.0,-1160000.0,0.0,0.0,445326000.0,3100000.0,310400000.0,-443000.0,0.0,-3599694000.0,2939996000.0,403735000.0,-650400000.0,-415395000.0,13038000.0,3300000.0,-349400000.0,685216000.0,347300000.0,0.0,7300000.0,401300000.0,394000000.0,310400000.0,-400000.0,310000000.0,https://www.sec.gov/Archives/edgar/data/1055160/000110465913017869/0001104659-13-017869-index.html,https://www.sec.gov/Archives/edgar/data/1055160/000110465913017869/a12-29785_110k.htm
2011-12-31,MFA,2012-02-16 00:00:00,2012-02-16 13:26:03,FY,316400000.0,2700000.0,0.0,4385000.0,-3400000.0,-4622000.0,0.0,0.0,436764000.0,18700000.0,334400000.0,-2343000.0,0.0,0.0,2291153000.0,-4326926000.0,-2383400000.0,-308668000.0,607803000.0,607800000.0,-337400000.0,2213209000.0,2097700000.0,0.0,48800000.0,393800000.0,345000000.0,334400000.0,-2300000.0,332100000.0,https://www.sec.gov/Archives/edgar/data/1055160/000110465912010483/0001104659-12-010483-index.html,https://www.sec.gov/Archives/edgar/data/1055160/000110465912010483/a11-31629_110k.htm
2010-12-31,MFA,2011-02-14,2011-02-14 15:12:14,FY,269800000.0,700000.0,0.0,3283000.0,-4600000.0,3560000.0,0.0,0.0,383458000.0,-20000000.0,245900000.0,-438000.0,0.0,0.0,3090876000.0,-2175059000.0,915400000.0,-9143000.0,609000.0,600000.0,-268400000.0,-855529000.0,-1469500000.0,0.0,-308200000.0,344800000.0,653000000.0,245900000.0,-400000.0,245500000.0,https://www.sec.gov/Archives/edgar/data/1055160/000110465911007328/a11-4073_110k.htm,https://www.sec.gov/Archives/edgar/data/1055160/000110465911007328/a11-4073_110k.htm
2009-12-31,MFA,2010-02-11 00:00:00,2010-02-11 11:25:12,FY,268200000.0,500000.0,0.0,1910000.0,2900000.0,7949000.0,0.0,0.0,644317000.0,-1700000.0,270000000.0,0.0,0.0,0.0,0.0,0.0,1774600000.0,0.0,403368000.0,403400000.0,-229700000.0,0.0,-1752200000.0,0.0,292300000.0,653300000.0,361000000.0,270000000.0,-700000.0,269300000.0,https://www.sec.gov/Archives/edgar/data/1055160/000119380510000390/0001193805-10-000390-index.html,https://www.sec.gov/Archives/edgar/data/1055160/000119380510000390/e606416_10k-mfa.htm
2008-12-31,MFA,2009-02-13 00:00:00,2009-02-13 16:00:41,FY,45800000.0,500000.0,0.0,1356000.0,-2100000.0,-6114000.0,0.0,0.0,361167000.0,142300000.0,186400000.0,0.0,0.0,-5202083000.0,0.0,0.0,-1970500000.0,0.0,689783000.0,689800000.0,-139000000.0,0.0,1910800000.0,0.0,126800000.0,360800000.0,234000000.0,186400000.0,0.0,186400000.0,https://www.sec.gov/Archives/edgar/data/1055160/000119380509000368/0001193805-09-000368-index.html,https://www.sec.gov/Archives/edgar/data/1055160/000119380509000368/e605011_10k-mfa.htm
2007-12-31,MFA,2008-02-14,2008-02-14 09:37:20,FY,30200000.0,400000.0,0.0,511000.0,-12200000.0,-10428000.0,0.0,0.0,234410000.0,50200000.0,68700000.0,0.0,0.0,-4492460000.0,0.0,0.0,-1950900000.0,-91000.0,308928000.0,308900000.0,-37700000.0,0.0,2069500000.0,0.0,187200000.0,234200000.0,47000000.0,68700000.0,-200000.0,68500000.0,https://www.sec.gov/Archives/edgar/data/1055160/000119380508000585/e603356_10k-mfa.htm,https://www.sec.gov/Archives/edgar/data/1055160/000119380508000585/e603356_10k-mfa.htm
2006-12-31,MFA,2007-02-16,2007-02-16 09:18:08,FY,8800000.0,600000.0,0.0,539000.0,-43500000.0,-8984000.0,0.0,0.0,47200000.0,50100000.0,15900000.0,0.0,0.0,0.0,0.0,0.0,-624000000.0,1320000.0,11118000.0,5000000.0,-24200000.0,0.0,591000000.0,0.0,-17100000.0,46900000.0,64000000.0,15900000.0,0.0,15900000.0,https://www.sec.gov/Archives/edgar/data/1055160/000114544307000425/d20709.htm,https://www.sec.gov/Archives/edgar/data/1055160/000114544307000425/d20709.htm
2005-12-31,MFA,2006-03-10,2006-03-10 09:00:32,FY,6700000.0,800000.0,0.0,0.0,31000000.0,2230000.0,0.0,0.0,64301000.0,97700000.0,136200000.0,0.0,0.0,56515000.0,0.0,0.0,938900000.0,0.0,2998000.0,-9700000.0,-55800000.0,0.0,-1079100000.0,0.0,-4000000.0,64000000.0,68000000.0,136200000.0,0.0,136200000.0,https://www.sec.gov/Archives/edgar/data/1055160/000119380506000680/e600137_10k-mfa.htm,https://www.sec.gov/Archives/edgar/data/1055160/000119380506000680/e600137_10k-mfa.htm
2004-12-31,MFA,2005-02-11 00:00:00,2005-02-11 13:58:24,FY,78100000.0,800000.0,0.0,0.0,-900000.0,-7619000.0,0.0,0.0,68341000.0,50300000.0,128300000.0,0.0,0.0,47657000.0,0.0,0.0,-2476200000.0,0.0,175822000.0,267900000.0,-77400000.0,0.0,2276600000.0,0.0,-71400000.0,68600000.0,140000000.0,128300000.0,0.0,128300000.0,https://www.sec.gov/Archives/edgar/data/1055160/000114544305000224/0001145443-05-000224-index.html,https://www.sec.gov/Archives/edgar/data/1055160/000114544305000224/d16237.htm
2003-12-31,MFA,2004-02-06 00:00:00,2004-02-06 08:05:21,FY,57800000.0,500000.0,0.0,0.0,7600000.0,0.0,0.0,0.0,0.0,46200000.0,112200000.0,0.0,0.0,0.0,0.0,0.0,-967100000.0,0.0,0.0,152500000.0,-60200000.0,0.0,930600000.0,0.0,75600000.0,139600000.0,64000000.0,112200000.0,0.0,112200000.0,https://www.sec.gov/Archives/edgar/data/1055160/000114544304000129/0001145443-04-000129-index.html,https://www.sec.gov/Archives/edgar/data/1055160/000114544304000129/d13926-10k.txt
2002-12-31,MFA,2003-02-10 00:00:00,2003-02-10 11:47:31,FY,56100000.0,0.0,0.0,0.0,-4100000.0,0.0,0.0,0.0,0.0,31400000.0,83400000.0,0.0,0.0,0.0,0.0,0.0,-1553700000.0,0.0,0.0,147400000.0,-47600000.0,0.0,1475900000.0,0.0,5600000.0,64600000.0,59000000.0,83400000.0,0.0,83400000.0,https://www.sec.gov/Archives/edgar/data/1055160/000119380503000071/0001193805-03-000071-index.html,https://www.sec.gov/Archives/edgar/data/1055160/000119380503000071/e300042_10-k.txt
2001-12-31,MFA,2002-03-26 00:00:00,2002-03-26 00:00:00,FY,3800000.0,200000.0,0.0,0.0,700000.0,0.0,0.0,0.0,0.0,16900000.0,21700000.0,0.0,0.0,0.0,0.0,0.0,-1445700000.0,0.0,0.0,126900000.0,-10700000.0,0.0,1474200000.0,0.0,50100000.0,58100000.0,8000000.0,21700000.0,0.0,21700000.0,https://www.sec.gov/Archives/edgar/data/1055160/000100547702001361/0001005477-02-001361-index.html,https://www.sec.gov/Archives/edgar/data/1055160/000100547702001361/d02-36780.txt
2000-12-31,MFA,2001-03-30 00:00:00,2001-03-30 00:00:00,FY,7900000.0,400000.0,0.0,0.0,-1800000.0,0.0,0.0,0.0,0.0,-1500000.0,4900000.0,0.0,0.0,0.0,0.0,0.0,-9300000.0,0.0,0.0,-1500000.0,-5300000.0,0.0,-7100000.0,0.0,-11500000.0,8500000.0,20000000.0,4900000.0,0.0,4900000.0,https://www.sec.gov/Archives/edgar/data/1055160/000105516001500020/0001055160-01-500020-index.html,https://www.sec.gov/Archives/edgar/data/1055160/000105516001500020/mfa0400.txt
1999-12-31,MFA,,,FY,7600000.0,0.0,0.0,0.0,1200000.0,0.0,0.0,-1000000.0,0.0,1400000.0,10300000.0,0.0,0.0,0.0,0.0,0.0,-250500000.0,0.0,0.0,-400000.0,-7300000.0,0.0,254100000.0,0.0,13900000.0,19900000.0,6000000.0,10300000.0,0.0,10300000.0,,
1998-12-31,MFA,1999-03-31 00:00:00,1999-03-31 00:00:00,FY,3400000.0,300000.0,0.0,0.0,-1900000.0,0.0,0.0,1000000.0,0.0,-400000.0,1400000.0,0.0,0.0,0.0,0.0,0.0,-188900000.0,0.0,0.0,0.0,-7100000.0,0.0,183100000.0,0.0,-4400000.0,5600000.0,10000000.0,1400000.0,0.0,1400000.0,https://www.sec.gov/Archives/edgar/data/1055160/000077673499000016/0000776734-99-000016-index.html,https://www.sec.gov/Archives/edgar/data/1055160/0000776734-99-000016.txt
1997-12-31,MFA,,,FY,2400000.0,0.0,0.0,0.0,700000.0,0.0,0.0,0.0,0.0,0.0,3100000.0,0.0,0.0,0.0,0.0,0.0,4700000.0,0.0,0.0,0.0,-6100000.0,0.0,-6100000.0,0.0,1600000.0,1600000.0,0.0,3100000.0,0.0,3100000.0,,
1996-12-31,MFA,,,FY,3100000.0,0.0,0.0,0.0,100000.0,0.0,0.0,0.0,0.0,0.0,3100000.0,0.0,0.0,0.0,0.0,0.0,10300000.0,0.0,0.0,-300000.0,-6700000.0,0.0,-7000000.0,0.0,6500000.0,58465000.0,51965000.0,3100000.0,0.0,3100000.0,,
