date,symbol,fillingDate,acceptedDate,period,netIncome,depreciationAndAmortization,deferredIncomeTax,stockBasedCompensation,changeInWorkingCapital,accountsReceivables,inventory,accountsPayables,otherWorkingCapital,otherNonCashItems,netCashProvidedByOperatingActivities,investmentsInPropertyPlantAndEquipment,acquisitionsNet,purchasesOfInvestments,salesMaturitiesOfInvestments,otherInvestingActivites,netCashUsedForInvestingActivites,debtRepayment,commonStockIssued,commonStockRepurchased,dividendsPaid,otherFinancingActivites,netCashUsedProvidedByFinancingActivities,effectOfForexChangesOnCash,netChangeInCash,cashAtEndOfPeriod,cashAtBeginningOfPeriod,operatingCashFlow,capitalExpenditure,freeCashFlow,link,finalLink
2019-12-31,NETE,,,FY,-6458380.0,3120240.0,0.0,2050862.0,-2038590.0,-263758.0,0.0,-1642618.0,-1743866.0,3224080.0,-2152650.0,-138000.0,0.0,0.0,0.0,-2313662.0,-2451660.0,-162447.0,0.0,0.0,0.0,4104561.0,3455510.0,15510.0,-1133300.0,512180.0,1645480.0,-2152650.0,-138000.0,-2290650.0,,
2018-12-31,NETE,,,FY,-4936180.0,2454640.0,0.0,142017.0,-148150.0,-1503755.0,0.0,971202.0,-1536388.0,-637800.0,-3267490.0,0.0,0.0,0.0,0.0,-5528195.0,-5528200.0,-2785134.0,0.0,0.0,0.0,3776981.0,-653630.0,-34400.0,-9483720.0,1801950.0,11285670.0,-3267490.0,-114930.0,-3382420.0,,
2017-12-31,NETE,,,FY,-9913490.0,2533990.0,0.0,2940424.0,-988540.0,3002425.0,0.0,-2943154.0,4374686.0,3302280.0,-5065760.0,-103341.0,0.0,-1885098.0,0.0,149826.0,-1838610.0,-998780.0,14884435.0,14884440.0,0.0,14964493.0,17564480.0,-20900.0,10639210.0,11260850.0,621640.0,-5065760.0,-103340.0,-5169100.0,,
2016-12-31,NETE,,,FY,-13487540.0,3466510.0,0.0,3463435.0,476030.0,-2751144.0,0.0,3797753.0,-6276927.0,6266680.0,-3278320.0,-187089.0,0.0,-1319820.0,0.0,0.0,-1506910.0,-1099574.0,0.0,300000.0,0.0,6147923.0,4426710.0,-45600.0,-404110.0,621640.0,1025750.0,-3278320.0,-187090.0,-3465410.0,,
2015-12-31,NETE,,,FY,-13253610.0,2513160.0,0.0,4306304.0,2370760.0,-1502205.0,0.0,3160577.0,-3095375.0,6678920.0,-1690770.0,-878085.0,0.0,0.0,0.0,-3474661.0,-4352750.0,-331273.0,0.0,5500000.0,0.0,7838293.0,6481270.0,84650.0,522400.0,1025740.0,503340.0,-1690770.0,-579210.0,-2269980.0,,
2014-12-31,NETE,,,FY,-10185520.0,2358140.0,0.0,4267334.0,6156740.0,1649858.0,0.0,-338618.0,-737903.0,3924670.0,2254030.0,0.0,0.0,0.0,0.0,-1793338.0,-1793340.0,-10015268.0,0.0,0.0,0.0,10088870.0,73600.0,-157270.0,377020.0,507020.0,130000.0,2254030.0,-750940.0,1503090.0,,
2013-12-31,NETE,,,FY,-48310000.0,2240000.0,0.0,16549820.0,820000.0,-562294.0,0.0,2268233.0,-7971665.0,34440000.0,-10810000.0,0.0,0.0,-528530.0,0.0,4631421.0,4100000.0,-75000.0,0.0,-480000.0,0.0,3706424.0,3150000.0,140000.0,-3420000.0,130000.0,3550000.0,-10810000.0,-380000.0,-11190000.0,,
2012-12-31,NETE,,,FY,-16390000.0,270000.0,0.0,0.0,-15450000.0,0.0,0.0,0.0,0.0,6390000.0,-25180000.0,0.0,0.0,0.0,0.0,0.0,-7440000.0,0.0,0.0,4100000.0,0.0,0.0,35830000.0,280000.0,3490000.0,3570000.0,80000.0,-25180000.0,-460000.0,-25640000.0,,
2011-12-31,NETE,2012-03-30 00:00:00,2012-03-30 13:34:31,FY,-24850000.0,310000.0,0.0,0.0,470000.0,0.0,0.0,-2366.0,-2483921.0,19000000.0,-5080000.0,-139495.0,0.0,-300000.0,0.0,468655.0,-860000.0,-8063.0,0.0,130000.0,0.0,4021763.0,3520000.0,0.0,-2420000.0,-2210000.0,210000.0,-5080000.0,-780000.0,-5860000.0,https://www.sec.gov/Archives/edgar/data/1293330/000114420412018554/0001144204-12-018554-index.html,https://www.sec.gov/Archives/edgar/data/1293330/000114420412018554/v306931_10k.htm
2010-12-31,NETE,,,FY,-160000.0,0.0,0.0,0.0,-20000.0,0.0,0.0,0.0,0.0,0.0,-180000.0,0.0,0.0,0.0,0.0,0.0,-46180000.0,0.0,0.0,2200000.0,0.0,0.0,46570000.0,0.0,210000.0,210000.0,0.0,-180000.0,0.0,-180000.0,,
