date,symbol,fillingDate,acceptedDate,period,netIncome,depreciationAndAmortization,deferredIncomeTax,stockBasedCompensation,changeInWorkingCapital,accountsReceivables,inventory,accountsPayables,otherWorkingCapital,otherNonCashItems,netCashProvidedByOperatingActivities,investmentsInPropertyPlantAndEquipment,acquisitionsNet,purchasesOfInvestments,salesMaturitiesOfInvestments,otherInvestingActivites,netCashUsedForInvestingActivites,debtRepayment,commonStockIssued,commonStockRepurchased,dividendsPaid,otherFinancingActivites,netCashUsedProvidedByFinancingActivities,effectOfForexChangesOnCash,netChangeInCash,cashAtEndOfPeriod,cashAtBeginningOfPeriod,operatingCashFlow,capitalExpenditure,freeCashFlow,link,finalLink
2019-12-31,NFLX,2020-01-29 00:00:00,2020-01-29 16:03:25,FY,1866916000,9319826000.0,-94443000,405376000,43043000,0,0,96063000,-677192000,-14022664000,-2887322000,-253035000,0,0,0,-134029000,-387064000,400658000,72490000,72490000,0,9451609000,4505662000,469000,1231745000,5026228000,3794483000,-2887322000,-253035000,-3140357000,https://www.sec.gov/Archives/edgar/data/1065280/000106528020000040/0001065280-20-000040-index.html,https://www.sec.gov/Archives/edgar/data/1065280/000106528020000040/form10kq419.htm
2018-12-31,NFLX,2019-01-29 00:00:00,2019-01-29 17:12:16,FY,1211242000,7656457000.0,-85520000,320657000,293767000,0,0,199198000,3206815000,-11756425000,-2680479000,-173946000,0,0,0,-165174000,-339120000,131069000,124502000,124502000,0,7718508000,4048527000,-39682000,989246000,3812246000,2823000000,-2680479000,-212532000,-2893011000,https://www.sec.gov/Archives/edgar/data/1065280/000106528019000043/0001065280-19-000043-index.html,https://www.sec.gov/Archives/edgar/data/1065280/000106528019000043/form10k_q418.htm
2017-12-31,NFLX,2018-01-29 00:00:00,2018-01-29 17:29:30,FY,558929000,6330385000.0,-208688000,182209000,58977000,0,0,74559000,2203662000,-8525551000,-1785948000,-173302000,0,-74819000,22705000,184926000,34329000,113591000,88378000,88378000,0,5811407000,3076990000,29848000,1355219000,2822795000,1467576000,-1785948000,-227022000,-2012970000,https://www.sec.gov/Archives/edgar/data/1065280/000106528018000069/0001065280-18-000069-index.html,https://www.sec.gov/Archives/edgar/data/1065280/000106528018000069/q4nflx201710k.htm
2016-12-31,NFLX,2017-01-27 00:00:00,2017-01-27 15:44:46,FY,186678000,4924978000.0,-46847000,173675000,192380000,0,0,32247000,1133634000,-6731173000,-1473984000,-107653000,0,-187193000,140245000,17173000,49765000,26806000,36979000,36979000,0,2522227000,1091630000,-9165000,-341754000,1364838000,1706592000,-1473984000,-184830000,-1658814000,https://www.sec.gov/Archives/edgar/data/1065280/000162828017000496/0001628280-17-000496-index.html,https://www.sec.gov/Archives/edgar/data/1065280/000162828017000496/nflx201610k.htm
2015-12-31,NFLX,2016-01-28 00:00:00,2016-01-28 14:55:13,FY,122641000,3547045000.0,-58655000,124725000,172887000,0,0,51615000,1902216000,-4533357000,-749439000,-91248000,0,-371915000,104762000,-192706000,-179192000,-545000,77980000,77980000,0,3371627000,1640277000,-15924000,695722000,1809722000,1114000000,-749439000,-169206000,-918645000,https://www.sec.gov/Archives/edgar/data/1065280/000106528016000047/0001065280-16-000047-index.html,https://www.sec.gov/Archives/edgar/data/1065280/000106528016000047/nflx201510k.htm
2014-12-31,NFLX,2015-01-29,2015-01-29 13:55:40,FY,266800000,2781800000.0,-30100000,115239000,137100000,0,0,83812000,1277315000,-3139200000,16500000,-69726000,0,-426934000,141950000,-115090000,-42900000,-1093000,60544000,60500000,0,1594776000,541700000,-6700000,508600000,1113600000,605000000,16500000,-144500000,-128000000,https://www.sec.gov/Archives/edgar/data/1065280/000106528015000006/nflx201410k.htm,https://www.sec.gov/Archives/edgar/data/1065280/000106528015000006/nflx201410k.htm
2013-12-31,NFLX,2014-02-03,2014-01-31 19:14:52,FY,112400000,2241700000.0000005,-22000000,73100000,119900000,0,0,18374000,904560000,-2354100000,97800000,-54143000,0,-550264000,60925000,-262750000,-256000000,-219362000,124557000,124600000,0,571069000,476300000,-3500000,314700000,604700000,290000000,97800000,-120100000,-22300000,https://www.sec.gov/Archives/edgar/data/1065280/000106528014000006/nflx10k2013.htm,https://www.sec.gov/Archives/edgar/data/1065280/000106528014000006/nflx10k2013.htm
2012-12-31,NFLX,2013-02-01 00:00:00,2013-01-31 21:43:16,FY,17200000,1702100000.0,-30100000,73948000,24800000,0,0,-3764000,564865000,-1692400000,21600000,-41457000,0,-477321000,29365000,-233827000,-244700000,-2319000,-464000,3700000,0,8372000,5600000,-200000,-217800000,290200000,508000000,21600000,-88600000,-67000000,https://www.sec.gov/Archives/edgar/data/1065280/000106528013000008/0001065280-13-000008-index.html,https://www.sec.gov/Archives/edgar/data/1065280/000106528013000008/nflx1231201210kdoc.htm
2011-12-31,NFLX,2012-02-10 00:00:00,2012-02-10 17:29:24,FY,226100000,839600000.0,-18600000,61582000,119100000,0,0,24314000,605802000,-848600000,317700000,-49682000,0,-199666000,38105000,-54571000,-265800000,-2083000,199947000,19900000,0,263458000,261700000,0,313600000,507600000,194000000,317700000,-134800000,182900000,https://www.sec.gov/Archives/edgar/data/1065280/000119312512053009/0001193125-12-053009-index.html,https://www.sec.gov/Archives/edgar/data/1065280/000119312512053009/d260328d10k.htm
2010-12-31,NFLX,2011-02-18,2011-02-18 14:42:40,FY,160900000,338700000.00000006,-1000000,27996000,227400000,0,0,139983000,252388000,-449600000,276400000,-33837000,0,-210259000,15818000,112197000,-116100000,-1776000,49776000,-160500000,0,62214000,-100000000,0,60300000,194300000,134000000,276400000,-158200000,118200000,https://www.sec.gov/Archives/edgar/data/1065280/000119312511040217/d10k.htm,https://www.sec.gov/Archives/edgar/data/1065280/000119312511040217/d10k.htm
2009-12-31,NFLX,2010-02-22 00:00:00,2010-02-22 14:09:32,FY,115900000,257500000.0,6300000,12618000,-45700000,0,0,-2256000,184644000,-9000000,325100000,-45932000,0,-228000000,0,0,-246100000,-1158000,35274000,-289100000,0,0,-84600000,0,-5700000,134300000,140000000,325100000,-239200000,85900000,https://www.sec.gov/Archives/edgar/data/1065280/000119312510036181/0001193125-10-036181-index.html,https://www.sec.gov/Archives/edgar/data/1065280/000119312510036181/d10k.htm
2008-12-31,NFLX,2009-02-25 00:00:00,2009-02-25 16:22:45,FY,83000000,242300000.0,-8400000,12264000,-24100000,0,0,7111000,145430000,-8700000,284000000,-43790000,0,-256959000,0,0,-145000000,-823000,18872000,-181000000,0,0,-176600000,0,-37600000,139400000,177000000,284000000,-207700000,76300000,https://www.sec.gov/Archives/edgar/data/1065280/000119312509037430/0001193125-09-037430-index.html,https://www.sec.gov/Archives/edgar/data/1065280/000119312509037430/d10k.htm
2007-12-31,NFLX,2008-02-28,2008-02-27 19:42:30,FY,66600000,225600000.0,-900000,11976000,15500000,0,0,-1217000,203956000,-29400000,277400000,-44256000,0,-405340000,0,0,-436000000,-15775000,9611000,-90200000,0,0,-64400000,0,-223000000,177000000,400000000,277400000,-253500000,23900000,https://www.sec.gov/Archives/edgar/data/1065280/000119312508040378/d10k.htm,https://www.sec.gov/Archives/edgar/data/1065280/000119312508040378/d10k.htm
2006-12-31,NFLX,2007-02-28,2007-02-28 16:40:18,FY,48800000,157799999.99999997,16000000,12696000,35200000,0,0,3208000,234971000,-9600000,248200000,-27333000,0,0,0,0,-185900000,-2324000,112964000,113000000,0,0,125900000,0,188200000,400200000,212000000,248200000,-197400000,50800000,https://www.sec.gov/Archives/edgar/data/1065280/000119312507042689/d10k.htm,https://www.sec.gov/Archives/edgar/data/1065280/000119312507042689/d10k.htm
2005-12-31,NFLX,2006-03-16 00:00:00,2006-03-16 16:01:50,FY,42000000,107000000.0,-34900000,14327000,32600000,0,0,13716000,106104000,10800000,157500000,-30619000,0,0,0,0,-133200000,-79000,13393000,13400000,0,0,13300000,200000,37800000,211800000,174000000,157500000,-139600000,17900000,https://www.sec.gov/Archives/edgar/data/1065280/000119312506056663/0001193125-06-056663-index.html,https://www.sec.gov/Archives/edgar/data/1065280/000119312506056663/d10k.htm
2004-12-31,NFLX,2005-03-15 00:00:00,2005-03-15 16:49:49,FY,21600000,88200000.0,0,16587000,21500000,0,0,17121000,92436000,14000000,145300000,-14962000,0,-586000,0,0,-66300000,-436000,6035000,6000000,0,0,5800000,-200000,84600000,174600000,90000000,145300000,-115800000,29500000,https://www.sec.gov/Archives/edgar/data/1065280/000119312505051159/0001193125-05-051159-index.html,https://www.sec.gov/Archives/edgar/data/1065280/000119312505051159/d10k.htm
2003-12-31,NFLX,2004-02-27 00:00:00,2004-02-27 17:06:16,FY,6500000,51000000.0,0,10719000,23100000,0,0,12304000,75927000,9200000,89800000,-8872000,0,-1679000,0,0,-64700000,-1334000,6299000,6300000,0,0,5000000,0,30100000,90100000,60000000,89800000,-64500000,25300000,https://www.sec.gov/Archives/edgar/data/1065280/000119312504031416/0001193125-04-031416-index.html,https://www.sec.gov/Archives/edgar/data/1065280/000119312504031416/d10k.htm
2002-12-31,NFLX,2003-03-31,2003-03-31 16:05:01,FY,-20900000,26500000.0,0,9831000,16000000,0,0,6635000,66649000,18600000,40100000,-2751000,0,-43022000,0,0,-67300000,-17144000,88020000,88000000,0,0,70900000,0,43700000,59700000,16000000,40100000,-26800000,13300000,https://www.sec.gov/Archives/edgar/data/1065280/000095016803001155/d10k.htm,https://www.sec.gov/Archives/edgar/data/1065280/000095016803001155/d10k.htm
2001-12-31,NFLX,,,FY,-39200000,29800000.0,0,0,6900000,0,0,-6000000,0,7300000,4800000,0,0,0,0,0,-12700000,0,0,100000,0,0,9100000,0,1200000,16200000,15000000,4800000,-12100000,-7300000,,
2000-12-31,NFLX,,,FY,-57400000,19800000.0,0,0,4800000,0,0,0,0,10000000,-22700000,0,0,0,0,0,-25000000,0,0,50300000,0,0,48400000,0,700000,700000,0,-22700000,-30100000,-52800000,,
1999-12-31,NFLX,,,FY,-29800000,4100000.0000000005,0,0,4100000,0,0,0,0,5100000,-16500000,0,0,0,0,0,-19700000,0,0,45900000,0,0,49400000,0,13100000,3807583000,3794483000,-16500000,-13200000,-29700000,,
