date,symbol,fillingDate,acceptedDate,period,netIncome,depreciationAndAmortization,deferredIncomeTax,stockBasedCompensation,changeInWorkingCapital,accountsReceivables,inventory,accountsPayables,otherWorkingCapital,otherNonCashItems,netCashProvidedByOperatingActivities,investmentsInPropertyPlantAndEquipment,acquisitionsNet,purchasesOfInvestments,salesMaturitiesOfInvestments,otherInvestingActivites,netCashUsedForInvestingActivites,debtRepayment,commonStockIssued,commonStockRepurchased,dividendsPaid,otherFinancingActivites,netCashUsedProvidedByFinancingActivities,effectOfForexChangesOnCash,netChangeInCash,cashAtEndOfPeriod,cashAtBeginningOfPeriod,operatingCashFlow,capitalExpenditure,freeCashFlow,link,finalLink
2019-12-31,PEI,2020-03-16 00:00:00,2020-03-13 18:57:54,FY,-13000000.0,142763000.0,0.0,7000000.0,18602000.0,0.0,0.0,0.0,-201528000.0,-36973000.0,111392000.0,0.0,0.0,0.0,0.0,-131350000.0,-131350000.0,-95000.0,0.0,1256000.0,-91162000.0,83234000.0,7141000.0,0.0,-12817000.0,5267000.0,18084000.0,111392000.0,-149106000.0,-37714000.0,https://www.sec.gov/Archives/edgar/data/77281/000156459020010906/0001564590-20-010906-index.html,https://www.sec.gov/Archives/edgar/data/77281/000156459020010906/pei-10k_20191231.htm
2018-12-31,PEI,2019-02-25 00:00:00,2019-02-25 17:11:07,FY,-126503000.0,136198000.0,0.0,500000.0,9775000.0,8122000.0,0.0,0.0,-8002000.0,115394000.0,134864000.0,0.0,0.0,0.0,0.0,-41567000.0,-41567000.0,-5529000.0,0.0,1410000.0,-86520000.0,-12047000.0,-94805000.0,0.0,-1508000.0,13840000.0,15348000.0,134864000.0,-128590000.0,6274000.0,https://www.sec.gov/Archives/edgar/data/77281/000007728119000017/0000077281-19-000017-index.html,https://www.sec.gov/Archives/edgar/data/77281/000007728119000017/a2018q410-k.htm
2017-12-31,PEI,2018-02-16 00:00:00,2018-02-16 14:09:30,FY,-32848000.0,131498000.0,0.0,500000.0,6445000.0,0.0,0.0,0.0,514000.0,36996000.0,142091000.0,0.0,0.0,0.0,0.0,-98279000.0,-105418000.0,-71000.0,0.0,173932000.0,-86054000.0,41485000.0,-32585000.0,0.0,4088000.0,13891000.0,9803000.0,142091000.0,-169182000.0,-27091000.0,https://www.sec.gov/Archives/edgar/data/77281/000007728118000018/0000077281-18-000018-index.html,https://www.sec.gov/Archives/edgar/data/77281/000007728118000018/a2017q410-k.htm
2016-12-31,PEI,2017-02-28 00:00:00,2017-02-28 14:49:31,FY,-12713000.0,129407000.0,0.0,600000.0,-7746000.0,0.0,0.0,0.0,-98171000.0,38661000.0,147609000.0,0.0,0.0,0.0,0.0,1971000.0,1971000.0,-3337000.0,0.0,1288000.0,-74220000.0,-91120000.0,-162632000.0,0.0,-13052000.0,9803000.0,22855000.0,147609000.0,-138625000.0,8984000.0,https://www.sec.gov/Archives/edgar/data/77281/000007728117000012/0000077281-17-000012-index.html,https://www.sec.gov/Archives/edgar/data/77281/000007728117000012/a2016q410-k.htm
2015-12-31,PEI,2016-02-26 00:00:00,2016-02-26 16:32:18,FY,-129567000.0,145254000.00000003,0.0,600000.0,-11726000.0,0.0,0.0,0.0,-1821000.0,131700000.0,135661000.0,0.0,0.0,0.0,0.0,-379099000.0,-379099000.0,-120000000.0,0.0,1393000.0,-73933000.0,426800000.0,225860000.0,0.0,-17578000.0,22855000.0,40433000.0,135661000.0,-403946000.0,-268285000.0,https://www.sec.gov/Archives/edgar/data/77281/000007728116000093/0000077281-16-000093-index.html,https://www.sec.gov/Archives/edgar/data/77281/000007728116000093/a2015q410-k.htm
2014-12-31,PEI,2015-02-23,2015-02-23 14:08:34,FY,-14262000.0,144600000.0,0.0,800000.0,2891000.0,0.0,0.0,0.0,80999000.0,11846000.0,145075000.0,0.0,0.0,0.0,0.0,31650000.0,31650000.0,-130000000.0,0.0,3270000.0,-70836000.0,54899000.0,-170522000.0,0.0,6203000.0,40403000.0,34200000.0,145075000.0,-134514000.0,10561000.0,https://www.sec.gov/Archives/edgar/data/77281/000007728115000010/q41410-k2014.htm,https://www.sec.gov/Archives/edgar/data/77281/000007728115000010/q41410-k2014.htm
2013-12-31,PEI,2014-02-28,2014-02-28 12:29:09,FY,37200000.0,146100000.0,0.0,800000.0,-5800000.0,0.0,0.0,0.0,-49331000.0,-41200000.0,136200000.0,0.0,0.0,0.0,0.0,30741000.0,30700000.0,-182000000.0,220511000.0,223500000.0,-64200000.0,-122686000.0,-166700000.0,0.0,200000.0,34200000.0,34000000.0,136200000.0,-144200000.0,-8000000.0,https://www.sec.gov/Archives/edgar/data/77281/000007728114000019/pei-20131231x10kxq4.htm,https://www.sec.gov/Archives/edgar/data/77281/000007728114000019/pei-20131231x10kxq4.htm
2012-12-31,PEI,2013-03-01 00:00:00,2013-03-01 11:10:18,FY,-42600000.0,144200000.0,0.0,500000.0,5800000.0,0.0,0.0,0.0,72463000.0,13000000.0,120300000.0,0.0,0.0,0.0,0.0,-88178000.0,-88200000.0,-58000000.0,0.0,189500000.0,-43100000.0,107771000.0,-20000000.0,0.0,12200000.0,34000000.0,21800000.0,120300000.0,-81600000.0,38700000.0,https://www.sec.gov/Archives/edgar/data/77281/000119312513086626/0001193125-13-086626-index.html,https://www.sec.gov/Archives/edgar/data/77281/000119312513086626/d444435d10k.htm
2011-12-31,PEI,2012-02-29 00:00:00,2012-02-29 15:33:38,FY,-93900000.0,148300000.0,0.0,9055000.0,-10600000.0,0.0,0.0,0.0,-33370000.0,61400000.0,105300000.0,0.0,0.0,0.0,0.0,-21772000.0,-21800000.0,-7200000.0,0.0,-1400000.0,-33400000.0,-41637000.0,-104000000.0,0.0,-20500000.0,21800000.0,42300000.0,105300000.0,-61400000.0,43900000.0,https://www.sec.gov/Archives/edgar/data/77281/000119312512088875/0001193125-12-088875-index.html,https://www.sec.gov/Archives/edgar/data/77281/000119312512088875/d277588d10k.htm
2010-12-31,PEI,2011-03-01,2011-03-01 16:44:56,FY,-54400000.0,176299999.99999997,0.0,8030000.0,2700000.0,10000000.0,0.0,0.0,83059000.0,-7800000.0,116800000.0,0.0,0.0,0.0,0.0,0.0,81000000.0,0.0,0.0,161100000.0,-31600000.0,0.0,-229700000.0,0.0,-31900000.0,42300000.0,74200000.0,116800000.0,-55700000.0,61100000.0,https://www.sec.gov/Archives/edgar/data/77281/000119312511052256/d10k.htm,https://www.sec.gov/Archives/edgar/data/77281/000119312511052256/d10k.htm
2009-12-31,PEI,2010-03-16 00:00:00,2010-03-16 16:41:01,FY,-90100000.0,175000000.0,0.0,7769000.0,4100000.0,0.0,0.0,0.0,129546000.0,47200000.0,136100000.0,0.0,-458000.0,0.0,0.0,0.0,-103400000.0,0.0,0.0,500000.0,-30900000.0,0.0,31700000.0,0.0,64500000.0,74300000.0,9800000.0,136100000.0,-167900000.0,-31800000.0,https://www.sec.gov/Archives/edgar/data/77281/000119312510058453/0001193125-10-058453-index.html,https://www.sec.gov/Archives/edgar/data/77281/000119312510058453/d10k.htm
2008-12-31,PEI,2009-03-02 00:00:00,2009-03-02 15:58:37,FY,-10400000.0,146900000.0,0.0,8634000.0,-19400000.0,-10000000.0,0.0,0.0,-1688514000.0,7800000.0,125000000.0,0.0,-11914000.0,0.0,0.0,0.0,-353200000.0,0.0,0.0,2600000.0,-89700000.0,0.0,210100000.0,0.0,-18100000.0,9800000.0,27900000.0,125000000.0,-344400000.0,-219400000.0,https://www.sec.gov/Archives/edgar/data/77281/000119312509042504/0001193125-09-042504-index.html,https://www.sec.gov/Archives/edgar/data/77281/000119312509042504/d10k.htm
2007-12-31,PEI,2008-02-29,2008-02-29 16:22:33,FY,23200000.0,122300000.0,0.0,7071000.0,3100000.0,0.0,0.0,0.0,-1566103000.0,1000000.0,149500000.0,0.0,-11657000.0,0.0,0.0,0.0,-242400000.0,0.0,0.0,-117800000.0,-95100000.0,0.0,105000000.0,0.0,12100000.0,27900000.0,15800000.0,149500000.0,-257900000.0,-108400000.0,https://www.sec.gov/Archives/edgar/data/77281/000119312508043701/d10k.htm,https://www.sec.gov/Archives/edgar/data/77281/000119312508043701/d10k.htm
2006-12-31,PEI,2007-03-01,2007-03-01 16:26:17,FY,28000000.0,115300000.0,0.0,5860000.0,12900000.0,0.0,0.0,0.0,-1511035000.0,2500000.0,158800000.0,0.0,-60858000.0,0.0,0.0,0.0,-182100000.0,0.0,0.0,5500000.0,-97400000.0,0.0,16300000.0,0.0,-7000000.0,14600000.0,21600000.0,158800000.0,-244900000.0,-86100000.0,https://www.sec.gov/Archives/edgar/data/77281/000089322007000542/w30894e10vk.htm,https://www.sec.gov/Archives/edgar/data/77281/000089322007000542/w30894e10vk.htm
2005-12-31,PEI,2006-03-13,2006-03-13 17:26:10,FY,57600000.0,94800000.0,0.0,3310000.0,-16400000.0,0.0,0.0,0.0,-1263932000.0,-6900000.0,129100000.0,0.0,-223002000.0,0.0,0.0,0.0,-326700000.0,0.0,0.0,-5200000.0,-95900000.0,0.0,179000000.0,0.0,-18700000.0,21600000.0,40300000.0,129100000.0,-349000000.0,-219900000.0,https://www.sec.gov/Archives/edgar/data/77281/000095011606000776/ten-k.htm,https://www.sec.gov/Archives/edgar/data/77281/000095011606000776/ten-k.htm
2004-12-31,PEI,2005-03-16,2005-03-16 16:28:31,FY,53800000.0,73700000.0,0.0,3369000.0,-17100000.0,0.0,0.0,0.0,-179428000.0,22100000.0,132400000.0,0.0,-162372000.0,0.0,0.0,0.0,-103900000.0,0.0,0.0,17900000.0,-91400000.0,0.0,-31100000.0,0.0,-2600000.0,46000000.0,48600000.0,132400000.0,-204700000.0,-72300000.0,https://www.sec.gov/Archives/edgar/data/77281/000095011605001038/tenk.htm,https://www.sec.gov/Archives/edgar/data/77281/000095011605001038/tenk.htm
2003-12-31,PEI,,,FY,196000000.0,40000000.0,0.0,0.0,-3800000.0,-14500000.0,0.0,0.0,0.0,-163000000.0,69200000.0,0.0,0.0,0.0,0.0,0.0,-305100000.0,0.0,0.0,205300000.0,-41600000.0,0.0,271000000.0,0.0,35100000.0,48700000.0,13600000.0,69200000.0,-520700000.0,-451500000.0,,
2002-12-31,PEI,,,FY,23700000.0,21400000.0,0.0,0.0,-16500000.0,-2900000.0,0.0,0.0,0.0,-100000.0,28500000.0,0.0,0.0,0.0,0.0,0.0,-24000000.0,0.0,0.0,10800000.0,-33200000.0,0.0,-1200000.0,0.0,3300000.0,13600000.0,10300000.0,28500000.0,-35200000.0,-6700000.0,,
2001-12-31,PEI,,,FY,19800000.0,18000000.0,0.0,0.0,-400000.0,-2800000.0,0.0,0.0,0.0,300000.0,37700000.0,0.0,0.0,0.0,0.0,0.0,-25400000.0,0.0,0.0,48300000.0,-29800000.0,0.0,-8100000.0,0.0,4200000.0,10300000.0,6100000.0,37700000.0,-43700000.0,-6000000.0,,
2000-12-31,PEI,2001-03-30 00:00:00,2001-03-30 00:00:00,FY,32300000.0,16200000.0,0.0,0.0,-1100000.0,-1300000.0,0.0,0.0,0.0,-3200000.0,44100000.0,0.0,0.0,0.0,0.0,0.0,-36400000.0,0.0,0.0,600000.0,-25700000.0,0.0,-8800000.0,0.0,-1100000.0,2100000.0,3200000.0,44100000.0,-50500000.0,-6400000.0,https://www.sec.gov/Archives/edgar/data/77281/000095011601000544/0000950116-01-000544-index.html,https://www.sec.gov/Archives/edgar/data/77281/000095011601000544/0000950116-01-000544-0001.txt
1999-12-31,PEI,,,FY,20700000.0,14200000.0,0.0,0.0,-7200000.0,-2700000.0,0.0,0.0,0.0,4500000.0,32300000.0,0.0,0.0,0.0,0.0,0.0,-64900000.0,0.0,0.0,300000.0,-25000000.0,0.0,29700000.0,0.0,-2900000.0,3200000.0,6100000.0,32300000.0,-63800000.0,-31500000.0,,
1998-12-31,PEI,,,FY,23200000.0,9400000.0,0.0,0.0,-700000.0,-3100000.0,0.0,0.0,0.0,-700000.0,31100000.0,0.0,0.0,0.0,0.0,0.0,-159700000.0,0.0,0.0,200000.0,-25000000.0,0.0,133400000.0,0.0,4800000.0,6100000.0,1300000.0,31100000.0,-156700000.0,-125600000.0,,
1997-12-31,PEI,,,FY,6000000.0,2700000.0,0.0,0.0,-2700000.0,200000.0,0.0,0.0,0.0,-1600000.0,4300000.0,0.0,0.0,0.0,0.0,0.0,-57300000.0,0.0,0.0,96800000.0,-4100000.0,0.0,53000000.0,0.0,-100000.0,1300000.0,1400000.0,4300000.0,-49200000.0,-44900000.0,,
1997-08-31,PEI,1997-11-28 00:00:00,1997-11-28 00:00:00,FY,10200000.0,6300000.0,0.0,0.0,-500000.0,0.0,0.0,0.0,0.0,-800000.0,15200000.0,0.0,0.0,0.0,0.0,0.0,7700000.0,0.0,0.0,200000.0,-16300000.0,0.0,-22600000.0,0.0,400000.0,1400000.0,1000000.0,15200000.0,-3900000.0,11300000.0,https://www.sec.gov/Archives/edgar/data/77281/000095011697002203/0000950116-97-002203-index.html,https://www.sec.gov/Archives/edgar/data/77281/0000950116-97-002203.txt
1996-08-31,PEI,1996-11-29 00:00:00,1996-11-29 00:00:00,FY,11000000.0,5900000.0,0.0,0.0,-800000.0,-300000.0,0.0,0.0,0.0,-1300000.0,14800000.0,0.0,0.0,0.0,0.0,0.0,1200000.0,0.0,0.0,0.0,-16300000.0,0.0,-16100000.0,0.0,-100000.0,1000000.0,1100000.0,14800000.0,-3700000.0,11100000.0,https://www.sec.gov/Archives/edgar/data/77281/000095011696001387/0000950116-96-001387-index.html,https://www.sec.gov/Archives/edgar/data/77281/0000950116-96-001387.txt
1995-08-31,PEI,1995-11-29 00:00:00,1995-11-29 00:00:00,FY,11200000.0,5300000.0,0.0,0.0,500000.0,0.0,0.0,0.0,0.0,-300000.0,16700000.0,0.0,0.0,0.0,0.0,0.0,-40100000.0,0.0,0.0,100000.0,-16300000.0,0.0,22400000.0,0.0,-1100000.0,1100000.0,2200000.0,16700000.0,-38100000.0,-21400000.0,https://www.sec.gov/Archives/edgar/data/77281/000095011695000545/0000950116-95-000545-index.html,https://www.sec.gov/Archives/edgar/data/77281/0000950116-95-000545.txt
1994-08-31,PEI,1994-11-29 00:00:00,1994-11-29 00:00:00,FY,20700000.0,3500000.0,0.0,0.0,2000000.0,100000.0,0.0,0.0,0.0,-10300000.0,15900000.0,0.0,0.0,0.0,0.0,0.0,-18500000.0,0.0,0.0,300000.0,-16100000.0,0.0,3300000.0,0.0,700000.0,2200000.0,1500000.0,15900000.0,-37100000.0,-21200000.0,https://www.sec.gov/Archives/edgar/data/77281/000095011694000169/0000950116-94-000169-index.html,https://www.sec.gov/Archives/edgar/data/77281/0000950116-94-000169.txt
1993-08-31,PEI,,,FY,14000000.0,2800000.0,0.0,0.0,-300000.0,-100000.0,0.0,0.0,0.0,-3500000.0,13000000.0,0.0,0.0,0.0,0.0,0.0,-38700000.0,0.0,0.0,100000.0,-15400000.0,0.0,25900000.0,0.0,300000.0,1500000.0,1200000.0,13000000.0,-48300000.0,-35300000.0,,
1992-08-31,PEI,,,FY,8700000.0,2100000.0,0.0,0.0,-800000.0,1300000.0,0.0,0.0,0.0,300000.0,10300000.0,0.0,0.0,0.0,0.0,0.0,-13000000.0,0.0,0.0,9200000.0,-11100000.0,0.0,0.0,0.0,-2700000.0,1200000.0,3900000.0,10300000.0,-2500000.0,7800000.0,,
1991-08-31,PEI,,,FY,10400000.0,2000000.0,0.0,0.0,200000.0,-600000.0,0.0,0.0,0.0,-1300000.0,11300000.0,0.0,0.0,0.0,0.0,0.0,12100000.0,0.0,0.0,-1300000.0,-14000000.0,0.0,-21400000.0,0.0,2000000.0,3900000.0,1900000.0,11300000.0,-1600000.0,9700000.0,,
1990-08-31,PEI,,,FY,10100000.0,1800000.0,0.0,0.0,200000.0,-400000.0,0.0,0.0,0.0,2300000.0,14400000.0,0.0,0.0,0.0,0.0,0.0,3500000.0,0.0,0.0,0.0,-14100000.0,0.0,-18400000.0,0.0,-500000.0,1900000.0,2400000.0,14400000.0,-1900000.0,12500000.0,,
1989-08-31,PEI,,,FY,10800000.0,1700000.0,0.0,0.0,600000.0,200000.0,0.0,0.0,0.0,1400000.0,14400000.0,0.0,0.0,0.0,0.0,0.0,1100000.0,0.0,0.0,0.0,-13600000.0,0.0,-14000000.0,0.0,1500000.0,2400000.0,900000.0,14400000.0,-1000000.0,13400000.0,,
1988-08-31,PEI,,,FY,11000000.0,1600000.0,0.0,0.0,-100000.0,300000.0,0.0,0.0,0.0,1000000.0,13600000.0,0.0,0.0,0.0,0.0,0.0,-1600000.0,0.0,0.0,0.0,-12900000.0,0.0,-12100000.0,0.0,-200000.0,800000.0,1000000.0,13600000.0,-900000.0,12700000.0,,
1987-08-31,PEI,,,FY,11600000.0,1600000.0,-700000.0,0.0,500000.0,400000.0,0.0,0.0,0.0,-1800000.0,11200000.0,0.0,0.0,0.0,0.0,0.0,1100000.0,0.0,0.0,0.0,-12200000.0,0.0,-13600000.0,0.0,-1300000.0,-600000.0,700000.0,11200000.0,-800000.0,10400000.0,,
1986-08-31,PEI,,,FY,11000000.0,1500000.0,-500000.0,0.0,-300000.0,-200000.0,0.0,0.0,0.0,-900000.0,10800000.0,0.0,0.0,0.0,0.0,0.0,4100000.0,0.0,0.0,0.0,-11100000.0,0.0,-14200000.0,0.0,700000.0,1500000.0,800000.0,10800000.0,-1100000.0,9700000.0,,
