date,symbol,fillingDate,acceptedDate,period,netIncome,depreciationAndAmortization,deferredIncomeTax,stockBasedCompensation,changeInWorkingCapital,accountsReceivables,inventory,accountsPayables,otherWorkingCapital,otherNonCashItems,netCashProvidedByOperatingActivities,investmentsInPropertyPlantAndEquipment,acquisitionsNet,purchasesOfInvestments,salesMaturitiesOfInvestments,otherInvestingActivites,netCashUsedForInvestingActivites,debtRepayment,commonStockIssued,commonStockRepurchased,dividendsPaid,otherFinancingActivites,netCashUsedProvidedByFinancingActivities,effectOfForexChangesOnCash,netChangeInCash,cashAtEndOfPeriod,cashAtBeginningOfPeriod,operatingCashFlow,capitalExpenditure,freeCashFlow,link,finalLink
2019-12-31,PFMT,2020-04-29,2020-04-29 17:23:47,FY,-26820000.0,8536000.0,13000.0,2311000.0,-9222000.0,-6291000.0,0.0,1130000.0,17567000.0,12070000.0,-15423000.0,-4856000.0,0.0,0.0,0.0,0.0,-4856000.0,-466000.0,0.0,34000.0,0.0,21372000.0,17999000.0,0.0,-2280000.0,3182000.0,5462000.0,-15423000.0,-4856000.0,-20279000.0,https://www.sec.gov/Archives/edgar/data/1550695/000155069520000025/a10k12312019.htm,https://www.sec.gov/Archives/edgar/data/1550695/000155069520000025/a10k12312019.htm
2018-12-31,PFMT,2019-04-01,2019-04-01 16:41:18,FY,-8010000.0,10234000.0,490000.0,2750000.0,-2196000.0,-6695000.0,0.0,-445000.0,17666000.0,-12667000.0,-12149000.0,-7645000.0,0.0,0.0,0.0,2285000.0,-5360000.0,-663000.0,0.0,187000.0,0.0,6759000.0,1297000.0,-32000.0,-16244000.0,5487000.0,21731000.0,-12149000.0,-7645000.0,-19794000.0,https://www.sec.gov/Archives/edgar/data/1550695/000155069519000022/a10k12312018.htm,https://www.sec.gov/Archives/edgar/data/1550695/000155069519000022/a10k12312018.htm
2017-12-31,PFMT,2018-03-14 00:00:00,2018-03-14 16:26:03,FY,-12729000.0,10888000.0,3733000.0,3740000.0,-6522000.0,-1010000.0,0.0,890000.0,12450000.0,7604000.0,2974000.0,-7259000.0,0.0,0.0,0.0,0.0,-7259000.0,-385000.0,0.0,155000.0,0.0,9054000.0,-12677000.0,-3000.0,-16965000.0,16017000.0,32982000.0,2974000.0,-7259000.0,-4285000.0,https://www.sec.gov/Archives/edgar/data/1550695/000155069518000006/0001550695-18-000006-index.html,https://www.sec.gov/Archives/edgar/data/1550695/000155069518000006/a10k12312017.htm
2016-12-31,PFMT,2017-03-13 00:00:00,2017-03-13 16:48:20,FY,-11453000.0,13380000.0,-6912000.0,4713000.0,874000.0,6481000.0,0.0,-301000.0,20543000.0,21895000.0,17784000.0,-7866000.0,0.0,0.0,0.0,0.0,-7866000.0,-266000.0,0.0,337000.0,0.0,-15157000.0,-40637000.0,21000.0,-30698000.0,40484000.0,71182000.0,17784000.0,-7866000.0,9918000.0,https://www.sec.gov/Archives/edgar/data/1550695/000155069517000005/0001550695-17-000005-index.html,https://www.sec.gov/Archives/edgar/data/1550695/000155069517000005/a2016123110k.htm
2015-12-31,PFMT,2016-03-15 00:00:00,2016-03-15 13:30:48,FY,-1795000.0,13132000.0,-2943000.0,5009000.0,1875000.0,-2918000.0,0.0,-441000.0,55534000.0,5902000.0,16171000.0,-7895000.0,0.0,0.0,0.0,1268000.0,-6627000.0,-90000.0,0.0,37000.0,0.0,52491000.0,-18691000.0,31000.0,-9116000.0,71182000.0,80298000.0,16171000.0,-7895000.0,8276000.0,https://www.sec.gov/Archives/edgar/data/1550695/000155069516000050/0001550695-16-000050-index.html,https://www.sec.gov/Archives/edgar/data/1550695/000155069516000050/a2015123110k.htm
2014-12-31,PFMT,2015-03-13,2015-03-13 09:35:16,FY,9400000.0,12450000.0,-1703000.0,3707000.0,2802000.0,4602000.0,0.0,-1013000.0,65132000.0,4917000.0,27866000.0,-10146000.0,0.0,0.0,0.0,0.0,-10146000.0,10185000.0,0.0,610000.0,0.0,-19331000.0,-19331000.0,0.0,-1611000.0,80289000.0,81900000.0,27866000.0,-10146000.0,17720000.0,https://www.sec.gov/Archives/edgar/data/1550695/000155069515000008/a2014123110k.htm,https://www.sec.gov/Archives/edgar/data/1550695/000155069515000008/a2014123110k.htm
2013-12-31,PFMT,2014-03-14,2014-03-14 13:46:52,FY,36340000.0,10660000.0,-1710000.0,2994000.0,11680000.0,3395000.0,0.0,980000.0,68191000.0,4240000.0,61210000.0,-12503000.0,0.0,0.0,0.0,0.0,-12500000.0,17396000.0,0.0,1770000.0,0.0,-4637000.0,-4640000.0,0.0,44070000.0,81870000.0,37800000.0,61210000.0,-12500000.0,48710000.0,https://www.sec.gov/Archives/edgar/data/1550695/000155069514000005/a2013123110k.htm,https://www.sec.gov/Archives/edgar/data/1550695/000155069514000005/a2013123110k.htm
2012-12-31,PFMT,2013-03-21 00:00:00,2013-03-21 17:08:29,FY,22950000.0,9510000.0,-1830000.0,1614000.0,3160000.0,-3646000.0,0.0,1343000.0,31708000.0,3220000.0,37010000.0,-11356000.0,0.0,-1225000.0,0.0,388000.0,-12190000.0,18037000.0,2323000.0,-48710000.0,0.0,-6310000.0,-6970000.0,0.0,17840000.0,37840000.0,20000000.0,37010000.0,-12190000.0,24820000.0,https://www.sec.gov/Archives/edgar/data/1550695/000119312513119713/0001193125-13-119713-index.html,https://www.sec.gov/Archives/edgar/data/1550695/000119312513119713/d459986d10k.htm
2011-12-31,PFMT,,,FY,12370000.0,7770000.0,-9640000.0,0.0,3820000.0,-5400000.0,0.0,0.0,0.0,14670000.0,28990000.0,0.0,0.0,0.0,0.0,0.0,-6110000.0,0.0,0.0,0.0,0.0,0.0,-13950000.0,0.0,8930000.0,20030000.0,11100000.0,28990000.0,-6110000.0,22880000.0,,
2010-12-31,PFMT,,,FY,9980000.0,7210000.0,30000.0,0.0,-1530000.0,0.0,0.0,0.0,0.0,2520000.0,18210000.0,0.0,0.0,0.0,0.0,0.0,-4920000.0,0.0,0.0,0.0,0.0,0.0,-11140000.0,0.0,2150000.0,11050000.0,8900000.0,18210000.0,-4920000.0,13290000.0,,
2009-12-31,PFMT,,,FY,5010000.0,9620000.0,-2920000.0,0.0,360000.0,0.0,0.0,0.0,0.0,3560000.0,15630000.0,0.0,0.0,0.0,0.0,0.0,-4880000.0,0.0,0.0,0.0,0.0,0.0,-10940000.0,0.0,-180000.0,8920000.0,9100000.0,15630000.0,-4880000.0,10750000.0,,
