date,symbol,fillingDate,acceptedDate,period,netIncome,depreciationAndAmortization,deferredIncomeTax,stockBasedCompensation,changeInWorkingCapital,accountsReceivables,inventory,accountsPayables,otherWorkingCapital,otherNonCashItems,netCashProvidedByOperatingActivities,investmentsInPropertyPlantAndEquipment,acquisitionsNet,purchasesOfInvestments,salesMaturitiesOfInvestments,otherInvestingActivites,netCashUsedForInvestingActivites,debtRepayment,commonStockIssued,commonStockRepurchased,dividendsPaid,otherFinancingActivites,netCashUsedProvidedByFinancingActivities,effectOfForexChangesOnCash,netChangeInCash,cashAtEndOfPeriod,cashAtBeginningOfPeriod,operatingCashFlow,capitalExpenditure,freeCashFlow,link,finalLink
2019-10-31,SHLO,2019-12-20 00:00:00,2019-12-20 11:13:46,FY,-19947000.0,46753000.0,-3013000.0,2035000.0,-4079000.0,34114000.0,7083000.0,-41644000.0,67861000.0,11532000.0,31246000.0,0.0,0.0,0.0,0.0,-36977000.0,-36977000.0,-1954000.0,0.0,0.0,0.0,4818000.0,2864000.0,344000.0,-2523000.0,14320000.0,16843000.0,31246000.0,-55225000.0,-23979000.0,https://www.sec.gov/Archives/edgar/data/904979/000090497919000023/0000904979-19-000023-index.html,https://www.sec.gov/Archives/edgar/data/904979/000090497919000023/shlo1031201910-kfy19.htm
2018-10-31,SHLO,2018-12-20 00:00:00,2018-12-20 13:20:22,FY,11479000.0,45728000.0,-9770000.0,1984000.0,1134000.0,-1426000.0,412000.0,-1462000.0,89345000.0,4655000.0,53226000.0,0.0,-62514000.0,0.0,0.0,-46543000.0,-109057000.0,-105000.0,0.0,73000.0,0.0,80648000.0,63700000.0,238000.0,8107000.0,16843000.0,8736000.0,53226000.0,-50135000.0,3091000.0,https://www.sec.gov/Archives/edgar/data/904979/000090497918000054/0000904979-18-000054-index.html,https://www.sec.gov/Archives/edgar/data/904979/000090497918000054/shlo1031201810-k.htm
2017-10-31,SHLO,2018-01-05 00:00:00,2018-01-05 15:21:21,FY,-697000.0,41648000.0,4174000.0,1698000.0,19431000.0,-2919000.0,-888000.0,16715000.0,78636000.0,11759000.0,76315000.0,0.0,0.0,0.0,0.0,-39620000.0,-39620000.0,-1779000.0,40227000.0,40305000.0,0.0,-67235000.0,-37523000.0,868000.0,40000.0,8736000.0,8696000.0,76315000.0,-48395000.0,27920000.0,https://www.sec.gov/Archives/edgar/data/904979/000090497918000006/0000904979-18-000006-index.html,https://www.sec.gov/Archives/edgar/data/904979/000090497918000006/shlo1031201710-k.htm
2016-10-31,SHLO,2017-01-17 00:00:00,2017-01-17 17:00:56,FY,3669000.0,37645000.0,-2704000.0,1072000.0,25198000.0,10975000.0,-2408000.0,-1843000.0,90106000.0,5553000.0,69361000.0,0.0,0.0,0.0,0.0,-28316000.0,-28316000.0,-1785000.0,0.0,0.0,0.0,-33065000.0,-43546000.0,-1903000.0,-4404000.0,8696000.0,13100000.0,69361000.0,-28324000.0,41037000.0,https://www.sec.gov/Archives/edgar/data/904979/000090497917000006/0000904979-17-000006-index.html,https://www.sec.gov/Archives/edgar/data/904979/000090497917000006/shlo10311610-k.htm
2015-10-31,SHLO,2016-01-14 00:00:00,2016-01-14 15:39:43,FY,5905000.0,34267000.0,4263000.0,1025000.0,-43353000.0,-27595000.0,989000.0,-6394000.0,125059000.0,2291000.0,3373000.0,0.0,195000.0,0.0,0.0,-28024000.0,-27701000.0,-5529000.0,0.0,159000.0,0.0,44749000.0,26120000.0,-706000.0,1086000.0,13086000.0,12000000.0,3373000.0,-39376000.0,-36003000.0,https://www.sec.gov/Archives/edgar/data/904979/000090497916000048/0000904979-16-000048-index.html,https://www.sec.gov/Archives/edgar/data/904979/000090497916000048/shlo1031201510-k.htm
2014-10-31,SHLO,2015-01-13,2015-01-13 11:55:27,FY,19920000.0,27840000.0,840000.0,579000.0,-15760000.0,-10444000.0,-6150000.0,3327000.0,104030000.0,-3810000.0,29020000.0,0.0,-124544000.0,-2000000.0,967000.0,-34916000.0,-159410000.0,-776000.0,0.0,1060000.0,0.0,155316000.0,142530000.0,-520000.0,11620000.0,12020000.0,400000.0,29020000.0,-39590000.0,-10570000.0,https://www.sec.gov/Archives/edgar/data/904979/000090497915000005/shlo1031201410-k.htm,https://www.sec.gov/Archives/edgar/data/904979/000090497915000005/shlo1031201410-k.htm
2013-10-31,SHLO,2013-12-23 00:00:00,2013-12-23 15:22:24,FY,21570000.0,20880000.0,590000.0,738000.0,-5090000.0,-28098000.0,7162000.0,12802000.0,49838000.0,870000.0,38810000.0,0.0,-104470000.0,0.0,0.0,-26923000.0,-131390000.0,-1963000.0,0.0,300000.0,-4250000.0,99411000.0,92800000.0,0.0,220000.0,420000.0,200000.0,38810000.0,-27440000.0,11370000.0,https://www.sec.gov/Archives/edgar/data/904979/000090497913000041/0000904979-13-000041-index.html,https://www.sec.gov/Archives/edgar/data/904979/000090497913000041/shlo1031201310-k.htm
2013-01-31,SHLO,,2013-03-01 15:42:26,FY,0.0,0.0,0.0,0.0,15978000.0,0.0,0.0,0.0,58342000.0,0.0,0.0,0.0,0.0,0.0,0.0,140000.0,140000.0,0.0,0.0,-140000.0,0.0,140000.0,0.0,0.0,140000.0,140000.0,0.0,0.0,0.0,0.0,,
2012-10-31,SHLO,2012-12-21 00:00:00,2012-12-21 17:00:25,FY,13530000.0,18790000.0,1900000.0,754000.0,-8840000.0,-1026000.0,-10711000.0,-3116000.0,42364000.0,150000.0,25520000.0,0.0,0.0,0.0,0.0,-12725000.0,-12730000.0,-90000.0,0.0,420000.0,-8420000.0,884000.0,-12650000.0,0.0,150000.0,150000.0,0.0,25520000.0,-17100000.0,8420000.0,https://www.sec.gov/Archives/edgar/data/904979/000090497912000031/0000904979-12-000031-index.html,https://www.sec.gov/Archives/edgar/data/904979/000090497912000031/shlo1031201210-k.htm
2011-10-31,SHLO,2011-12-21 00:00:00,2011-12-20 18:13:29,FY,7850000.0,22370000.0,1920000.0,799000.0,-13230000.0,-4006000.0,-13057000.0,3968000.0,35328000.0,1390000.0,20290000.0,0.0,0.0,0.0,0.0,-18204000.0,-18200000.0,-270000.0,0.0,570000.0,-2000000.0,-77000.0,-2100000.0,0.0,-10000.0,-10000.0,0.0,20290000.0,-18450000.0,1840000.0,https://www.sec.gov/Archives/edgar/data/904979/000090497911000020/0000904979-11-000020-index.html,https://www.sec.gov/Archives/edgar/data/904979/000090497911000020/shlo1031201110-k.htm
2010-10-31,SHLO,2010-12-17 00:00:00,2010-12-17 08:50:56,FY,3860000.0,26220000.0,-3220000.0,646000.0,-3750000.0,-6757000.0,2619000.0,0.0,27850000.0,6060000.0,29180000.0,0.0,0.0,0.0,0.0,0.0,-3790000.0,0.0,0.0,190000.0,0.0,0.0,-25490000.0,0.0,-90000.0,10000.0,100000.0,29180000.0,-3850000.0,25330000.0,https://www.sec.gov/Archives/edgar/data/904979/000119312510282883/0001193125-10-282883-index.html,https://www.sec.gov/Archives/edgar/data/904979/000119312510282883/d10k.htm
2009-10-31,SHLO,2009-12-18 00:00:00,2009-12-17 18:02:42,FY,-17780000.0,29490000.0,-1300000.0,625000.0,8380000.0,6402000.0,10674000.0,0.0,24987000.0,1840000.0,20630000.0,0.0,0.0,0.0,0.0,0.0,-6290000.0,-2000.0,0.0,250000.0,0.0,0.0,-16430000.0,0.0,-2080000.0,120000.0,2200000.0,20630000.0,-7300000.0,13330000.0,https://www.sec.gov/Archives/edgar/data/904979/000119312509255035/0001193125-09-255035-index.html,https://www.sec.gov/Archives/edgar/data/904979/000119312509255035/d10k.htm
2008-10-31,SHLO,2008-12-18 00:00:00,2008-12-18 13:23:41,FY,6820000.0,32770000.0,-1160000.0,512000.0,5850000.0,27418000.0,-1867000.0,0.0,40178000.0,1620000.0,45890000.0,0.0,0.0,0.0,0.0,0.0,-8260000.0,-80000.0,0.0,10000.0,-16360000.0,0.0,-35550000.0,0.0,2080000.0,2180000.0,100000.0,45890000.0,-8700000.0,37190000.0,https://www.sec.gov/Archives/edgar/data/904979/000119312508255693/0001193125-08-255693-index.html,https://www.sec.gov/Archives/edgar/data/904979/000119312508255693/d10k.htm
2007-10-31,SHLO,2007-12-20 00:00:00,2007-12-20 14:28:01,FY,9550000.0,31870000.0,-2390000.0,418000.0,22040000.0,2980000.0,12299000.0,0.0,21015000.0,880000.0,61950000.0,0.0,0.0,1800000.0,0.0,0.0,-7440000.0,-344000.0,0.0,230000.0,-40870000.0,0.0,-54750000.0,0.0,-240000.0,160000.0,400000.0,61950000.0,-9260000.0,52690000.0,https://www.sec.gov/Archives/edgar/data/904979/000119312507268981/0001193125-07-268981-index.html,https://www.sec.gov/Archives/edgar/data/904979/000119312507268981/d10k.htm
2006-10-31,SHLO,2006-12-22,2006-12-21 17:37:18,FY,7120000.0,34430000.0,-3550000.0,321000.0,-9020000.0,10872000.0,-14986000.0,0.0,35019000.0,5530000.0,34510000.0,0.0,0.0,-252000.0,0.0,0.0,-19050000.0,-326000.0,0.0,310000.0,0.0,0.0,-15750000.0,0.0,-290000.0,410000.0,700000.0,34510000.0,-19360000.0,15150000.0,https://www.sec.gov/Archives/edgar/data/904979/000119312506258276/d10k.htm,https://www.sec.gov/Archives/edgar/data/904979/000119312506258276/d10k.htm
2005-10-31,SHLO,2005-12-21,2005-12-21 13:47:30,FY,26750000.0,33530000.0,1000000.0,106000.0,-47050000.0,-26148000.0,7522000.0,0.0,26392000.0,3760000.0,18000000.0,0.0,0.0,-252000.0,0.0,0.0,-22430000.0,-98000.0,0.0,-4330000.0,0.0,0.0,1620000.0,0.0,-2810000.0,690000.0,3500000.0,18000000.0,-22390000.0,-4390000.0,https://www.sec.gov/Archives/edgar/data/904979/000119312505246424/d10k.htm,https://www.sec.gov/Archives/edgar/data/904979/000119312505246424/d10k.htm
2004-10-31,SHLO,2004-12-22,2004-12-22 14:32:20,FY,18760000.0,33140000.0,10880000.0,447000.0,17360000.0,-20241000.0,970000.0,0.0,1448000.0,2370000.0,82500000.0,0.0,0.0,0.0,0.0,0.0,-14150000.0,-101000.0,0.0,460000.0,0.0,0.0,-65450000.0,0.0,2910000.0,3510000.0,600000.0,82500000.0,-13950000.0,68550000.0,https://www.sec.gov/Archives/edgar/data/904979/000119312504218315/d10k.htm,https://www.sec.gov/Archives/edgar/data/904979/000119312504218315/d10k.htm
2003-10-31,SHLO,2004-01-23,2004-01-23 15:24:25,FY,3610000.0,29590000.0,3570000.0,531000.0,31300000.0,12241000.0,24005000.0,0.0,-15067000.0,3030000.0,71100000.0,0.0,1472000.0,-253000.0,0.0,0.0,-20850000.0,-31000.0,0.0,110000.0,0.0,0.0,-51480000.0,0.0,-1230000.0,570000.0,1800000.0,71100000.0,-22120000.0,48980000.0,https://www.sec.gov/Archives/edgar/data/904979/000119312504008218/d10k.htm,https://www.sec.gov/Archives/edgar/data/904979/000119312504008218/d10k.htm
2002-10-31,SHLO,2003-01-24,2003-01-24 12:28:43,FY,-26760000.0,29050000.0,11070000.0,446000.0,13300000.0,14184000.0,-3626000.0,0.0,43921000.0,21800000.0,48460000.0,0.0,1326000.0,-252000.0,0.0,0.0,4620000.0,-1413000.0,0.0,0.0,0.0,0.0,-56010000.0,0.0,-2930000.0,1770000.0,4700000.0,48460000.0,-16960000.0,31500000.0,https://www.sec.gov/Archives/edgar/data/904979/000095016803000201/d10k.htm,https://www.sec.gov/Archives/edgar/data/904979/000095016803000201/d10k.htm
2001-10-31,SHLO,,,FY,-35480000.0,28160000.0,-12920000.0,0.0,23650000.0,32400000.0,9300000.0,10800000.0,0.0,780000.0,4200000.0,0.0,0.0,0.0,0.0,0.0,-18710000.0,0.0,0.0,0.0,0.0,0.0,18050000.0,0.0,3540000.0,4740000.0,1200000.0,4200000.0,-41170000.0,-36970000.0,,
2000-10-31,SHLO,,,FY,-13030000.0,23820000.0,-11420000.0,0.0,12000000.0,-47900000.0,-20600000.0,-50900000.0,0.0,32650000.0,44020000.0,0.0,0.0,0.0,0.0,0.0,-137040000.0,0.0,0.0,0.0,0.0,0.0,92620000.0,0.0,-400000.0,1200000.0,1600000.0,44020000.0,-66190000.0,-22170000.0,,
1999-10-31,SHLO,,,FY,14270000.0,18300000.0,6820000.0,0.0,-26460000.0,-32900000.0,-2300000.0,-14800000.0,0.0,-530000.0,12400000.0,0.0,0.0,0.0,0.0,0.0,-46970000.0,0.0,0.0,0.0,0.0,0.0,35500000.0,0.0,930000.0,1530000.0,600000.0,12400000.0,-58420000.0,-46020000.0,,
1998-10-31,SHLO,,,FY,15540000.0,15270000.0,4340000.0,0.0,-6530000.0,3400000.0,-13700000.0,-2900000.0,0.0,-390000.0,28230000.0,0.0,0.0,0.0,0.0,0.0,-67900000.0,0.0,0.0,660000.0,0.0,0.0,40120000.0,0.0,450000.0,650000.0,200000.0,28230000.0,-67970000.0,-39740000.0,,
1997-10-31,SHLO,,,FY,20090000.0,11010000.0,2810000.0,0.0,-2130000.0,-17100000.0,-12500000.0,-11300000.0,0.0,-450000.0,31340000.0,0.0,0.0,0.0,0.0,0.0,-76700000.0,0.0,0.0,370000.0,0.0,0.0,43840000.0,0.0,-1530000.0,170000.0,1700000.0,31340000.0,-63160000.0,-31820000.0,,
1996-10-31,SHLO,,,FY,7680000.0,7170000.0,1290000.0,0.0,-5090000.0,-1200000.0,2400000.0,-1100000.0,0.0,5520000.0,16560000.0,0.0,0.0,0.0,0.0,0.0,-46860000.0,0.0,0.0,0.0,0.0,0.0,29630000.0,0.0,-670000.0,1730000.0,2400000.0,16560000.0,-37480000.0,-20920000.0,,
1995-10-31,SHLO,,,FY,14180000.0,6470000.0,680000.0,0.0,4910000.0,-3200000.0,2100000.0,-400000.0,0.0,-770000.0,25460000.0,0.0,0.0,0.0,0.0,0.0,-25220000.0,0.0,0.0,200000.0,0.0,0.0,630000.0,0.0,870000.0,2370000.0,1500000.0,25460000.0,-25520000.0,-60000.0,,
1994-10-31,SHLO,,,FY,8490000.0,6060000.0,220000.0,0.0,-1700000.0,3400000.0,-6400000.0,-500000.0,0.0,1870000.0,14930000.0,0.0,0.0,0.0,0.0,0.0,-12710000.0,0.0,0.0,370000.0,0.0,0.0,-3680000.0,0.0,-1450000.0,1550000.0,3000000.0,14930000.0,-12820000.0,2110000.0,,
1993-10-31,SHLO,,,FY,8860000.0,6450000.0,900000.0,0.0,-3230000.0,-7600000.0,2700000.0,-200000.0,0.0,0.0,12980000.0,0.0,0.0,0.0,0.0,0.0,-13880000.0,0.0,0.0,37780000.0,0.0,0.0,1900000.0,0.0,1000000.0,3000000.0,2000000.0,12980000.0,-13230000.0,-250000.0,,
1992-10-31,SHLO,,,FY,6990000.0,5090000.0,330000.0,0.0,-4160000.0,-4500000.0,-5000000.0,2000000.0,0.0,200000.0,8440000.0,0.0,0.0,0.0,0.0,0.0,-42790000.0,0.0,0.0,0.0,-30000.0,0.0,35730000.0,0.0,1390000.0,1990000.0,600000.0,8440000.0,-15580000.0,-7140000.0,,
1991-10-31,SHLO,,,FY,3680000.0,4160000.0,700000.0,0.0,-4780000.0,0.0,0.0,0.0,0.0,100000.0,3860000.0,0.0,0.0,0.0,0.0,0.0,-4060000.0,0.0,0.0,0.0,-30000.0,0.0,-20000.0,0.0,-230000.0,-230000.0,0.0,3860000.0,-4080000.0,-220000.0,,
1990-10-31,SHLO,,,FY,4820000.0,3370000.0,550000.0,0.0,-930000.0,0.0,0.0,0.0,0.0,40000.0,7840000.0,0.0,0.0,0.0,0.0,0.0,-16130000.0,0.0,0.0,-70000.0,-30000.0,0.0,7490000.0,0.0,-800000.0,16043000.0,16843000.0,7840000.0,-16210000.0,-8370000.0,,
