date,symbol,reportedCurrency,fillingDate,acceptedDate,period,netIncome,depreciationAndAmortization,deferredIncomeTax,stockBasedCompensation,changeInWorkingCapital,accountsReceivables,inventory,accountsPayables,otherWorkingCapital,otherNonCashItems,netCashProvidedByOperatingActivities,investmentsInPropertyPlantAndEquipment,acquisitionsNet,purchasesOfInvestments,salesMaturitiesOfInvestments,otherInvestingActivites,netCashUsedForInvestingActivites,debtRepayment,commonStockIssued,commonStockRepurchased,dividendsPaid,otherFinancingActivites,netCashUsedProvidedByFinancingActivities,effectOfForexChangesOnCash,netChangeInCash,cashAtEndOfPeriod,cashAtBeginningOfPeriod,operatingCashFlow,capitalExpenditure,freeCashFlow,link,finalLink
2019-12-31,TSLA,USD,2020-02-13,2020-02-13 07:12:18,FY,-775000000,2154000000,0.0,898000000,-349000000,-367000000.0,-429000000,0.0,203000000.0,186000000.0,2405000000,0.0,0.0,0.0,0.0,46000000.0,0.0,-9871000000.0,848000000.0,0.0,0.0,-554000000.0,0.0,-48000000.0,0.0,6783000000,4277000000,2405000000,-1437000000,968000000.0,https://www.sec.gov/Archives/edgar/data/1318605/000156459020004475/0001564590-20-004475-index.htm,https://www.sec.gov/Archives/edgar/data/1318605/000156459020004475/tsla-10k_20191231.htm
2018-12-31,TSLA,USD,2019-02-19,2019-02-19 06:10:16,FY,-1062582000,1901050000,0.0,749024000,57951000,-496732000.0,-1023264000,0.0,47786000.0,207237000.0,2097802000,0.0,0.0,0.0,0.0,0.0,0.0,-6087029000.0,0.0,0.0,0.0,188900000.0,0.0,-1511000.0,0.0,4276388000,3964959000,2097802000,-2319516000,-221714000.0,https://www.sec.gov/Archives/edgar/data/1318605/000156459019003165/0001564590-19-003165-index.htm,https://www.sec.gov/Archives/edgar/data/1318605/000156459019003165/tsla-10k_20181231.htm
2017-12-31,TSLA,USD,2018-02-23,2018-02-23 06:07:43,FY,-2240578000,1636003000,0.0,466760000,-496603000,-24635000.0,-178850000,0.0,-817958000.0,284020000.0,-60654000,0.0,0.0,0.0,0.0,-223090000.0,0.0,-4263788000.0,400175000.0,0.0,0.0,547487000.0,0.0,52309000.0,0.0,3367914000,3393216000,-60654000,-4081354000,-4142008000.0,https://www.sec.gov/Archives/edgar/data/1318605/000156459018002956/0001564590-18-002956-index.htm,https://www.sec.gov/Archives/edgar/data/1318605/000156459018002956/tsla-10k_20171231.htm
2016-12-31,TSLA,USD,2017-03-01,2017-03-01 16:54:21,FY,-773046000,947099000,0.0,334225000,-693861000,-216565000.0,-2465703000,0.0,906848000.0,-9216000.0,-123829000,0.0,0.0,0.0,16667000.0,-206149000.0,0.0,-1904483000.0,1701734000.0,0.0,0.0,160235000.0,0.0,-29183000.0,0.0,3393216000,1196908000,-123829000,-1440471000,-1564300000.0,https://www.sec.gov/Archives/edgar/data/1318605/000156459017003118/0001564590-17-003118-index.htm,https://www.sec.gov/Archives/edgar/data/1318605/000156459017003118/tsla-10k_20161231.htm
2015-12-31,TSLA,USD,2016-02-24,2016-02-24 16:17:56,FY,-888663000,422590000,0.0,197999000,-493289000,46267000.0,-1573860000,0.0,382621000.0,98436000.0,-524499000,0.0,0.0,0.0,0.0,-26441000.0,0.0,-203780000.0,750000000.0,0.0,0.0,-17025000.0,0.0,55765000.0,0.0,1196908000,1905713000,-524499000,-1634850000,-2159349000.0,https://www.sec.gov/Archives/edgar/data/1318605/000156459016013195/0001564590-16-013195-index.htm,https://www.sec.gov/Archives/edgar/data/1318605/000156459016013195/tsla-10k_20151231.htm
2014-12-31,TSLA,USD,2015-02-26,2015-02-26 17:13:26,FY,-294040000,231931000,0.0,156496000,-256825000,-183658000.0,-1050264000,252781000.0,377879000.0,77205000.0,-57337000,0.0,0.0,-205841000.0,189131000.0,-3849000.0,0.0,-11179000.0,0.0,0.0,0.0,-638577000.0,0.0,-1891000.0,0.0,1905713000,845889000,-57337000,-969885000,-1027222000.0,https://www.sec.gov/Archives/edgar/data/1318605/000156459015001031/0001564590-15-001031-index.htm,https://www.sec.gov/Archives/edgar/data/1318605/000156459015001031/tsla-10k_20141231.htm
2013-12-31,TSLA,USD,2014-02-26,2014-02-26 16:02:51,FY,-74014000,106083000,0.0,80737000,124995000,-21917000.0,-463270000,-243000.0,325367000.0,12754000.0,257994000,0.0,0.0,0.0,0.0,14807000.0,0.0,-460762000.0,415000000.0,0.0,0.0,-194441000.0,0.0,3655000.0,0.0,845889000,201890000,257994000,-264224000,-6230000.0,https://www.sec.gov/Archives/edgar/data/1318605/000119312514069681/0001193125-14-069681-index.htm,https://www.sec.gov/Archives/edgar/data/1318605/000119312514069681/d668062d10k.htm
2012-12-31,TSLA,USD,2013-03-07,2013-03-07 17:10:43,FY,-396213000,28825000,0.0,50145000,42819000,-17303000.0,-194726000,187821000.0,56785000.0,56000.0,-266081000,0.0,0.0,-14992000.0,40000000.0,7290000.0,0.0,-15542000.0,221496000.0,0.0,0.0,0.0,0.0,0.0,0.0,201890000,255266000,-266081000,-239228000,-505309000.0,https://www.sec.gov/Archives/edgar/data/1318605/000119312513096241/0001193125-13-096241-index.htm,https://www.sec.gov/Archives/edgar/data/1318605/000119312513096241/d452995d10k.htm
2011-12-31,TSLA,USD,2012-02-27,2012-02-27 17:17:24,FY,-254411000,16919000,0.0,29419000,88897000,-2829000.0,-13638000,31859000.0,61432000.0,-111000.0,-114364000,0.0,0.0,-64952000.0,40000000.0,46920000.0,0.0,-416000.0,231468000.0,0.0,0.0,0.0,0.0,0.0,0.0,255266000,99558000,-114364000,-197896000,-312260000.0,https://www.sec.gov/Archives/edgar/data/1318605/000119312512081990/0001193125-12-081990-index.htm,https://www.sec.gov/Archives/edgar/data/1318605/000119312512081990/d279413d10k.htm
2010-12-31,TSLA,USD,2011-03-03,2011-03-03 14:47:36,FY,-154328000,10623000,0.0,21156000,-11175000,-3222000.0,-20115000,-212000.0,4006000.0,5022000.0,-127817000,0.0,0.0,0.0,0.0,-140094000.0,0.0,-315000.0,268842000.0,0.0,0.0,-3660000.0,0.0,0.0,0.0,99558000,69627000,-127817000,-40203000,-168020000.0,https://www.sec.gov/Archives/edgar/data/1318605/000119312511054847/0001193125-11-054847-index.htm,https://www.sec.gov/Archives/edgar/data/1318605/000119312511054847/d10k.htm
