date,symbol,fillingDate,acceptedDate,period,netIncome,depreciationAndAmortization,deferredIncomeTax,stockBasedCompensation,changeInWorkingCapital,accountsReceivables,inventory,accountsPayables,otherWorkingCapital,otherNonCashItems,netCashProvidedByOperatingActivities,investmentsInPropertyPlantAndEquipment,acquisitionsNet,purchasesOfInvestments,salesMaturitiesOfInvestments,otherInvestingActivites,netCashUsedForInvestingActivites,debtRepayment,commonStockIssued,commonStockRepurchased,dividendsPaid,otherFinancingActivites,netCashUsedProvidedByFinancingActivities,effectOfForexChangesOnCash,netChangeInCash,cashAtEndOfPeriod,cashAtBeginningOfPeriod,operatingCashFlow,capitalExpenditure,freeCashFlow,link,finalLink
2019-12-28,TUP,2020-03-12 00:00:00,2020-03-12 15:05:48,FY,12400000,55200000,19100000.0,10400000.0,-77500000.0,9000000.0,-1600000.0,-28600000.0,-150400000.0,78200000.0,87400000,-61000000.0,0.0,-900000.0,0.0,34900000.0,-27000000,4600000.0,0.0,-900000.0,-74300000.0,-14700000.0,-85300000.0,-900000.0,-25800000.0,123200000,149000000.0,87400000,-61000000,26400000,https://www.sec.gov/Archives/edgar/data/1008654/000100865420000018/0001008654-20-000018-index.html,https://www.sec.gov/Archives/edgar/data/1008654/000100865420000018/tup10k122819.htm
2018-12-29,TUP,2019-02-26 00:00:00,2019-02-26 12:11:06,FY,155900000,58200000,59800000.0,14500000.0,-166800000.0,-33000000.0,-25800000.0,-43800000.0,-138500000.0,24900000.0,132000000,-75400000.0,0.0,-101700000.0,0.0,142400000.0,-34700000,-164000000.0,0.0,-101400000.0,-137800000.0,324500000.0,-79000000.0,-13600000.0,4700000.0,148800000,144100000.0,132000000,-75400000,56600000,https://www.sec.gov/Archives/edgar/data/1008654/000100865419000013/0001008654-19-000013-index.html,https://www.sec.gov/Archives/edgar/data/1008654/000100865419000013/tup10k122918.htm
2017-12-30,TUP,2018-02-27 00:00:00,2018-02-27 14:19:04,FY,-265400000,60500000,307700000.0,22600000.0,5700000.0,-33000000.0,-18800000.0,44100000.0,-28300000.0,108500000.0,217000000,-72300000.0,0.0,-2500000.0,0.0,17200000.0,-57600000,-17600000.0,0.0,9300000.0,-139500000.0,43000000.0,-116600000.0,8100000.0,50900000.0,144100000,93200000.0,217000000,-72300000,144700000,https://www.sec.gov/Archives/edgar/data/1008654/000100865418000006/0001008654-18-000006-index.html,https://www.sec.gov/Archives/edgar/data/1008654/000100865418000006/tup10k123017.htm
2016-12-31,TUP,2017-02-28 00:00:00,2017-02-28 15:59:25,FY,223600000,57500000,-32900000.0,20000000.0,-26100000.0,1000000.0,-2800000.0,-22200000.0,-2300000.0,16500000.0,238600000,-61600000.0,0.0,-1700000.0,0.0,37600000.0,-25700000,49800000.0,0.0,-900000.0,-138800000.0,-102600000.0,-193300000.0,-6200000.0,13400000.0,93200000,79800000.0,238600000,-61600000,177000000,https://www.sec.gov/Archives/edgar/data/1008654/000100865417000010/0001008654-17-000010-index.html,https://www.sec.gov/Archives/edgar/data/1008654/000100865417000010/tup10k123116.htm
2015-12-26,TUP,2016-03-04 00:00:00,2016-03-04 16:17:17,FY,185800000,62400000,-45200000.0,20000000.0,-26800000.0,-10000000.0,-8200000.0,11400000.0,-63500000.0,49500000.0,225700000,-61100000.0,0.0,-1500000.0,0.0,19500000.0,-43100000,33800000.0,0.0,14600000.0,-138000000.0,-51400000.0,-157100000.0,-22700000.0,2800000.0,79800000,77000000.0,225700000,-61100000,164600000,https://www.sec.gov/Archives/edgar/data/1008654/000100865416000035/0001008654-16-000035-index.html,https://www.sec.gov/Archives/edgar/data/1008654/000100865416000035/tup10k122615.htm
2014-12-27,TUP,2015-02-24,2015-02-24 16:34:22,FY,214400000,63700000,-59900000.0,18900000.0,-6900000.0,-28000000.0,-39500000.0,31300000.0,6200000.0,72800000.0,284100000,-69400000.0,0.0,-92300000.0,0.0,99400000.0,-62300000,-800000.0,0.0,-76600000.0,-135500000.0,17600000.0,-211000000.0,-61100000.0,-50300000.0,77000000,127300000.0,284100000,-69400000,214700000,https://www.sec.gov/Archives/edgar/data/1008654/000100865415000004/tup10k122714.htm,https://www.sec.gov/Archives/edgar/data/1008654/000100865415000004/tup10k122714.htm
2013-12-28,TUP,2014-02-25,2014-02-25 16:36:57,FY,274200000,54800000,-29600000.0,19500000.0,-15200000.0,-16000000.0,-33200000.0,15700000.0,41500000.0,39300000.0,323500000,-69000000.0,0.0,-379400000.0,0.0,388300000.0,-60100000,-30300000.0,0.0,-358400000.0,-116800000.0,288900000.0,-237600000.0,-18300000.0,7500000.0,127300000,119800000.0,323500000,-69000000,254500000,https://www.sec.gov/Archives/edgar/data/1008654/000100865414000004/tup10k122813.htm,https://www.sec.gov/Archives/edgar/data/1008654/000100865414000004/tup10k122813.htm
2012-12-29,TUP,2013-02-26 00:00:00,2013-02-26 17:22:08,FY,193000000,49600000,-30300000.0,20100000.0,-31100000.0,-21000000.0,-23300000.0,10600000.0,72000000.0,117500000.0,298700000,-75600000.0,0.0,-205000000.0,0.0,215800000.0,-64800000,-8300000.0,0.0,-192100000.0,-77600000.0,38400000.0,-252500000.0,200000.0,-18400000.0,119800000,138200000.0,298700000,-75600000,223100000,https://www.sec.gov/Archives/edgar/data/1008654/000100865413000008/0001008654-13-000008-index.html,https://www.sec.gov/Archives/edgar/data/1008654/000100865413000008/tup10k122912.htm
2011-12-31,TUP,2012-02-28 00:00:00,2012-02-28 16:11:57,FY,218300000,49800000,-8800000.0,18000000.0,-70100000.0,-1000000.0,11000000.0,-12000000.0,94000000.0,85500000.0,274700000,5000000.0,0.0,0.0,0.0,0.0,-68900000,-407000000.0,0.0,-412500000.0,-73800000.0,0.0,-300900000.0,-15400000.0,-110500000.0,138200000,248700000.0,274700000,-73900000,200800000,https://www.sec.gov/Archives/edgar/data/1008654/000100865412000005/0001008654-12-000005-index.html,https://www.sec.gov/Archives/edgar/data/1008654/000100865412000005/tup10k123111.htm
2010-12-25,TUP,2011-02-22,2011-02-22 17:05:07,FY,225600000,49700000,8700000.0,14800000.0,-29200000.0,-18000000.0,-28900000.0,37300000.0,348800000.0,44700000.0,299500000,-56100000.0,0.0,-62500000.0,0.0,72500000.0,-46100000,-2400000.0,0.0,-45700000.0,-63200000.0,24200000.0,-103900000.0,-13200000.0,136300000.0,248700000,112400000.0,299500000,-56100000,243400000,https://www.sec.gov/Archives/edgar/data/1008654/000119312511042252/d10k.htm,https://www.sec.gov/Archives/edgar/data/1008654/000119312511042252/d10k.htm
2009-12-26,TUP,2010-02-23 00:00:00,2010-02-23 15:32:26,FY,175100000,51700000,-16300000.0,13000000.0,4400000.0,-23000000.0,16000000.0,21000000.0,236000000.0,36000000.0,250900000,8000000.0,0.0,0.0,0.0,0.0,-26900000,-141000000.0,0.0,-43800000.0,-55000000.0,0.0,-227800000.0,-8600000.0,-12400000.0,112400000,124800000.0,250900000,-46400000,204500000,https://www.sec.gov/Archives/edgar/data/1008654/000119312510037512/0001193125-10-037512-index.html,https://www.sec.gov/Archives/edgar/data/1008654/000119312510037512/d10k.htm
2008-12-27,TUP,2009-02-25 00:00:00,2009-02-25 08:05:06,FY,161400000,60600000,-19800000.0,8000000.0,-80600000.0,-11000000.0,13000000.0,0.0,252000000.0,9400000.0,131000000,6000000.0,0.0,0.0,0.0,0.0,-39100000,-21000000.0,0.0,1900000.0,-54400000.0,0.0,-66500000.0,-3300000.0,22100000.0,124800000,102700000.0,131000000,-54400000,76600000,https://www.sec.gov/Archives/edgar/data/1008654/000119312509036814/0001193125-09-036814-index.html,https://www.sec.gov/Archives/edgar/data/1008654/000119312509036814/d10k.htm
2007-12-29,TUP,2008-02-26,2008-02-26 16:38:01,FY,116900000,63500000,-11700000.0,7000000.0,-31300000.0,-15000000.0,10000000.0,31000000.0,249000000.0,40000000.0,177400000,17000000.0,0.0,0.0,0.0,0.0,-25000000,-704000000.0,0.0,3700000.0,-53800000.0,0.0,-155600000.0,3700000.0,500000.0,102700000,102200000.0,177400000,-50300000,127100000,https://www.sec.gov/Archives/edgar/data/1008654/000119312508038755/d10k.htm,https://www.sec.gov/Archives/edgar/data/1008654/000119312508038755/d10k.htm
2006-12-30,TUP,2007-02-28,2007-02-28 17:09:38,FY,94200000,72900000,-10100000.0,6000000.0,1600000.0,-21000000.0,6000000.0,18000000.0,205000000.0,14200000.0,172800000,25000000.0,0.0,0.0,0.0,0.0,-131500000,-75000000.0,0.0,7400000.0,-53300000.0,0.0,-122500000.0,1900000.0,-79300000.0,102200000,181500000.0,172800000,-52100000,120700000,https://www.sec.gov/Archives/edgar/data/1008654/000119312507042789/d10k.htm,https://www.sec.gov/Archives/edgar/data/1008654/000119312507042789/d10k.htm
2005-12-31,TUP,2006-03-16,2006-03-16 13:33:44,FY,85400000,50800000,-4300000.0,0.0,1200000.0,9000000.0,-3000000.0,-23000000.0,218000000.0,34500000.0,167600000,8000000.0,0.0,0.0,0.0,0.0,-511400000,24000000.0,0.0,30200000.0,-52400000.0,0.0,432100000.0,2300000.0,90600000.0,181500000,90900000.0,167600000,-52000000,115600000,https://www.sec.gov/Archives/edgar/data/1008654/000119312506056314/d10k.htm,https://www.sec.gov/Archives/edgar/data/1008654/000119312506056314/d10k.htm
2004-12-25,TUP,2005-03-10 00:00:00,2005-03-10 14:23:27,FY,86900000,50800000,-21800000.0,0.0,100000.0,3000000.0,9000000.0,13000000.0,174000000.0,5400000.0,121400000,16000000.0,0.0,0.0,0.0,0.0,-27000000,0.0,0.0,4100000.0,-51500000.0,0.0,-50100000.0,1600000.0,45900000.0,90900000,45000000.0,121400000,-43600000,77800000,https://www.sec.gov/Archives/edgar/data/1008654/000119312505046434/0001193125-05-046434-index.html,https://www.sec.gov/Archives/edgar/data/1008654/000119312505046434/d10k.htm
2003-12-27,TUP,2004-03-10 00:00:00,2004-03-10 16:53:18,FY,47900000,52600000,-22400000.0,0.0,15500000.0,0.0,0.0,0.0,137000000.0,12000000.0,105600000,221000000.0,0.0,0.0,0.0,0.0,-30600000,0.0,0.0,900000.0,-51400000.0,0.0,-64700000.0,2100000.0,12400000.0,45000000,32600000.0,105600000,-40000000,65600000,https://www.sec.gov/Archives/edgar/data/1008654/000119312504038303/0001193125-04-038303-index.html,https://www.sec.gov/Archives/edgar/data/1008654/000119312504038303/d10k.htm
2002-12-28,TUP,2003-03-27 00:00:00,2003-03-27 17:21:11,FY,90100000,48800000,7300000.0,0.0,12000000.0,34000000.0,-6000000.0,-7000000.0,77000000.0,-30000000.0,128200000,61000000.0,0.0,0.0,0.0,0.0,14400000,0.0,0.0,4600000.0,-51200000.0,0.0,-132100000.0,3700000.0,14200000.0,32600000,18400000.0,128200000,-46900000,81300000,https://www.sec.gov/Archives/edgar/data/1008654/000091664103000817/0000916641-03-000817-index.html,https://www.sec.gov/Archives/edgar/data/1008654/000091664103000817/d10k.htm
2001-12-29,TUP,2002-03-26 00:00:00,2002-03-26 00:00:00,FY,61500000,49900000,-12300000.0,0.0,-7300000.0,-20800000.0,11900000.0,-7900000.0,0.0,17000000.0,108800000,0.0,0.0,0.0,0.0,0.0,-54800000,0.0,0.0,3700000.0,-51000000.0,0.0,-66900000.0,-1300000.0,-14200000.0,18400000,32600000.0,108800000,-54800000,54000000,https://www.sec.gov/Archives/edgar/data/1008654/000100865402000060/0001008654-02-000060-index.html,https://www.sec.gov/Archives/edgar/data/1008654/000100865402000060/tup_10k2001.htm
2000-12-30,TUP,2001-03-28 00:00:00,2001-03-28 00:00:00,FY,74900000,52100000,-13800000.0,0.0,-43900000.0,1900000.0,-7400000.0,-800000.0,0.0,16800000.0,86100000,0.0,0.0,0.0,0.0,0.0,-102600000,0.0,0.0,-13400000.0,-50800000.0,0.0,26400000.0,-1700000.0,8200000.0,32600000,24400000.0,86100000,-46300000,39800000,https://www.sec.gov/Archives/edgar/data/1008654/000100865401500011/0001008654-01-500011-index.html,https://www.sec.gov/Archives/edgar/data/1008654/000100865401500011/f10k00.txt
1999-12-25,TUP,2000-03-17 00:00:00,2000-03-17 00:00:00,FY,79000000,55600000,-17700000.0,0.0,-10400000.0,-22100000.0,20400000.0,-2500000.0,0.0,6500000.0,113000000,0.0,0.0,0.0,0.0,0.0,-40900000,0.0,0.0,600000.0,-50700000.0,0.0,-73300000.0,2600000.0,1400000.0,24400000,23000000.0,113000000,-40900000,72100000,https://www.sec.gov/Archives/edgar/data/1008654/000100865400000038/0001008654-00-000038-index.html,https://www.sec.gov/Archives/edgar/data/1008654/0001008654-00-000038.txt
1998-12-26,TUP,1999-03-24 00:00:00,1999-03-24 00:00:00,FY,69100000,64000000,-15100000.0,0.0,-2700000.0,4700000.0,27100000.0,-9900000.0,0.0,2800000.0,118100000,0.0,0.0,0.0,0.0,0.0,-46200000,0.0,0.0,-91700000.0,-51600000.0,0.0,-70100000.0,-900000.0,900000.0,23000000,22100000.0,118100000,-46200000,71900000,https://www.sec.gov/Archives/edgar/data/1008654/000100865499000029/0001008654-99-000029-index.html,https://www.sec.gov/Archives/edgar/data/1008654/0001008654-99-000029.txt
1997-12-27,TUP,1998-03-24 00:00:00,1998-03-24 00:00:00,FY,82000000,66100000,-33200000.0,0.0,43000000.0,57800000.0,68600000.0,20200000.0,0.0,3900000.0,161800000,0.0,0.0,0.0,0.0,0.0,-67500000,0.0,0.0,-53700000.0,-54200000.0,0.0,-107700000.0,-17500000.0,-30900000.0,22100000,53000000.0,161800000,-67500000,94300000,https://www.sec.gov/Archives/edgar/data/1008654/000100865498000036/0001008654-98-000036-index.html,https://www.sec.gov/Archives/edgar/data/1008654/0001008654-98-000036.txt
1996-12-28,TUP,1997-03-25 00:00:00,1997-03-25 00:00:00,FY,174700000,65300000,-16300000.0,0.0,-79700000.0,-7300000.0,-46200000.0,-7600000.0,0.0,6500000.0,150500000,0.0,0.0,0.0,0.0,0.0,-96000000,0.0,0.0,6300000.0,-13700000.0,0.0,-93900000.0,-4900000.0,-44300000.0,53000000,97300000.0,150500000,-96000000,54500000,https://www.sec.gov/Archives/edgar/data/1008654/000100865497000006/0001008654-97-000006-index.html,https://www.sec.gov/Archives/edgar/data/1008654/0001008654-97-000006.txt
1995-12-30,TUP,,,FY,171400000,61300000,7800000.0,0.0,-67200000.0,-36000000.0,-22000000.0,11500000.0,0.0,5900000.0,179200000,0.0,0.0,0.0,0.0,0.0,-69300000,0.0,0.0,0.0,0.0,0.0,-114600000.0,-300000.0,-5000000.0,97300000,102300000.0,179200000,-69300000,109900000,,
1994-12-31,TUP,,,FY,149200000,55700000,-19600000.0,0.0,-44800000.0,0.0,0.0,0.0,0.0,2200000.0,142700000,0.0,0.0,0.0,0.0,0.0,-72900000,0.0,0.0,0.0,0.0,0.0,-48300000.0,-7500000.0,14000000.0,14000000,0.0,142700000,-78600000,64100000,,
1993-12-25,TUP,,,FY,117900000,44700000,-16300000.0,0.0,-42800000.0,0.0,0.0,0.0,0.0,1800000.0,105300000,0.0,0.0,0.0,0.0,0.0,-81700000,0.0,0.0,0.0,0.0,0.0,7300000.0,-5600000.0,25300000.0,174300000,149000000.0,105300000,-85600000,19700000,,
