date,symbol,fillingDate,acceptedDate,period,netIncome,depreciationAndAmortization,deferredIncomeTax,stockBasedCompensation,changeInWorkingCapital,accountsReceivables,inventory,accountsPayables,otherWorkingCapital,otherNonCashItems,netCashProvidedByOperatingActivities,investmentsInPropertyPlantAndEquipment,acquisitionsNet,purchasesOfInvestments,salesMaturitiesOfInvestments,otherInvestingActivites,netCashUsedForInvestingActivites,debtRepayment,commonStockIssued,commonStockRepurchased,dividendsPaid,otherFinancingActivites,netCashUsedProvidedByFinancingActivities,effectOfForexChangesOnCash,netChangeInCash,cashAtEndOfPeriod,cashAtBeginningOfPeriod,operatingCashFlow,capitalExpenditure,freeCashFlow,link,finalLink
2019-12-31,TWTR,2020-02-19 00:00:00,2020-02-18 17:53:51,FY,1465659000,465549000,84369000.0,378025000.0,18700000.0,-67000000.0,0.0,2946000.0,6787599000.0,-730913000.0,1303364000.0,-540688000.0,-29664000.0,-5798111000.0,5295213000.0,-42724000.0,-1115974000,-935000000.0,42378000.0,43166000.0,0.0,2447907000.0,-286175000,4576000.0,-94209000,1800235000,1894444000.0,1303364000.0,-540688000.0,762676000,https://www.sec.gov/Archives/edgar/data/1418091/000141809120000037/0001418091-20-000037-index.html,https://www.sec.gov/Archives/edgar/data/1418091/000141809120000037/twtr-20191231.htm
2018-12-31,TWTR,2019-02-21 00:00:00,2019-02-20 20:45:48,FY,1205596000,425498000,-801720000.0,326228000.0,89322000.0,-130871000.0,0.0,-1533000.0,5594725000.0,421015000.0,1339711000.0,-483934000.0,-33572000.0,-5334396000.0,3791694000.0,1636825000.0,-2055513000,-19263000.0,29288000.0,32703000.0,0.0,2872560000.0,978116000,-14296000.0,248018000,1886431000,1638413000.0,1339711000.0,-483934000.0,855777000,https://www.sec.gov/Archives/edgar/data/1418091/000156459019003523/0001564590-19-003523-index.html,https://www.sec.gov/Archives/edgar/data/1418091/000156459019003523/twtr-10k_20181231.htm
2017-12-31,TWTR,2018-02-23 00:00:00,2018-02-23 16:51:18,FY,-108063000,395867000,-6415000.0,433806000.0,-32239000.0,2668000.0,0.0,8371000.0,4738606000.0,582059000.0,831209000.0,-160742000.0,0.0,-2687214000.0,2579747000.0,-1533428000.0,-116526000,-8962000.0,23920000.0,33364000.0,0.0,1560040000.0,-78373000,9914000.0,646224000,1622183000,975959000.0,831209000.0,-160742000.0,670467000,https://www.sec.gov/Archives/edgar/data/1418091/000156459018003046/0001564590-18-003046-index.html,https://www.sec.gov/Archives/edgar/data/1418091/000156459018003046/twtr-10k_20171231.htm
2016-12-31,TWTR,2017-02-27 00:00:00,2017-02-27 16:56:45,FY,-456873000,402172000,-4775000.0,615233000.0,82596000.0,-22969000.0,0.0,-7112000.0,4068175000.0,739935000.0,763055000.0,-218657000.0,-85082000.0,-2908611000.0,2518631000.0,-1905374000.0,-598008000,-15598000.0,24431000.0,31971000.0,0.0,904623000.0,-83975000,-3945000.0,77127000,988598000,911471000.0,763055000.0,-218657000.0,544398000,https://www.sec.gov/Archives/edgar/data/1418091/000156459017002584/0001564590-17-002584-index.html,https://www.sec.gov/Archives/edgar/data/1418091/000156459017002584/twtr-10k_20161231.htm
2015-12-31,TWTR,2016-02-29 00:00:00,2016-02-29 07:01:57,FY,-521031000,312823000,-28125000.0,682118000.0,-135913000.0,-216585000.0,0.0,76355000.0,3875753000.0,755312000.0,383066000.0,-347280000.0,-51644000.0,-3683488000.0,2821745000.0,-1831418000.0,-902421000,-11101000.0,39295000.0,56656000.0,0.0,848473000.0,-62998000,-16900000.0,-599253000,639747000,1239000000.0,383066000.0,-347280000.0,35786000,https://www.sec.gov/Archives/edgar/data/1418091/000156459016013646/0001564590-16-013646-index.html,https://www.sec.gov/Archives/edgar/data/1418091/000156459016013646/twtr-10k_20151231.htm
2014-12-31,TWTR,2015-03-02,2015-03-02 09:35:45,FY,-577800000,208200000,-9600000.0,631597000.0,-202000000.0,-177583000.0,0.0,18059000.0,3862059000.0,663000000.0,81800000.0,-201630000.0,0.0,-2937033000.0,2029518000.0,-2925160000.0,-1097300000,-17053000.0,42402000.0,360300000.0,0.0,3202446000.0,1691700000,-6500000.0,669700000,1258700000,589000000.0,81800000.0,-201600000.0,-119800000,https://www.sec.gov/Archives/edgar/data/1418091/000156459015001159/twtr-10k_20141231.htm,https://www.sec.gov/Archives/edgar/data/1418091/000156459015001159/twtr-10k_20141231.htm
2013-12-31,TWTR,,,FY,-645300000,110900000,-8900000.0,0.0,-61400000.0,-135000000.0,0.0,-20000000.0,0.0,606100000.0,1400000.0,0.0,0.0,0.0,0.0,0.0,-1306100000,0.0,0.0,2027300000.0,0.0,0.0,1942200000,200000.0,637700000,725700000,88000000.0,1400000.0,-75700000.0,-74300000,,
2012-12-31,TWTR,,,FY,-79400000,72500000,-1100000.0,0.0,-53300000.0,-72000000.0,0.0,-3000000.0,0.0,33400000.0,-27900000.0,0.0,0.0,0.0,0.0,0.0,49400000,0.0,0.0,2300000.0,0.0,0.0,-37100000,-100000.0,-15700000,132300000,148000000.0,-27900000.0,-50600000.0,-78500000,,
2011-12-31,TWTR,,,FY,-128300000,24200000,-2300000.0,0.0,-29200000.0,0.0,0.0,0.0,0.0,65000000.0,-70600000.0,0.0,0.0,0.0,0.0,0.0,-324900000,0.0,0.0,495300000.0,0.0,0.0,480200000,0.0,84700000,84700000,0.0,-70600000.0,-11500000.0,-82100000,,
2010-12-31,TWTR,,,FY,-67300000,10400000,-200000.0,0.0,800000.0,0.0,0.0,0.0,0.0,7600000.0,-48700000.0,0.0,0.0,0.0,0.0,0.0,49000000,0.0,0.0,115900000.0,0.0,0.0,114300000,0.0,114600000,2009044000,1894444000.0,-48700000.0,-5700000.0,-54400000,,
