date,symbol,fillingDate,acceptedDate,period,netIncome,depreciationAndAmortization,deferredIncomeTax,stockBasedCompensation,changeInWorkingCapital,accountsReceivables,inventory,accountsPayables,otherWorkingCapital,otherNonCashItems,netCashProvidedByOperatingActivities,investmentsInPropertyPlantAndEquipment,acquisitionsNet,purchasesOfInvestments,salesMaturitiesOfInvestments,otherInvestingActivites,netCashUsedForInvestingActivites,debtRepayment,commonStockIssued,commonStockRepurchased,dividendsPaid,otherFinancingActivites,netCashUsedProvidedByFinancingActivities,effectOfForexChangesOnCash,netChangeInCash,cashAtEndOfPeriod,cashAtBeginningOfPeriod,operatingCashFlow,capitalExpenditure,freeCashFlow,link,finalLink
2019-12-31,XAN,2020-03-10 00:00:00,2020-03-09 20:19:34,FY,35966000,3399000,0,2213000,-3215000,353000,0,-4160000,605306000,7183000,43333000,0,0,-146627000,56933000,-223373000,-313067000,-847334000,0,0,-37402000,1223038000,268694000,0,-1040000,81776000,82816000,43333000,0,43333000,https://www.sec.gov/Archives/edgar/data/1332551/000156459020009476/0001564590-20-009476-index.html,https://www.sec.gov/Archives/edgar/data/1332551/000156459020009476/xan-10k_20191231.htm
2018-12-31,XAN,2019-03-11 00:00:00,2019-03-08 18:06:57,FY,27427000,2908000,-27000,2717000,8680000,0,0,52000,502462000,9220000,48208000,0,0,-242557000,33136000,-137809000,-347230000,-70484000,0,-165409000,-26325000,271684000,190132000,0,-108890000,72600000,181490000,48208000,0,48208000,https://www.sec.gov/Archives/edgar/data/1332551/000156459019007054/0001564590-19-007054-index.html,https://www.sec.gov/Archives/edgar/data/1332551/000156459019007054/xan-10k_20181231.htm
2017-12-31,XAN,2018-03-16 00:00:00,2018-03-15 21:37:05,FY,33341000,3150000,4763000,2738000,8634000,170000,0,750000,394393000,172522000,222410000,0,-5000,4493000,56715000,-12378000,62195000,-108690000,0,-149000,-30309000,-84724000,-199666000,0,84939000,200965000,116026000,222410000,0,222410000,https://www.sec.gov/Archives/edgar/data/1332551/000133255118000009/0001332551-18-000009-index.html,https://www.sec.gov/Archives/edgar/data/1332551/000133255118000009/a20171231-rso10k.htm
2016-12-31,XAN,2017-03-16 00:00:00,2017-03-15 20:30:38,FY,-30594000,0,19587000,691000,-1523000,738000,0,447000,242918000,-6377000,-18907000,0,0,-9480000,100802000,151597000,266547000,337656000,115000,-12479000,-76567000,-185688000,-247462000,0,178000,78934000,78756000,-18907000,-28000,-18935000,https://www.sec.gov/Archives/edgar/data/1332551/000133255117000008/0001332551-17-000008-index.html,https://www.sec.gov/Archives/edgar/data/1332551/000133255117000008/a20161231-rso10k.htm
2015-12-31,XAN,2016-03-10 00:00:00,2016-03-10 17:17:24,FY,11079000,13812000,-781000,3145000,-11037000,1456000,0,2290000,289365000,56922000,69995000,-14000,0,-25929000,75960000,-109522000,-59505000,-327537000,228000,-22673000,-114490000,431699000,-11639000,0,-1149000,78756000,79905000,69995000,-14000,69981000,https://www.sec.gov/Archives/edgar/data/1332551/000133255116000052/0001332551-16-000052-index.html,https://www.sec.gov/Archives/edgar/data/1332551/000133255116000052/rso-20151231x10k.htm
2014-12-31,XAN,2015-03-02,2015-03-02 17:30:44,FY,59585000,0,-11191000,6566000,-7150000,-7295000,0,-3363000,126264000,-109523000,-65474000,-865000,-30433000,-6832000,56053000,-407054000,-393250000,0,0,196198000,-119233000,387416000,276359000,0,-182365000,79935000,262300000,-65474000,-69000,-65543000,https://www.sec.gov/Archives/edgar/data/1332551/000133255115000005/rso-20141231x10k.htm,https://www.sec.gov/Archives/edgar/data/1332551/000133255115000005/rso-20141231x10k.htm
2013-12-31,XAN,2014-03-03,2014-03-03 16:41:31,FY,46500000,3900000,-6700000,10472000,24600000,-1108000,0,-9106000,338879000,200000,68400000,-373000,-7613000,-11044000,52812000,434227000,479100000,0,114454000,170800000,-99900000,-129208000,-370500000,0,177000000,262300000,85300000,68400000,-500000,67900000,https://www.sec.gov/Archives/edgar/data/1332551/000133255114000009/rso-20131231x10k.htm,https://www.sec.gov/Archives/edgar/data/1332551/000133255114000009/rso-20131231x10k.htm
2012-12-31,XAN,2013-03-18 00:00:00,2013-03-18 16:41:45,FY,64400000,5800000,2300000,4636000,-11200000,-1248000,0,7573000,97761000,-20400000,41000000,0,0,-8348000,47284000,54337000,101600000,-257905000,55502000,98000000,-74700000,261275000,-100500000,0,42200000,85300000,43100000,41000000,0,41000000,https://www.sec.gov/Archives/edgar/data/1332551/000133255113000016/0001332551-13-000016-index.html,https://www.sec.gov/Archives/edgar/data/1332551/000133255113000016/rso-20121231x10k.htm
2011-12-31,XAN,2012-03-15 00:00:00,2012-03-14 18:21:13,FY,37700000,4600000,-400000,0,-11100000,0,0,15370000,37752000,2200000,33000000,0,0,83564000,11810000,-450019000,-438200000,-28542000,46347000,46300000,-69900000,470864000,418800000,0,13600000,43100000,29500000,33000000,-21200000,11800000,https://www.sec.gov/Archives/edgar/data/1332551/000129415412000054/0001294154-12-000054-index.html,https://www.sec.gov/Archives/edgar/data/1332551/000129415412000054/rsoform10k123111.htm
2010-12-31,XAN,2011-03-14,2011-03-14 17:07:00,FY,19400000,4000000,5400000,2221000,-16400000,-701000,0,104000,26128000,8100000,20500000,0,0,-16317000,0,0,-47400000,13985000,0,42500000,-45700000,0,4400000,0,-22500000,29500000,52000000,20500000,0,20500000,https://www.sec.gov/Archives/edgar/data/1332551/000137607411000062/rsoform10k123110.htm,https://www.sec.gov/Archives/edgar/data/1332551/000137607411000062/rsoform10k123110.htm
2009-12-31,XAN,2010-03-16 00:00:00,2010-03-15 18:32:52,FY,6300000,0,0,1240000,11200000,2697000,0,2714000,45590000,29100000,46600000,0,0,-28958000,0,0,17800000,8655000,0,38300000,-32600000,0,-27000000,0,37400000,52000000,14600000,46600000,0,46600000,https://www.sec.gov/Archives/edgar/data/1332551/000008340210000007/0000083402-10-000007-index.html,https://www.sec.gov/Archives/edgar/data/1332551/000008340210000007/rccform10k123109.htm
2008-12-31,XAN,2009-03-16 00:00:00,2009-03-16 17:18:06,FY,-3100000,1000000,0,540000,4500000,3526000,0,-962000,10863000,48500000,51000000,0,0,0,0,0,65700000,27823000,0,0,-41200000,0,-108100000,0,8600000,14600000,6000000,51000000,0,51000000,https://www.sec.gov/Archives/edgar/data/1332551/000133255109000008/0001332551-09-000008-index.html,https://www.sec.gov/Archives/edgar/data/1332551/000133255109000008/rccform10k123108.htm
2007-12-31,XAN,2008-03-17,2008-03-17 17:24:07,FY,8900000,800000,0,1565000,-23500000,-4881000,0,54000,2071000,37200000,23400000,0,0,-87378000,0,0,-665000000,26366000,0,12600000,-38000000,0,642300000,0,700000,6100000,5400000,23400000,0,23400000,https://www.sec.gov/Archives/edgar/data/1332551/000008340208000009/rccform10k123107.htm,https://www.sec.gov/Archives/edgar/data/1332551/000008340208000009/rccform10k123107.htm
2006-12-31,XAN,2007-03-30,2007-03-30 12:26:40,FY,15600000,400000,0,2432000,-14500000,332000,0,1698000,3628000,11400000,12900000,-6000,0,-40147000,0,0,246900000,41895000,120232000,120200000,-24500000,0,-272100000,0,-12400000,5300000,17700000,12900000,0,12900000,https://www.sec.gov/Archives/edgar/data/1332551/000008340207000035/rrcform10k123106.htm,https://www.sec.gov/Archives/edgar/data/1332551/000008340207000035/rrcform10k123106.htm
2005-12-31,XAN,,,FY,10900000,0,0,0,-27700000,0,0,0,0,2600000,-14200000,0,0,0,0,0,-2006100000,0,0,214800000,-7800000,0,2038000000,0,17700000,17700000,0,-14200000,0,-14200000,,
