date,symbol,fillingDate,acceptedDate,period,revenue,costOfRevenue,grossProfit,grossProfitRatio,researchAndDevelopmentExpenses,generalAndAdministrativeExpenses,sellingAndMarketingExpenses,otherExpenses,operatingExpenses,costAndExpenses,interestExpense,depreciationAndAmortization,ebitda,ebitdaratio,operatingIncome,operatingIncomeRatio,totalOtherIncomeExpensesNet,incomeBeforeTax,incomeBeforeTaxRatio,incomeTaxExpense,netIncome,netIncomeRatio,eps,epsdiluted,weightedAverageShsOut,weightedAverageShsOutDil,link,finalLink
2019-12-31,GOOGL,2020-02-04,2020-02-03 21:03:59,FY,161857000000.0,71896000000.0,89961000000.0,0.555805,26018000000.0,28015000000.0,18464000000.0,5394000000.0,55730000000.0,127626000000.0,100000000.0,11781000000.0,51506000000.0,0.318219,34231000000.0,0.211489,-79000000.0,39625000000.0,0.244815,5282000000.0,34343000000.0,0.212181,51.26832,51.26832,698556000,698556000,https://www.sec.gov/Archives/edgar/data/1652044/000165204420000008/goog10-k2019.htm,https://www.sec.gov/Archives/edgar/data/1652044/000165204420000008/goog10-k2019.htm
2018-12-31,GOOGL,2019-02-05,2019-02-04 21:06:38,FY,136819000000.0,59549000000.0,77270000000.0,0.564761,21419000000.0,23256000000.0,16333000000.0,8592000000.0,49746000000.0,109295000000.0,114000000.0,9035000000.0,44062000000.0,0.322046,27524000000.0,0.201171,-994000000.0,34913000000.0,0.255177,4177000000.0,30736000000.0,0.224647,50.05127,50.05127,703285000,703285000,https://www.sec.gov/Archives/edgar/data/1652044/000165204419000004/goog10-kq42018.htm,https://www.sec.gov/Archives/edgar/data/1652044/000165204419000004/goog10-kq42018.htm
2017-12-31,GOOGL,2018-02-06,2018-02-05 20:46:29,FY,110855000000.0,45583000000.0,65272000000.0,0.588805,16625000000.0,19733000000.0,12893000000.0,1047000000.0,39094000000.0,84677000000.0,109000000.0,6915000000.0,24393000000.0,0.220044,26178000000.0,0.236146,250000000.0,27193000000.0,0.245302,4707000000.0,12662000000.0,0.114221,35.17478,35.17478,703584000,703584000,https://www.sec.gov/Archives/edgar/data/1652044/000165204418000007/goog10-kq42017.htm,https://www.sec.gov/Archives/edgar/data/1652044/000165204418000007/goog10-kq42017.htm
2016-12-31,GOOGL,2017-02-03,2017-02-02 18:13:47,FY,90272000000.0,35138000000.0,55134000000.0,0.610754,13948000000.0,17470000000.0,10485000000.0,434000000.0,31418000000.0,66556000000.0,124000000.0,6144000000.0,30418000000.0,0.336959,23716000000.0,0.262717,344000000.0,24150000000.0,0.267525,4672000000.0,19478000000.0,0.21577,27.87725,27.87725,698706000,698706000,https://www.sec.gov/Archives/edgar/data/1652044/000165204417000008/goog10-kq42016.htm,https://www.sec.gov/Archives/edgar/data/1652044/000165204417000008/goog10-kq42016.htm
2015-12-31,GOOGL,2016-02-11,2016-02-11 16:38:35,FY,74989000000.0,28164000000.0,46825000000.0,0.624425,12282000000.0,15183000000.0,9047000000.0,291000000.0,27465000000.0,55629000000.0,104000000.0,5063000000.0,24818000000.0,0.330955,19360000000.0,0.258171,256000000.0,19651000000.0,0.262052,3303000000.0,16348000000.0,0.218005,22.83925,22.83925,692930000,692930000,https://www.sec.gov/Archives/edgar/data/1652044/000165204416000012/goog10-k2015.htm,https://www.sec.gov/Archives/edgar/data/1652044/000165204416000012/goog10-k2015.htm
2014-12-31,GOOGL,,,FY,66001000000.0,25313000000.0,40688000000.0,0.616476,9832000000.0,13982000000.0,0.0,0.0,24192000000.0,49505000000.0,585000000.0,4979000000.0,23339000000.0,0.353616,16496000000.0,0.249936,178000000.0,17259000000.0,0.261496,3639000000.0,14136000000.0,0.214179,20.26,20.26,687000000,687000000,,
2013-12-31,GOOGL,,,FY,55519000000.0,21993000000.0,33526000000.0,0.603865,7137000000.0,10986000000.0,0.0,0.0,18123000000.0,40116000000.0,305000000.0,3939000000.0,19716000000.0,0.355122,15403000000.0,0.277437,248000000.0,15899000000.0,0.28637,2739000000.0,12733000000.0,0.229345,17.92,17.92,737000000,737000000,,
2012-12-31,GOOGL,,,FY,46039000000.0,17176000000.0,28863000000.0,0.626925,6083000000.0,8946000000.0,0.0,0.0,15029000000.0,32205000000.0,-145000000.0,2962000000.0,16470000000.0,0.35774,13834000000.0,0.300484,592000000.0,14469000000.0,0.314277,2916000000.0,10737000000.0,0.233215,17.16,17.16,665000000,665000000,,
2011-12-31,GOOGL,,,FY,37905000000.0,13188000000.0,24717000000.0,0.652078,5162000000.0,7313000000.0,0.0,0.0,13085000000.0,26273000000.0,629000000.0,1851000000.0,14806000000.0,0.390608,11632000000.0,0.306872,65000000.0,12326000000.0,0.325181,2589000000.0,9737000000.0,0.256879,15.61,15.61,654000000,654000000,,
2010-12-31,GOOGL,,,FY,29321000000.0,10417000000.0,18904000000.0,0.644726,3762000000.0,4761000000.0,0.0,0.0,8523000000.0,18940000000.0,404000000.0,1396000000.0,12596000000.0,0.42959,10381000000.0,0.354047,11000000.0,10796000000.0,0.3682,2291000000.0,8505000000.0,0.290065,13.16,13.16,647000000,647000000,,
2009-12-31,GOOGL,,,FY,23651000000.0,8844000000.0,14806000000.0,0.62602,2843000000.0,3651000000.0,0.0,0.0,6494000000.0,15338000000.0,67000000.0,1524000000.0,9972000000.0,0.421631,8312000000.0,0.351444,2000000.0,8381000000.0,0.354361,1861000000.0,6520000000.0,0.275675,10.21,10.21,639000000,639000000,,
2008-12-31,GOOGL,,,FY,21796000000.0,8622000000.0,13174000000.0,0.604423,2793000000.0,3749000000.0,0.0,0.0,7636000000.0,16258000000.0,312000000.0,1500000000.0,7666000000.0,0.351716,5537000000.0,0.254037,5000000.0,5854000000.0,0.268581,1627000000.0,4227000000.0,0.193935,7.9,7.9,635000000,635000000,,
2007-12-31,GOOGL,,,FY,16594000000.0,6649000000.0,9945000000.0,0.599313,2120000000.0,2741000000.0,0.0,0.0,4861000000.0,11510000000.0,594000000.0,968000000.0,7236000000.0,0.436061,5084000000.0,0.306376,-5000000.0,5674000000.0,0.341931,1470000000.0,4204000000.0,0.253345,6.65,6.65,632000000,632000000,,
2006-12-31,GOOGL,,,FY,10605000000.0,4225000000.0,6380000000.0,0.601603,1229000000.0,1601000000.0,0.0,0.0,2830000000.0,7055000000.0,458000000.0,572000000.0,5041000000.0,0.475342,3550000000.0,0.334748,3000000.0,4011000000.0,0.378218,934000000.0,3077000000.0,0.290146,4.97,4.97,619000000,619000000,,
2005-12-31,GOOGL,,,FY,6139000000.0,2577000000.0,3561000000.0,0.580062,600000000.0,855000000.0,0.0,0.0,1544000000.0,4121000000.0,120000000.0,294000000.0,2555000000.0,0.416192,2017000000.0,0.328555,4000000.0,2142000000.0,0.348917,676000000.0,1465000000.0,0.238638,2.62,2.62,584000000,584000000,,
2004-12-31,GOOGL,,,FY,3189000000.0,1469000000.0,1720000000.0,0.539354,395000000.0,484000000.0,0.0,0.0,1080000000.0,2549000000.0,15000000.0,149000000.0,814000000.0,0.255252,640000000.0,0.20069,-5000000.0,650000000.0,0.203826,251000000.0,399000000.0,0.125118,0.96,0.96,546000000,546000000,,
2003-12-31,GOOGL,,,FY,1466000000.0,634000000.0,832000000.0,0.567531,230000000.0,259000000.0,0.0,0.0,489000000.0,1123000000.0,1000000.0,50000000.0,398000000.0,0.271487,342000000.0,0.233288,3000000.0,347000000.0,0.236698,241000000.0,106000000.0,0.072306,0.21,0.21,513000000,513000000,,
2002-12-31,GOOGL,,,FY,440000000.0,133000000.0,307000000.0,0.697727,40000000.0,80000000.0,0.0,0.0,120000000.0,253000000.0,-1000000.0,18000000.0,202000000.0,0.459091,186000000.0,0.422727,0.0,185000000.0,0.420455,85000000.0,100000000.0,0.227273,0.23,0.23,441000000,441000000,,
2001-12-31,GOOGL,,,FY,86000000.0,15000000.0,71000000.0,0.825581,21000000.0,39000000.0,0.0,0.0,60000000.0,75000000.0,-1000000.0,10000000.0,19000000.0,0.22093,11000000.0,0.127907,0.0,10000000.0,0.116279,3000000.0,7000000.0,0.081395,0.02,0.02,374000000,374000000,,
2000-12-31,GOOGL,,,FY,19000000.0,6000000.0,13000000.0,0.684211,12000000.0,16000000.0,0.0,0.0,28000000.0,34000000.0,0.0,0.0,-15000000.0,-0.789474,-15000000.0,-0.789474,0.0,-15000000.0,-0.789474,0.0,-15000000.0,-0.789474,-0.11,-0.11,134000000,134000000,,
1999-12-31,GOOGL,,,FY,0.0,1000000.0,-1000000.0,0.0,3000000.0,3000000.0,0.0,0.0,6000000.0,7000000.0,0.0,0.0,-6000000.0,0.0,-7000000.0,0.0,0.0,-6000000.0,0.0,0.0,-6000000.0,0.0,-0.07,-0.07,85000000,85000000,,
