date,symbol,fillingDate,acceptedDate,period,revenue,costOfRevenue,grossProfit,grossProfitRatio,researchAndDevelopmentExpenses,generalAndAdministrativeExpenses,sellingAndMarketingExpenses,otherExpenses,operatingExpenses,costAndExpenses,interestExpense,depreciationAndAmortization,ebitda,ebitdaratio,operatingIncome,operatingIncomeRatio,totalOtherIncomeExpensesNet,incomeBeforeTax,incomeBeforeTaxRatio,incomeTaxExpense,netIncome,netIncomeRatio,eps,epsdiluted,weightedAverageShsOut,weightedAverageShsOutDil,link,finalLink
2019-12-31,NETE,,,FY,64999610.0,54721710.0,10277900.0,0.158122,272830.0,12531190.0,0.0,61242992.0,17189629.999999993,71911340.0,1112527.0,3120240.0,-2225613.0,-0.03424,-6911730.0,-0.106335,1459620.0,-6564640.0,-0.100995,0.0,-6458380.0,-0.09936,-1.28478,-1.28478,4041960.0,4041960.0,,
2018-12-31,NETE,,,FY,65786820.0,55617170.0,10169650.0,0.154585,154460.0,11797100.0,0.0,60359250.0,15136769.999999998,70753940.0,847179.0,2454640.0,-1634361.0,-0.024843,-4967120.0,-0.075503,791570.0,-5022730.0,-0.076349,0.0,-4936180.0,-0.075033,-1.08719,-1.08719,3868320.0,3868320.0,,
2017-12-31,NETE,,,FY,60064820.0,51237210.0,8827610.0,0.146968,0.0,14891050.0,0.0,58032469.0,17425030.0,68662240.0,114802.0,2533990.0,-7264698.0,-0.120948,-8597420.0,-0.143136,-236010.0,-10023050.0,-0.166871,0.0,-9913490.0,-0.165047,-5.03817,-5.03817,1967680.0,1967680.0,,
2016-12-31,NETE,,,FY,54286860.0,45708240.0,8578620.0,0.158024,0.0,13949560.0,0.0,54326424.0,17416069.999999996,63124310.0,852408.0,3466510.0,-9168622.0,-0.168892,-8837450.0,-0.162792,-3314800.0,-13616080.0,-0.250817,0.0,-13487540.0,-0.248449,-10.32894,-10.32894,1305800.0,1305800.0,,
2015-12-31,NETE,,,FY,40235360.0,33977220.0,6258140.0,0.155538,0.0,14266350.0,0.0,37139948.0,-10964470.000000002,23012749.999999996,-30508200.0,2513160.0,-41248650.0,-1.025184,17222610.0,0.428047,-82710.0,-13327930.0,-0.331249,0.0,-13253610.0,-0.329402,-66.69105,-66.69105,639110.0,639110.0,,
2014-12-31,NETE,,,FY,21236700.0,15925920.0,5310780.0,0.250076,0.0,10200100.0,0.0,17088670.0,17146460.000000004,33072380.000000004,1863470.0,2358140.0,-5963910.0,-0.28083,-11835680.0,-0.557322,-155410.0,-10214770.0,-0.480996,0.0,-10185520.0,-0.479619,-14.79033,-14.79033,372550.0,372550.0,,
2013-12-31,NETE,,,FY,18750000.0,13370000.0,5370000.0,0.2864,60000.0,35140000.0,0.0,35329535.0,50130000.0,63500000.0,-2980000.0,2240000.0,-48836716.0,-2.604625,-44750000.0,-2.386667,-160000.0,-47890000.0,-2.554133,213284.0,-48310000.0,-2.576533,-136.05,-136.05,280000.0,280000.0,,
2012-12-31,NETE,,,FY,1380000.0,830000.0,550000.0,0.398551,0.0,13730000.0,0.0,0.0,14000000.0,14830000.0,370000.0,270000.0,-15590000.0,-11.297101,-13440000.0,-9.73913,0.0,-13070000.0,-9.471014,160000.0,-16390000.0,-11.876812,-61.28,-61.28,210000.0,210000.0,,
2011-12-31,NETE,2012-03-30 00:00:00,2012-03-30 13:34:31,FY,180000.0,600000.0,-410000.0,-2.277778,500000.0,23830000.0,0.0,46925.0,24639999.999999996,25239999.999999996,-170000.0,310000.0,-24710000.0,-137.277778,-25060000.0,-139.222222,-50000.0,-25270000.0,-140.388889,0.0,-24850000.0,-138.055556,-137.5,-137.5,180000.0,180000.0,https://www.sec.gov/Archives/edgar/data/1293330/000114420412018554/0001144204-12-018554-index.html,https://www.sec.gov/Archives/edgar/data/1293330/000114420412018554/v306931_10k.htm
2010-12-31,NETE,,,FY,0.0,0.0,0.0,0.0,0.0,170000.0,0.0,0.0,170000.0,170000.0,10000.0,0.0,-150000.0,0.0,-170000.0,0.0,0.0,-160000.0,0.0,0.0,-160000.0,0.0,-5.76,-5.76,30000.0,30000.0,,
2009-12-31,NETE,,,FY,0.0,0.0,0.0,0.0,0.0,0.0,0.0,0.0,0.0,0.0,0.0,0.0,0.0,0.0,0.0,0.0,0.0,0.0,0.0,0.0,0.0,0.0,0.0,0.0,0.0,0.0,,
