date,symbol,fillingDate,acceptedDate,period,revenue,costOfRevenue,grossProfit,grossProfitRatio,researchAndDevelopmentExpenses,generalAndAdministrativeExpenses,sellingAndMarketingExpenses,otherExpenses,operatingExpenses,costAndExpenses,interestExpense,depreciationAndAmortization,ebitda,ebitdaratio,operatingIncome,operatingIncomeRatio,totalOtherIncomeExpensesNet,incomeBeforeTax,incomeBeforeTaxRatio,incomeTaxExpense,netIncome,netIncomeRatio,eps,epsdiluted,weightedAverageShsOut,weightedAverageShsOutDil,link,finalLink
2019-12-31,TWTR,2020-02-19 00:00:00,2020-02-18 17:53:51,FY,3459329000,1137041000,2322288000,0.671312,682281000,1273634000,913813000.0,4243000.0,1957515000.0,3094556000.0,138180000.0,465549000,993868000.0,0.287301,364773000,0.105446,-4357000.0,390139000,0.112779,-1075520000.0,1465659000,0.423683,1.86714,1.86714,785531000,785531000,https://www.sec.gov/Archives/edgar/data/1418091/000141809120000037/0001418091-20-000037-index.html,https://www.sec.gov/Archives/edgar/data/1418091/000141809120000037/twtr-20191231.htm
2018-12-31,TWTR,2019-02-21 00:00:00,2019-02-20 20:45:48,FY,3042359000,964997000,2077362000,0.682813,553858000,1070179000,771361000.0,-8396000.0,1627037000.0000002,2592034000.0000005,132606000.0,425498000,981648000.0,0.32266,450325000,0.148018,-5396000.0,423544000,0.139216,-782052000.0,1205596000,0.39627,1.55921,1.55921,772686000,772686000,https://www.sec.gov/Archives/edgar/data/1418091/000156459019003523/0001564590-19-003523-index.html,https://www.sec.gov/Archives/edgar/data/1418091/000156459019003523/twtr-10k_20181231.htm
2017-12-31,TWTR,2018-02-23 00:00:00,2018-02-23 16:51:18,FY,2443299000,861242000,1582057000,0.647509,542010000,1001307000,717419000.0,-28921000.0,1605756000.0,2466998000.0,105237000.0,395867000,405686000.0,0.16604,-23699000,-0.0097,33518000.0,-95418000,-0.039053,12645000.0,-108063000,-0.044228,0.38473,0.38473,732702000,732702000,https://www.sec.gov/Archives/edgar/data/1418091/000156459018003046/0001564590-18-003046-index.html,https://www.sec.gov/Archives/edgar/data/1418091/000156459018003046/twtr-10k_20171231.htm
2016-12-31,TWTR,2017-02-27 00:00:00,2017-02-27 16:56:45,FY,2529619000,932240000,1597379000,0.63147,713482000,1251105000,957829000.0,26342000.0,1964587000.0000002,2896827000.0,99968000.0,402172000,61306000.0,0.024235,-367208000,-0.145163,26342000.0,-440834000,-0.174269,16039000.0,-456873000,-0.180609,-0.55692,-0.55692,702135000,702135000,https://www.sec.gov/Archives/edgar/data/1418091/000156459017002584/0001564590-17-002584-index.html,https://www.sec.gov/Archives/edgar/data/1418091/000156459017002584/twtr-10k_20161231.htm
2015-12-31,TWTR,2016-02-29 00:00:00,2016-02-29 07:01:57,FY,2218032000,729256000,1488776000,0.671215,806648000,1132164000,871491000.0,14909000.0,1938812000.0000005,2668068000.0000005,98178000.0,312823000,-122304000.0,-0.055141,-450036000,-0.202899,14909000.0,-533305000,-0.240441,-12274000.0,-521031000,-0.234907,-0.78655,-0.78655,662424000,662424000,https://www.sec.gov/Archives/edgar/data/1418091/000156459016013646/0001564590-16-013646-index.html,https://www.sec.gov/Archives/edgar/data/1418091/000156459016013646/twtr-10k_20151231.htm
2014-12-31,TWTR,2015-03-02,2015-03-02 09:35:45,FY,1403000000,446300000,956700000,0.681896,691500000,804000000,614110000.0,-33985000.0,1495600000.0,1941900000.0,-34000000.0,208200000,-404131000.0,-0.288048,-538900000,-0.384105,-5500000.0,-578400000,-0.412259,-531000.0,-577800000,-0.411832,-0.96,-0.96,605000000,605000000,https://www.sec.gov/Archives/edgar/data/1418091/000156459015001159/twtr-10k_20141231.htm,https://www.sec.gov/Archives/edgar/data/1418091/000156459015001159/twtr-10k_20141231.htm
2013-12-31,TWTR,,,FY,664900000,266700000,398200000,0.598887,594000000,440000000,0.0,0.0,1034000000.0,1300700000.0,-6900000.0,110900000,-543100000.0,-0.816815,-635800000,-0.956234,-4500000.0,-647100000,-0.973229,-1800000.0,-645300000,-0.970522,-3.41,-3.41,189500000,189500000,,
2012-12-31,TWTR,,,FY,316900000,128800000,188200000,0.593878,119000000,146200000,0.0,0.0,265200000.0,394000000.0,-2500000.0,72500000,-9200000.0,-0.029031,-77100000,-0.243294,400000.0,-79200000,-0.249921,200000.0,-79400000,-0.250552,-0.17,-0.17,474700000,474700000,,
2011-12-31,TWTR,,,FY,106300000,61800000,44500000,0.418627,80200000,91700000,0.0,0.0,171899999.99999997,233699999.99999997,-800000.0,24200000,-106300000.0,-1.0,-127400000,-1.198495,-1500000.0,-129700000,-1.220132,-1400000.0,-128300000,-1.206961,-0.35,-0.35,474700000,474700000,,
2010-12-31,TWTR,,,FY,28300000,43200000,-14900000,-0.526502,29300000,23200000,0.0,0.0,52599999.99999999,95800000.0,100000.0,10400000,-57000000.0,-2.014134,-67500000,-2.385159,-100000.0,-67500000,-2.385159,-200000.0,-67300000,-2.378092,-0.14,-0.14,474700000,474700000,,
