date,symbol,fillingDate,acceptedDate,period,netIncome,depreciationAndAmortization,deferredIncomeTax,stockBasedCompensation,changeInWorkingCapital,accountsReceivables,inventory,accountsPayables,otherWorkingCapital,otherNonCashItems,netCashProvidedByOperatingActivities,investmentsInPropertyPlantAndEquipment,acquisitionsNet,purchasesOfInvestments,salesMaturitiesOfInvestments,otherInvestingActivites,netCashUsedForInvestingActivites,debtRepayment,commonStockIssued,commonStockRepurchased,dividendsPaid,otherFinancingActivites,netCashUsedProvidedByFinancingActivities,effectOfForexChangesOnCash,netChangeInCash,cashAtEndOfPeriod,cashAtBeginningOfPeriod,operatingCashFlow,capitalExpenditure,freeCashFlow,link,finalLink
2020-04-30,A,2020-06-01 00:00:00,2020-05-29 20:10:41,Q2,101000000,76000000.0,-13000000.0,17000000.0,38000000.0,65000000.0,5000000.0,5000000.0,1226000000.0,111000000.0,313000000.0,-33000000.0,0.0,0.0,0.0,0.0,-53000000.0,0.0,0.0,-126000000.0,-55000000.0,0.0,-156000000.0,-7000000.0,97000000.0,1323000000.0,1226000000.0,313000000.0,-33000000,280000000.0,https://www.sec.gov/Archives/edgar/data/1090872/000109087220000010/0001090872-20-000010-index.html,https://www.sec.gov/Archives/edgar/data/1090872/000109087220000010/a-04302020x10q.htm
2020-01-31,A,2020-03-03 00:00:00,2020-03-03 16:10:23,Q1,197000000,79000000.0,10000000.0,27000000.0,-362000000.0,-40000000.0,4000000.0,-15000000.0,1210000000.0,17000000.0,-59000000.0,-34000000.0,0.0,0.0,0.0,0.0,-35000000.0,-4000000.0,0.0,-28000000.0,-56000000.0,0.0,-61000000.0,-1000000.0,-156000000.0,1226000000.0,1382000000.0,-59000000.0,-34000000,-93000000.0,https://www.sec.gov/Archives/edgar/data/1090872/000109087220000004/0001090872-20-000004-index.html,https://www.sec.gov/Archives/edgar/data/1090872/000109087220000004/a-01312020x10q.htm
2019-10-31,A,2019-12-19,2019-12-19 17:11:01,Q4,194000000,76000000.0,12000000.0,15000000.0,-1000000.0,-48000000.0,7000000.0,29000000.0,1109000000.0,33000000.0,314000000.0,-30000000.0,-1160000000.0,0.0,0.0,0.0,-1193000000.0,-702000000.0,0.0,-47000000.0,-51000000.0,0.0,497000000.0,-1000000.0,-383000000.0,1382000000.0,1765000000.0,314000000.0,-30000000,284000000.0,https://www.sec.gov/Archives/edgar/data/1090872/000109087219000022/a-10312019x10k.htm,https://www.sec.gov/Archives/edgar/data/1090872/000109087219000022/a-10312019x10k.htm
2019-07-31,A,2019-08-30 00:00:00,2019-08-30 16:29:30,Q3,191000000,55000000.0,5000000.0,17000000.0,-33000000.0,-41000000.0,5000000.0,8000000.0,1835000000.0,24000000.0,242000000.0,-47000000.0,0.0,0.0,0.0,0.0,-51000000.0,0.0,0.0,-530000000.0,-51000000.0,0.0,-582000000.0,1000000.0,-390000000.0,1765000000.0,2155000000.0,242000000.0,-48000000,194000000.0,https://www.sec.gov/Archives/edgar/data/1090872/000109087219000015/0001090872-19-000015-index.html,https://www.sec.gov/Archives/edgar/data/1090872/000109087219000015/a-07312019x10q.htm
2019-04-30,A,2019-05-30 00:00:00,2019-05-30 16:08:36,Q2,182000000,53000000.0,9000000.0,16000000.0,-10000000.0,5000000.0,3000000.0,8000000.0,2694000000.0,18000000.0,252000000.0,-39000000.0,0.0,0.0,0.0,0.0,-56000000.0,0.0,0.0,-39000000.0,-52000000.0,0.0,-92000000.0,-7000000.0,97000000.0,2154000000.0,2057000000.0,252000000.0,-39000000,213000000.0,https://www.sec.gov/Archives/edgar/data/1090872/000109087219000010/0001090872-19-000010-index.html,https://www.sec.gov/Archives/edgar/data/1090872/000109087219000010/a-04302019x10q.htm
2019-01-31,A,2019-03-05 00:00:00,2019-03-05 16:08:06,Q1,504000000,54000000.0,-281000000.0,24000000.0,-95000000.0,-22000000.0,4000000.0,-16000000.0,2617000000.0,31000000.0,213000000.0,-39000000.0,-248000000.0,0.0,0.0,0.0,-290000000.0,0.0,0.0,-53000000.0,-52000000.0,0.0,-122000000.0,9000000.0,-190000000.0,2057000000.0,2247000000.0,213000000.0,-39000000,174000000.0,https://www.sec.gov/Archives/edgar/data/1090872/000109087219000006/0001090872-19-000006-index.html,https://www.sec.gov/Archives/edgar/data/1090872/000109087219000006/a-01312019x10q.htm
2018-10-31,A,2018-12-20,2018-12-20 16:27:07,Q4,195000000,56000000.0,5000000.0,14000000.0,75000000.0,-56000000.0,4000000.0,49000000.0,2677000000.0,41000000.0,372000000.0,-36000000.0,-79000000.0,0.0,0.0,0.0,-114000000.0,0.0,0.0,-83000000.0,-47000000.0,0.0,-131000000.0,-11000000.0,116000000.0,2247000000.0,2131000000.0,372000000.0,-36000000,336000000.0,https://www.sec.gov/Archives/edgar/data/1090872/000109087218000019/a-10312018x10k.htm,https://www.sec.gov/Archives/edgar/data/1090872/000109087218000019/a-10312018x10k.htm
2018-07-31,A,2018-08-30 00:00:00,2018-08-30 16:14:52,Q3,236000000,53000000.0,-8000000.0,13000000.0,-87000000.0,12000000.0,5000000.0,5000000.0,2653000000.0,3000000.0,197000000.0,-33000000.0,-430000000.0,0.0,0.0,0.0,-473000000.0,-442000000.0,0.0,-226000000.0,-48000000.0,0.0,-589000000.0,-15000000.0,-880000000.0,2131000000.0,3011000000.0,197000000.0,-33000000,164000000.0,https://www.sec.gov/Archives/edgar/data/1090872/000109087218000015/0001090872-18-000015-index.html,https://www.sec.gov/Archives/edgar/data/1090872/000109087218000015/a-07312018x10q.htm
2018-04-30,A,2018-05-31 00:00:00,2018-05-31 16:08:35,Q2,205000000,50000000.0,-7000000.0,12000000.0,30000000.0,-16000000.0,12000000.0,-11000000.0,3160000000.0,25000000.0,303000000.0,-48000000.0,-1000000.0,0.0,0.0,0.0,-50000000.0,-112000000.0,0.0,-35000000.0,-48000000.0,0.0,-114000000.0,-15000000.0,124000000.0,3011000000.0,2887000000.0,303000000.0,-48000000,255000000.0,https://www.sec.gov/Archives/edgar/data/1090872/000109087218000009/0001090872-18-000009-index.html,https://www.sec.gov/Archives/edgar/data/1090872/000109087218000009/a-04302018x10q.htm
2018-01-31,A,2018-03-06 00:00:00,2018-03-05 19:06:24,Q1,-320000000,51000000.0,-6000000.0,31000000.0,453000000.0,-5000000.0,5000000.0,-3000000.0,3036000000.0,37000000.0,215000000.0,-60000000.0,-6000000.0,0.0,0.0,0.0,-67000000.0,-139000000.0,0.0,-22000000.0,-48000000.0,0.0,37000000.0,24000000.0,209000000.0,2887000000.0,2678000000.0,215000000.0,-60000000,155000000.0,https://www.sec.gov/Archives/edgar/data/1090872/000109087218000004/0001090872-18-000004-index.html,https://www.sec.gov/Archives/edgar/data/1090872/000109087218000004/a-01312018x10q.htm
2017-10-31,A,2017-12-21,2017-12-21 16:27:19,Q4,177000000,52000000.0,19000000.0,12000000.0,21000000.0,-52000000.0,5000000.0,-9000000.0,2906000000.0,19000000.0,288000000.0,-58000000.0,-1000000.0,0.0,0.0,0.0,-60000000.0,-290000000.0,0.0,8000000.0,-43000000.0,0.0,-106000000.0,-7000000.0,115000000.0,2678000000.0,2563000000.0,288000000.0,-58000000,230000000.0,https://www.sec.gov/Archives/edgar/data/1090872/000109087217000018/a-10312017x10k.htm,https://www.sec.gov/Archives/edgar/data/1090872/000109087217000018/a-10312017x10k.htm
2017-07-31,A,2017-09-06 00:00:00,2017-09-06 16:13:27,Q3,175000000,51000000.0,63000000.0,13000000.0,-81000000.0,19000000.0,4000000.0,5000000.0,2755000000.0,20000000.0,228000000.0,-43000000.0,-57000000.0,0.0,0.0,0.0,-101000000.0,0.0,0.0,32000000.0,-42000000.0,0.0,29000000.0,18000000.0,174000000.0,2563000000.0,2389000000.0,228000000.0,-43000000,185000000.0,https://www.sec.gov/Archives/edgar/data/1090872/000109087217000013/0001090872-17-000013-index.html,https://www.sec.gov/Archives/edgar/data/1090872/000109087217000013/a-07312017x10q.htm
2017-04-30,A,2017-06-06 00:00:00,2017-06-06 16:05:37,Q2,164000000,54000000.0,4000000.0,15000000.0,12000000.0,-17000000.0,8000000.0,-3000000.0,2613000000.0,23000000.0,257000000.0,-43000000.0,0.0,0.0,0.0,0.0,-43000000.0,0.0,0.0,-75000000.0,-43000000.0,0.0,-67000000.0,1000000.0,148000000.0,2389000000.0,2241000000.0,257000000.0,-43000000,214000000.0,https://www.sec.gov/Archives/edgar/data/1090872/000109087217000008/0001090872-17-000008-index.html,https://www.sec.gov/Archives/edgar/data/1090872/000109087217000008/a-04302017x10q.htm
2017-01-31,A,2017-03-08 00:00:00,2017-03-08 16:42:20,Q1,168000000,55000000.0,16000000.0,20000000.0,-152000000.0,-31000000.0,7000000.0,9000000.0,2546000000.0,29000000.0,116000000.0,-32000000.0,-70000000.0,0.0,0.0,0.0,-101000000.0,0.0,0.0,-93000000.0,-42000000.0,0.0,-58000000.0,-5000000.0,-48000000.0,2241000000.0,2289000000.0,116000000.0,-32000000,84000000.0,https://www.sec.gov/Archives/edgar/data/1090872/000109087217000004/0001090872-17-000004-index.html,https://www.sec.gov/Archives/edgar/data/1090872/000109087217000004/a-01312017x10q.htm
2016-10-31,A,2016-12-20,2016-12-20 16:22:19,Q4,126000000,56000000.0,-31000000.0,11000000.0,40000000.0,-52000000.0,4000000.0,12000000.0,2690000000.0,43000000.0,234000000.0,-52000000.0,-26000000.0,0.0,0.0,0.0,-78000000.0,-292000000.0,0.0,-43000000.0,-38000000.0,0.0,-56000000.0,-10000000.0,90000000.0,2289000000.0,2199000000.0,234000000.0,-52000000,182000000.0,https://www.sec.gov/Archives/edgar/data/1090872/000109087216000082/a-10312016x10k.htm,https://www.sec.gov/Archives/edgar/data/1090872/000109087216000082/a-10312016x10k.htm
2016-07-31,A,2016-09-07 00:00:00,2016-09-07 16:14:46,Q3,122000000,60000000.0,-1000000.0,11000000.0,-5000000.0,0.0,4000000.0,26000000.0,2379000000.0,23000000.0,199000000.0,-24000000.0,0.0,0.0,0.0,0.0,-24000000.0,0.0,0.0,-67000000.0,-37000000.0,0.0,-110000000.0,-5000000.0,60000000.0,2199000000.0,2139000000.0,199000000.0,-24000000,175000000.0,https://www.sec.gov/Archives/edgar/data/1090872/000109087216000076/0001090872-16-000076-index.html,https://www.sec.gov/Archives/edgar/data/1090872/000109087216000076/a-07312016x10q.htm
2016-04-30,A,2016-06-07 00:00:00,2016-06-06 18:56:31,Q2,93000000,64000000.0,31000000.0,13000000.0,34000000.0,34000000.0,8000000.0,-35000000.0,2355000000.0,27000000.0,249000000.0,-25000000.0,0.0,0.0,0.0,0.0,-108000000.0,0.0,0.0,-86000000.0,-37000000.0,0.0,37000000.0,30000000.0,208000000.0,2139000000.0,1931000000.0,249000000.0,-25000000,224000000.0,https://www.sec.gov/Archives/edgar/data/1090872/000109087216000070/0001090872-16-000070-index.html,https://www.sec.gov/Archives/edgar/data/1090872/000109087216000070/a-04302016x10q.htm
2016-01-31,A,2016-03-08 00:00:00,2016-03-08 16:14:06,Q1,121000000,66000000.0,4000000.0,23000000.0,-109000000.0,-15000000.0,4000000.0,-18000000.0,2452000000.0,29000000.0,111000000.0,-38000000.0,-235000000.0,0.0,0.0,0.0,-28000000.0,0.0,0.0,-176000000.0,-38000000.0,0.0,-139000000.0,-16000000.0,-72000000.0,1931000000.0,2003000000.0,111000000.0,-38000000,73000000.0,https://www.sec.gov/Archives/edgar/data/1090872/000109087216000056/0001090872-16-000056-index.html,https://www.sec.gov/Archives/edgar/data/1090872/000109087216000056/a-01312016x10q.htm
2015-10-31,A,2015-12-21,2015-12-18 19:33:31,Q4,140000000,60000000.0,86000000.0,11000000.0,-72000000.0,-25000000.0,10000000.0,21000000.0,2710000000.0,27000000.0,241000000.0,-27000000.0,-8000000.0,0.0,0.0,0.0,-275000000.0,0.0,0.0,1000000.0,-33000000.0,0.0,-33000000.0,-5000000.0,-72000000.0,2003000000.0,2075000000.0,241000000.0,-27000000,214000000.0,https://www.sec.gov/Archives/edgar/data/1090872/000109087215000051/a-10312015x10k.htm,https://www.sec.gov/Archives/edgar/data/1090872/000109087215000051/a-10312015x10k.htm
2015-07-31,A,2015-09-02 00:00:00,2015-09-02 16:05:10,Q3,111000000,62000000.0,-20000000.0,10000000.0,-70000000.0,-15000000.0,7000000.0,-12000000.0,2625000000.0,25000000.0,108000000.0,-19000000.0,-66000000.0,0.0,0.0,0.0,-87000000.0,0.0,0.0,-82000000.0,-33000000.0,0.0,-127000000.0,-16000000.0,-122000000.0,2075000000.0,2197000000.0,108000000.0,-19000000,89000000.0,https://www.sec.gov/Archives/edgar/data/1090872/000109087215000039/0001090872-15-000039-index.html,https://www.sec.gov/Archives/edgar/data/1090872/000109087215000039/a-07312015x10q.htm
2015-04-30,A,2015-06-05 00:00:00,2015-06-05 16:03:58,Q2,87000000,63000000.0,-2000000.0,11000000.0,13000000.0,31000000.0,9000000.0,4000000.0,2690000000.0,22000000.0,183000000.0,-20000000.0,0.0,0.0,0.0,0.0,-7000000.0,0.0,0.0,-130000000.0,-33000000.0,0.0,-101000000.0,4000000.0,79000000.0,2197000000.0,2118000000.0,183000000.0,-20000000,163000000.0,https://www.sec.gov/Archives/edgar/data/1090872/000109087215000032/0001090872-15-000032-index.html,https://www.sec.gov/Archives/edgar/data/1090872/000109087215000032/a-04302015x10q.htm
2015-01-31,A,2015-03-10,2015-03-09 17:32:04,Q1,63000000,68000000.0,6000000.0,22000000.0,-186000000.0,-15000000.0,4000000.0,-39000000.0,2726000000.0,839000000.0,790000000.0,-32000000.0,0.0,0.0,0.0,0.0,-31000000.0,0.0,0.0,2000000.0,-34000000.0,0.0,-828000000.0,-31000000.0,-100000000.0,2118000000.0,2218000000.0,790000000.0,-32000000,758000000.0,https://www.sec.gov/Archives/edgar/data/1090872/000162828015001631/a-01312015x10q.htm,https://www.sec.gov/Archives/edgar/data/1090872/000162828015001631/a-01312015x10q.htm
2014-10-31,A,2014-12-22,2014-12-22 16:05:26,Q4,68000000,93000000.0,-210000000.0,19000000.0,138000000.0,-119000000.0,40000000.0,79000000.0,3798000000.0,75000000.0,164000000.0,-43000000.0,-10000000.0,0.0,0.0,0.0,-58000000.0,-87000000.0,0.0,52000000.0,-44000000.0,0.0,561000000.0,-30000000.0,637000000.0,3028000000.0,2391000000.0,164000000.0,-43000000,121000000.0,https://www.sec.gov/Archives/edgar/data/1090872/000109087214000045/a-10312014x10k.htm,https://www.sec.gov/Archives/edgar/data/1090872/000109087214000045/a-10312014x10k.htm
2014-07-31,A,2014-09-02 00:00:00,2014-09-02 17:17:14,Q3,147000000,98000000.0,10000000.0,19000000.0,-240000000.0,3000000.0,16000000.0,-73000000.0,3255000000.0,13000000.0,28000000.0,-64000000.0,-1000000.0,0.0,0.0,0.0,-70000000.0,0.0,0.0,-9000000.0,-44000000.0,0.0,-518000000.0,1000000.0,-559000000.0,2391000000.0,2950000000.0,28000000.0,-64000000,-36000000.0,https://www.sec.gov/Archives/edgar/data/1090872/000109087214000024/0001090872-14-000024-index.html,https://www.sec.gov/Archives/edgar/data/1090872/000109087214000024/a-07312014x10q.htm
2014-04-30,A,2014-06-04 00:00:00,2014-06-04 16:08:29,Q2,139000000,97000000.0,13000000.0,22000000.0,40000000.0,-43000000.0,12000000.0,45000000.0,3658000000.0,36000000.0,325000000.0,-53000000.0,0.0,0.0,0.0,0.0,-55000000.0,0.0,0.0,-28000000.0,-44000000.0,0.0,-72000000.0,10000000.0,208000000.0,2950000000.0,2742000000.0,325000000.0,-53000000,272000000.0,https://www.sec.gov/Archives/edgar/data/1090872/000109087214000016/0001090872-14-000016-index.html,https://www.sec.gov/Archives/edgar/data/1090872/000109087214000016/a-04302014x10q.htm
2014-01-31,A,2014-03-05,2014-03-05 16:03:19,Q1,195000000,96000000.0,-5000000.0,36000000.0,-142000000.0,40000000.0,11000000.0,-1000000.0,3524000000.0,50000000.0,194000000.0,-45000000.0,-2000000.0,0.0,0.0,0.0,-47000000.0,0.0,0.0,-27000000.0,-44000000.0,0.0,-68000000.0,-12000000.0,67000000.0,2742000000.0,2675000000.0,194000000.0,-45000000,149000000.0,https://www.sec.gov/Archives/edgar/data/1090872/000109087214000005/a-01312014x10q.htm,https://www.sec.gov/Archives/edgar/data/1090872/000109087214000005/a-01312014x10q.htm
2013-10-31,A,2013-12-19,2013-12-19 16:32:11,Q4,221000000,95000000.0,-5000000.0,19000000.0,35000000.0,-17000000.0,-19000000.0,20000000.0,3381000000.0,31000000.0,377000000.0,-32000000.0,-10000000.0,-10000000.0,0.0,4000000.0,-51000000.0,250000000.0,0.0,45000000.0,-39000000.0,-205000000.0,6000000.0,13000000.0,345000000.0,2675000000.0,2330000000.0,377000000.0,-32000000,345000000.0,https://www.sec.gov/Archives/edgar/data/1090872/000109087213000029/a-10312013x10k.htm,https://www.sec.gov/Archives/edgar/data/1090872/000109087213000029/a-10312013x10k.htm
2013-07-31,A,2013-09-06 00:00:00,2013-09-06 17:24:41,Q3,168000000,91000000.0,5000000.0,17000000.0,-83000000.0,34000000.0,-28000000.0,-40000000.0,3034000000.0,34000000.0,215000000.0,-53000000.0,-1000000.0,-681000000.0,0.0,642000000.0,-54000000.0,-250000000.0,0.0,-633000000.0,-41000000.0,640000000.0,-332000000.0,-18000000.0,-189000000.0,2330000000.0,2519000000.0,215000000.0,-53000000,162000000.0,https://www.sec.gov/Archives/edgar/data/1090872/000109087213000019/0001090872-13-000019-index.html,https://www.sec.gov/Archives/edgar/data/1090872/000109087213000019/a-07312013x10q.htm
2013-04-30,A,2013-06-03 00:00:00,2013-06-03 16:11:32,Q2,166000000,92000000.0,-2000000.0,18000000.0,26000000.0,-56000000.0,-19000000.0,0.0,2910000000.0,33000000.0,315000000.0,-51000000.0,0.0,-140000000.0,0.0,120000000.0,-71000000.0,0.0,0.0,-124000000.0,-41000000.0,16000000.0,-165000000.0,-10000000.0,69000000.0,2519000000.0,2450000000.0,315000000.0,-51000000,264000000.0,https://www.sec.gov/Archives/edgar/data/1090872/000109087213000013/0001090872-13-000013-index.html,https://www.sec.gov/Archives/edgar/data/1090872/000109087213000013/a-04302013x10q.htm
2013-01-31,A,2013-03-06 00:00:00,2013-03-05 20:37:31,Q1,179000000,94000000.0,-2000000.0,31000000.0,-67000000.0,53000000.0,-34000000.0,-7000000.0,2866000000.0,41000000.0,245000000.0,-59000000.0,-10000000.0,-79000000.0,0.0,76000000.0,-72000000.0,0.0,0.0,-27000000.0,-35000000.0,51000000.0,-63000000.0,-11000000.0,99000000.0,2450000000.0,2351000000.0,245000000.0,-59000000,186000000.0,https://www.sec.gov/Archives/edgar/data/1090872/000109087213000005/0001090872-13-000005-index.html,https://www.sec.gov/Archives/edgar/data/1090872/000109087213000005/a-01312013x10q.htm
2012-10-31,A,2012-12-20,2012-12-20 16:50:44,Q4,425000000,94000000.0,-160000000.0,15000000.0,99000000.0,41000000.0,22000000.0,-30000000.0,2736000000.0,27000000.0,485000000.0,-62000000.0,-30000000.0,-94000000.0,0.0,94000000.0,-86000000.0,-1000000.0,0.0,-84000000.0,-34000000.0,157000000.0,22000000.0,7000000.0,428000000.0,2351000000.0,1923000000.0,485000000.0,-62000000,423000000.0,https://www.sec.gov/Archives/edgar/data/1090872/000109087212000018/a-10312012x10k.htm,https://www.sec.gov/Archives/edgar/data/1090872/000109087212000018/a-10312012x10k.htm
2012-07-31,A,2012-09-05 00:00:00,2012-09-05 17:30:24,Q3,243000000,84000000.0,6000000.0,59000000.0,-116000000.0,-22000000.0,-74000000.0,-1000000.0,2121000000.0,23000000.0,240000000.0,-132000000.0,-2227000000.0,-78000000.0,0.0,157000000.0,-2206000000.0,0.0,0.0,29000000.0,-35000000.0,89000000.0,-1000000.0,-6000000.0,-1973000000.0,1923000000.0,3896000000.0,240000000.0,-49000000,191000000.0,https://www.sec.gov/Archives/edgar/data/1090872/000109087212000006/0001090872-12-000006-index.html,https://www.sec.gov/Archives/edgar/data/1090872/000109087212000006/a-07312012x10q.htm
2012-04-30,A,2012-06-04 00:00:00,2012-06-04 16:18:14,Q2,255000000,61000000.0,-14000000.0,16000000.0,27000000.0,-98000000.0,7000000.0,36000000.0,4175000000.0,24000000.0,353000000.0,-37000000.0,-21000000.0,0.0,0.0,0.0,-56000000.0,0.0,0.0,-25000000.0,-35000000.0,0.0,-61000000.0,-2000000.0,234000000.0,3896000000.0,3662000000.0,353000000.0,-37000000,316000000.0,https://www.sec.gov/Archives/edgar/data/1090872/000110465912041630/0001104659-12-041630-index.html,https://www.sec.gov/Archives/edgar/data/1090872/000110465912041630/a12-13538_110q.htm
2012-01-31,A,2012-03-05 00:00:00,2012-03-05 16:06:48,Q1,230000000,62000000.0,10000000.0,27000000.0,-186000000.0,35000000.0,6000000.0,-42000000.0,4010000000.0,34000000.0,150000000.0,-46000000.0,-55000000.0,0.0,0.0,0.0,-18000000.0,0.0,0.0,8000000.0,0.0,0.0,3000000.0,0.0,135000000.0,3662000000.0,3527000000.0,150000000.0,-46000000,104000000.0,https://www.sec.gov/Archives/edgar/data/1090872/000110465912015665/0001104659-12-015665-index.html,https://www.sec.gov/Archives/edgar/data/1090872/000110465912015665/a12-6235_110q.htm
2011-10-31,A,2011-12-16,2011-12-16 16:51:36,Q4,289000000,63000000.0,8000000.0,14000000.0,121000000.0,42000000.0,10000000.0,1000000.0,3732000000.0,29000000.0,510000000.0,-50000000.0,-2000000.0,0.0,0.0,0.0,-48000000.0,0.0,0.0,-30000000.0,0.0,0.0,-30000000.0,-6000000.0,426000000.0,3527000000.0,3101000000.0,510000000.0,-50000000,460000000.0,https://www.sec.gov/Archives/edgar/data/1090872/000104746911010124/a2206674z10-k.htm,https://www.sec.gov/Archives/edgar/data/1090872/000104746911010124/a2206674z10-k.htm
2011-07-31,A,2011-09-07 00:00:00,2011-09-07 16:43:30,Q3,330000000,63000000.0,-8000000.0,14000000.0,-158000000.0,-5000000.0,7000000.0,-17000000.0,3718000000.0,25000000.0,252000000.0,-49000000.0,0.0,0.0,0.0,0.0,-32000000.0,0.0,0.0,-97000000.0,0.0,0.0,-97000000.0,3000000.0,126000000.0,3101000000.0,2975000000.0,252000000.0,-49000000,203000000.0,https://www.sec.gov/Archives/edgar/data/1090872/000110465911050549/0001104659-11-050549-index.html,https://www.sec.gov/Archives/edgar/data/1090872/000110465911050549/a11-25469_110q.htm
2011-04-30,A,2011-06-07 00:00:00,2011-06-07 17:17:43,Q2,200000000,64000000.0,34000000.0,16000000.0,54000000.0,-39000000.0,7000000.0,37000000.0,3504000000.0,26000000.0,378000000.0,-51000000.0,-96000000.0,0.0,0.0,0.0,-126000000.0,0.0,0.0,68000000.0,0.0,0.0,68000000.0,17000000.0,337000000.0,2975000000.0,2638000000.0,378000000.0,-51000000,327000000.0,https://www.sec.gov/Archives/edgar/data/1090872/000110465911033625/0001104659-11-033625-index.html,https://www.sec.gov/Archives/edgar/data/1090872/000110465911033625/a11-14298_110q.htm
2011-01-31,A,2011-03-09,2011-03-09 16:41:31,Q1,193000000,63000000.0,4000000.0,28000000.0,-176000000.0,13000000.0,6000000.0,-56000000.0,3192000000.0,36000000.0,120000000.0,-38000000.0,0.0,0.0,0.0,0.0,1500000000.0,-1500000000.0,0.0,-134000000.0,0.0,0.0,-1634000000.0,3000000.0,-11000000.0,2638000000.0,2649000000.0,120000000.0,-38000000,82000000.0,https://www.sec.gov/Archives/edgar/data/1090872/000110465911013291/a11-7390_110q.htm,https://www.sec.gov/Archives/edgar/data/1090872/000110465911013291/a11-7390_110q.htm
2010-10-31,A,2010-12-20,2010-12-17 19:41:22,Q4,292000000,67000000.0,-82000000.0,15000000.0,71000000.0,-57000000.0,9000000.0,28000000.0,3086000000.0,25000000.0,373000000.0,-34000000.0,-3000000.0,0.0,0.0,0.0,-43000000.0,0.0,0.0,-17000000.0,0.0,0.0,-17000000.0,19000000.0,332000000.0,2649000000.0,2317000000.0,373000000.0,-34000000,339000000.0,https://www.sec.gov/Archives/edgar/data/1090872/000104746910010499/a2201423z10-k.htm,https://www.sec.gov/Archives/edgar/data/1090872/000104746910010499/a2201423z10-k.htm
2010-07-31,A,2010-09-07 00:00:00,2010-09-07 16:08:06,Q3,205000000,60000000.0,-72000000.0,13000000.0,4000000.0,-16000000.0,8000000.0,30000000.0,2818000000.0,-107000000.0,90000000.0,-33000000.0,-1298000000.0,0.0,0.0,0.0,-1098000000.0,-14000000.0,0.0,-54000000.0,0.0,0.0,674000000.0,5000000.0,-329000000.0,2317000000.0,2646000000.0,90000000.0,-33000000,57000000.0,https://www.sec.gov/Archives/edgar/data/1090872/000110465910047500/0001104659-10-047500-index.html,https://www.sec.gov/Archives/edgar/data/1090872/000110465910047500/a10-16753_110q.htm
2010-04-30,A,2010-06-07 00:00:00,2010-06-07 16:07:50,Q2,108000000,36000000.0,-39000000.0,13000000.0,95000000.0,-51000000.0,7000000.0,47000000.0,3003000000.0,25000000.0,225000000.0,-29000000.0,0.0,0.0,0.0,0.0,-2000000.0,-15000000.0,0.0,-44000000.0,0.0,0.0,-59000000.0,1000000.0,165000000.0,2646000000.0,2481000000.0,225000000.0,-29000000,196000000.0,https://www.sec.gov/Archives/edgar/data/1090872/000110465910032682/0001104659-10-032682-index.html,https://www.sec.gov/Archives/edgar/data/1090872/000110465910032682/a10-11435_110q.htm
2010-01-31,A,2010-03-10 00:00:00,2010-03-10 16:51:46,Q1,79000000,39000000.0,84000000.0,25000000.0,-222000000.0,-42000000.0,6000000.0,8000000.0,2970000000.0,50000000.0,30000000.0,-25000000.0,-12000000.0,0.0,0.0,0.0,-31000000.0,0.0,0.0,3000000.0,0.0,0.0,3000000.0,0.0,2000000.0,2481000000.0,2479000000.0,30000000.0,-25000000,5000000.0,https://www.sec.gov/Archives/edgar/data/1090872/000110465910013535/0001104659-10-013535-index.html,https://www.sec.gov/Archives/edgar/data/1090872/000110465910013535/a10-5174_110q.htm
2009-10-31,A,2009-12-21,2009-12-21 16:38:45,Q4,25000000,40000000.0,14000000.0,15000000.0,145000000.0,-50000000.0,5000000.0,56000000.0,2838000000.0,-11000000.0,213000000.0,-30000000.0,-2000000.0,0.0,0.0,0.0,19000000.0,0.0,0.0,18000000.0,0.0,0.0,761000000.0,6000000.0,1000000000.0,2479000000.0,1479000000.0,213000000.0,-30000000,183000000.0,https://www.sec.gov/Archives/edgar/data/1090872/000104746909010861/a2195875z10-k.htm,https://www.sec.gov/Archives/edgar/data/1090872/000104746909010861/a2195875z10-k.htm
2009-07-31,A,2009-09-04 00:00:00,2009-09-04 17:12:24,Q3,-19000000,41000000.0,-20000000.0,17000000.0,2000000.0,40000000.0,8000000.0,-5000000.0,1906000000.0,37000000.0,41000000.0,-30000000.0,2000000.0,0.0,0.0,0.0,-5000000.0,0.0,0.0,26000000.0,0.0,0.0,26000000.0,18000000.0,79000000.0,1479000000.0,1400000000.0,41000000.0,-30000000,11000000.0,https://www.sec.gov/Archives/edgar/data/1090872/000110465909053486/0001104659-09-053486-index.html,https://www.sec.gov/Archives/edgar/data/1090872/000110465909053486/a09-24366_110q.htm
2009-04-30,A,2009-06-09 00:00:00,2009-06-09 17:05:52,Q2,-101000000,40000000.0,29000000.0,18000000.0,120000000.0,63000000.0,14000000.0,-5000000.0,1784000000.0,49000000.0,137000000.0,-34000000.0,-1000000.0,-30000000.0,0.0,0.0,-17000000.0,0.0,0.0,-31000000.0,0.0,0.0,-81000000.0,-1000000.0,38000000.0,1400000000.0,1362000000.0,137000000.0,-34000000,103000000.0,https://www.sec.gov/Archives/edgar/data/1090872/000110465909037446/0001104659-09-037446-index.html,https://www.sec.gov/Archives/edgar/data/1090872/000110465909037446/a09-14949_110q.htm
2009-01-31,A,2009-03-12 00:00:00,2009-03-12 14:24:24,Q1,64000000,41000000.0,5000000.0,21000000.0,-162000000.0,140000000.0,27000000.0,-53000000.0,1878000000.0,69000000.0,17000000.0,-34000000.0,-1000000.0,0.0,0.0,0.0,-11000000.0,0.0,0.0,-99000000.0,0.0,0.0,-49000000.0,0.0,-43000000.0,1362000000.0,1405000000.0,17000000.0,-34000000,-17000000.0,https://www.sec.gov/Archives/edgar/data/1090872/000110465909017029/0001104659-09-017029-index.html,https://www.sec.gov/Archives/edgar/data/1090872/000110465909017029/a09-7309_110q.htm
2008-10-31,A,2008-12-19,2008-12-19 17:27:11,Q4,231000000,44000000.0,-96000000.0,15000000.0,52000000.0,-60000000.0,9000000.0,-11000000.0,1883000000.0,27000000.0,258000000.0,-44000000.0,-1000000.0,0.0,0.0,0.0,-28000000.0,0.0,0.0,-238000000.0,0.0,0.0,-432000000.0,-33000000.0,-235000000.0,1405000000.0,1640000000.0,258000000.0,-44000000,214000000.0,https://www.sec.gov/Archives/edgar/data/1090872/000104746908013312/a2189713z10-k.htm,https://www.sec.gov/Archives/edgar/data/1090872/000104746908013312/a2189713z10-k.htm
2008-07-31,A,2008-09-05 00:00:00,2008-09-05 15:02:51,Q3,169000000,57000000.0,-15000000.0,18000000.0,-67000000.0,41000000.0,7000000.0,-29000000.0,2180000000.0,25000000.0,169000000.0,-39000000.0,-41000000.0,-1000000.0,0.0,0.0,-60000000.0,0.0,0.0,-136000000.0,0.0,0.0,-176000000.0,-3000000.0,-70000000.0,1640000000.0,1710000000.0,169000000.0,-39000000,130000000.0,https://www.sec.gov/Archives/edgar/data/1090872/000110465908057291/0001104659-08-057291-index.html,https://www.sec.gov/Archives/edgar/data/1090872/000110465908057291/a08-21825_110q.htm
2008-04-30,A,2008-06-05 00:00:00,2008-06-05 17:08:31,Q2,173000000,51000000.0,52000000.0,19000000.0,44000000.0,-55000000.0,4000000.0,34000000.0,2141000000.0,5000000.0,325000000.0,-37000000.0,-17000000.0,0.0,0.0,0.0,-16000000.0,0.0,0.0,-248000000.0,0.0,0.0,2000000.0,14000000.0,325000000.0,1710000000.0,1385000000.0,325000000.0,-37000000,288000000.0,https://www.sec.gov/Archives/edgar/data/1090872/000110465908038257/0001104659-08-038257-index.html,https://www.sec.gov/Archives/edgar/data/1090872/000110465908038257/a08-15937_110q.htm
2008-01-31,A,2008-03-07,2008-03-07 17:20:20,Q1,120000000,49000000.0,6000000.0,30000000.0,-208000000.0,30000000.0,4000000.0,-15000000.0,2396000000.0,37000000.0,4000000.0,-34000000.0,-113000000.0,-255000000.0,0.0,0.0,-295000000.0,0.0,0.0,-168000000.0,0.0,0.0,-168000000.0,18000000.0,-441000000.0,1385000000.0,1826000000.0,4000000.0,-34000000,-30000000.0,https://www.sec.gov/Archives/edgar/data/1090872/000110465908016238/a08-7155_110q.htm,https://www.sec.gov/Archives/edgar/data/1090872/000110465908016238/a08-7155_110q.htm
2007-10-31,A,2007-12-21,2007-12-21 17:22:11,Q4,180000000,48000000.0,-105000000.0,36000000.0,231000000.0,31000000.0,8000000.0,1000000.0,2008000000.0,44000000.0,398000000.0,-39000000.0,-33000000.0,0.0,0.0,0.0,-69000000.0,-4000000.0,0.0,-600000000.0,0.0,0.0,-7000000.0,18000000.0,340000000.0,1826000000.0,1486000000.0,398000000.0,-39000000,359000000.0,https://www.sec.gov/Archives/edgar/data/1090872/000104746907010272/a2181802z10-k.htm,https://www.sec.gov/Archives/edgar/data/1090872/000104746907010272/a2181802z10-k.htm
2007-07-31,A,2007-09-07 00:00:00,2007-09-07 16:27:56,Q3,185000000,50000000.0,-21000000.0,27000000.0,-67000000.0,-5000000.0,5000000.0,17000000.0,1771000000.0,29000000.0,176000000.0,-36000000.0,-239000000.0,0.0,0.0,0.0,-258000000.0,0.0,0.0,-480000000.0,0.0,0.0,-484000000.0,2000000.0,-564000000.0,1486000000.0,2050000000.0,176000000.0,-36000000,140000000.0,https://www.sec.gov/Archives/edgar/data/1090872/000110465907067715/0001104659-07-067715-index.html,https://www.sec.gov/Archives/edgar/data/1090872/000110465907067715/a07-23347_110q.htm
2007-04-30,A,2007-06-05 00:00:00,2007-06-05 16:19:40,Q2,123000000,47000000.0,-7000000.0,40000000.0,98000000.0,-30000000.0,5000000.0,34000000.0,2237000000.0,41000000.0,302000000.0,-42000000.0,-2000000.0,0.0,0.0,0.0,-36000000.0,0.0,0.0,-320000000.0,0.0,0.0,-320000000.0,14000000.0,-40000000.0,2050000000.0,2090000000.0,302000000.0,-42000000,260000000.0,https://www.sec.gov/Archives/edgar/data/1090872/000110465907045361/0001104659-07-045361-index.html,https://www.sec.gov/Archives/edgar/data/1090872/000110465907045361/a07-14039_110q.htm
2007-01-31,A,2007-03-09,2007-03-09 15:10:39,Q1,150000000,46000000.0,-1000000.0,36000000.0,-142000000.0,26000000.0,3000000.0,-65000000.0,2377000000.0,40000000.0,93000000.0,-37000000.0,-70000000.0,0.0,0.0,0.0,-93000000.0,0.0,0.0,-169000000.0,0.0,0.0,-169000000.0,-3000000.0,-172000000.0,2090000000.0,2262000000.0,93000000.0,-37000000,56000000.0,https://www.sec.gov/Archives/edgar/data/1090872/000110465907017767/a07-7562_110q.htm,https://www.sec.gov/Archives/edgar/data/1090872/000110465907017767/a07-7562_110q.htm
2006-10-31,A,2006-12-22,2006-12-22 17:01:47,Q4,149000000,42000000.0,-10000000.0,12000000.0,99000000.0,98000000.0,-6000000.0,-33000000.0,2420000000.0,121000000.0,401000000.0,-20000000.0,-20000000.0,25000000.0,0.0,0.0,-66000000.0,0.0,0.0,-22000000.0,0.0,0.0,-322000000.0,0.0,13000000.0,2262000000.0,2249000000.0,401000000.0,-50000000,351000000.0,https://www.sec.gov/Archives/edgar/data/1090872/000104746906015256/a2175273z10-k.htm,https://www.sec.gov/Archives/edgar/data/1090872/000104746906015256/a2175273z10-k.htm
2006-07-31,A,2006-09-06,2006-09-06 16:14:04,Q3,227000000,43000000.0,10000000.0,21000000.0,-214000000.0,-8000000.0,9000000.0,5000000.0,2540000000.0,-1000000.0,65000000.0,-60000000.0,-6000000.0,0.0,0.0,0.0,40000000.0,0.0,0.0,-636000000.0,0.0,0.0,-515000000.0,2000000.0,-408000000.0,2249000000.0,2657000000.0,65000000.0,-54000000,11000000.0,https://www.sec.gov/Archives/edgar/data/1090872/000110465906059651/a06-18515_110q.htm,https://www.sec.gov/Archives/edgar/data/1090872/000110465906059651/a06-18515_110q.htm
2006-04-30,A,2006-06-06,2006-06-05 21:19:56,Q2,115000000,44000000.0,-30000000.0,25000000.0,146000000.0,-69000000.0,13000000.0,39000000.0,2792000000.0,21000000.0,296000000.0,-55000000.0,-9000000.0,0.0,0.0,0.0,-94000000.0,0.0,0.0,-274000000.0,0.0,0.0,-291000000.0,9000000.0,-80000000.0,2657000000.0,2737000000.0,296000000.0,-31000000,265000000.0,https://www.sec.gov/Archives/edgar/data/1090872/000110465906039843/a06-12978_110q.htm,https://www.sec.gov/Archives/edgar/data/1090872/000110465906039843/a06-12978_110q.htm
2006-01-31,A,2006-03-09,2006-03-09 16:05:20,Q1,2816000000,41000000.0,11000000.0,36000000.0,-316000000.0,-13000000.0,22000000.0,45000000.0,2989000000.0,-2680000000.0,-128000000.0,-50000000.0,-15000000.0,0.0,0.0,0.0,1916000000.0,0.0,0.0,-2756000000.0,0.0,0.0,-1280000000.0,3000000.0,511000000.0,2737000000.0,2226000000.0,-128000000.0,-50000000,-178000000.0,https://www.sec.gov/Archives/edgar/data/1090872/000110465906015339/a06-6411_110q.htm,https://www.sec.gov/Archives/edgar/data/1090872/000110465906015339/a06-6411_110q.htm
2005-10-31,A,2006-01-17,2006-01-17 16:47:54,Q4,25000000,39000000.0,-43000000.0,85000000.0,313000000.0,-41000000.0,16000000.0,76000000.0,2511000000.0,85000000.0,419000000.0,1000000.0,-8000000.0,-25000000.0,0.0,0.0,-78000000.0,0.0,0.0,-207000000.0,0.0,0.0,-892000000.0,-5000000.0,-556000000.0,2226000000.0,2782000000.0,419000000.0,-16000000,403000000.0,https://www.sec.gov/Archives/edgar/data/1090872/000104746906000516/a2166540z10-k.htm,https://www.sec.gov/Archives/edgar/data/1090872/000104746906000516/a2166540z10-k.htm
2005-07-31,A,2005-09-07,2005-09-07 16:36:40,Q3,104000000,49000000.0,19000000.0,-56000000.0,-28000000.0,-18000000.0,21000000.0,-11000000.0,3155000000.0,-6000000.0,138000000.0,-54000000.0,-37000000.0,0.0,0.0,0.0,-86000000.0,0.0,0.0,53000000.0,0.0,0.0,53000000.0,-9000000.0,97000000.0,2782000000.0,2685000000.0,138000000.0,-45000000,93000000.0,https://www.sec.gov/Archives/edgar/data/1090872/000119312505181522/d10q.htm,https://www.sec.gov/Archives/edgar/data/1090872/000119312505181522/d10q.htm
2005-04-30,A,2005-06-06,2005-06-06 15:35:40,Q2,95000000,44000000.0,4000000.0,68000000.0,26000000.0,-14000000.0,27000000.0,-19000000.0,3048000000.0,36000000.0,205000000.0,-42000000.0,-19000000.0,0.0,0.0,0.0,21000000.0,0.0,0.0,4000000.0,0.0,0.0,-22000000.0,-1000000.0,202000000.0,2685000000.0,2483000000.0,205000000.0,-32000000,173000000.0,https://www.sec.gov/Archives/edgar/data/1090872/000119312505120753/d10q.htm,https://www.sec.gov/Archives/edgar/data/1090872/000119312505120753/d10q.htm
2005-01-31,A,2005-03-10 00:00:00,2005-03-10 17:12:35,Q1,103000000,48000000.0,8000000.0,-88000000.0,-47000000.0,102000000.0,20000000.0,-25000000.0,2878000000.0,25000000.0,137000000.0,-44000000.0,0.0,0.0,0.0,0.0,-57000000.0,0.0,0.0,58000000.0,0.0,0.0,81000000.0,7000000.0,168000000.0,2483000000.0,2315000000.0,137000000.0,-35000000,102000000.0,https://www.sec.gov/Archives/edgar/data/1090872/000119312505046644/0001193125-05-046644-index.html,https://www.sec.gov/Archives/edgar/data/1090872/000119312505046644/d10q.htm
2004-10-31,A,2004-12-21,2004-12-21 06:14:39,Q4,94000000,11000000.0,-67000000.0,54000000.0,367000000.0,130000000.0,115000000.0,72000000.0,2706000000.0,37000000.0,417000000.0,-28000000.0,-18000000.0,-7000000.0,0.0,0.0,-54000000.0,0.0,0.0,1000000.0,0.0,0.0,1000000.0,14000000.0,378000000.0,2315000000.0,1937000000.0,417000000.0,11000000,428000000.0,https://www.sec.gov/Archives/edgar/data/1090872/000119312504216917/d10k.htm,https://www.sec.gov/Archives/edgar/data/1090872/000119312504216917/d10k.htm
2004-07-31,A,2004-09-02 00:00:00,2004-09-02 16:00:57,Q3,100000000,70000000.0,31000000.0,-24000000.0,-179000000.0,-77000000.0,-72000000.0,-55000000.0,2584000000.0,19000000.0,41000000.0,-26000000.0,0.0,-2000000.0,0.0,0.0,1000000.0,0.0,0.0,53000000.0,0.0,0.0,53000000.0,0.0,95000000.0,1937000000.0,1842000000.0,41000000.0,-21000000,20000000.0,https://www.sec.gov/Archives/edgar/data/1090872/000119312504151344/0001193125-04-151344-index.html,https://www.sec.gov/Archives/edgar/data/1090872/000119312504151344/d10q.htm
2004-04-30,A,2004-06-03 00:00:00,2004-06-03 17:26:00,Q2,104000000,75000000.0,-10000000.0,91000000.0,2000000.0,-24000000.0,66000000.0,19000000.0,2349000000.0,11000000.0,182000000.0,-35000000.0,0.0,0.0,0.0,0.0,-27000000.0,0.0,0.0,17000000.0,0.0,0.0,19000000.0,-10000000.0,164000000.0,1842000000.0,1678000000.0,182000000.0,-35000000,147000000.0,https://www.sec.gov/Archives/edgar/data/1090872/000119312504098321/0001193125-04-098321-index.html,https://www.sec.gov/Archives/edgar/data/1090872/000119312504098321/d10q.htm
2004-01-31,A,2004-03-04 00:00:00,2004-03-04 17:24:21,Q1,71000000,81000000.0,-7000000.0,-92000000.0,-129000000.0,51000000.0,-64000000.0,7000000.0,2241000000.0,14000000.0,30000000.0,-29000000.0,0.0,-5000000.0,0.0,0.0,-34000000.0,0.0,0.0,66000000.0,0.0,0.0,65000000.0,10000000.0,71000000.0,1678000000.0,1607000000.0,30000000.0,-34000000,-4000000.0,https://www.sec.gov/Archives/edgar/data/1090872/000119312504034725/0001193125-04-034725-index.html,https://www.sec.gov/Archives/edgar/data/1090872/000119312504034725/d10q.htm
2003-10-31,A,2003-12-22,2003-12-22 17:25:07,Q4,13000000,6000000.0,-14000000.0,162000000.0,-14000000.0,-114000000.0,0.0,35000000.0,1983000000.0,224000000.0,215000000.0,-57000000.0,0.0,0.0,0.0,0.0,-57000000.0,0.0,0.0,2000000.0,0.0,0.0,-1000000.0,20000000.0,177000000.0,1607000000.0,1430000000.0,215000000.0,-23000000,192000000.0,https://www.sec.gov/Archives/edgar/data/1090872/000119312503098260/d10k.htm,https://www.sec.gov/Archives/edgar/data/1090872/000119312503098260/d10k.htm
2003-07-31,A,2003-09-09 00:00:00,2003-09-09 17:27:26,Q3,-1556000000,91000000.0,1402000000.0,-127000000.0,-97000000.0,-24000000.0,5000000.0,48000000.0,1962000000.0,69000000.0,-91000000.0,-62000000.0,0.0,-2000000.0,0.0,0.0,-65000000.0,0.0,0.0,53000000.0,0.0,0.0,53000000.0,0.0,-103000000.0,1430000000.0,1533000000.0,-91000000.0,-62000000,-153000000.0,https://www.sec.gov/Archives/edgar/data/1090872/000089161803004720/0000891618-03-004720-index.html,https://www.sec.gov/Archives/edgar/data/1090872/000089161803004720/f92948e10vq.htm
2003-04-30,A,2003-06-04 00:00:00,2003-06-04 17:22:20,Q2,-146000000,100000000.0,-168000000.0,50000000.0,1000000.0,7000000.0,5000000.0,7000000.0,3758000000.0,22000000.0,-191000000.0,-38000000.0,0.0,0.0,0.0,0.0,-34000000.0,0.0,0.0,1000000.0,0.0,0.0,4000000.0,0.0,-221000000.0,1533000000.0,1754000000.0,-191000000.0,-38000000,-229000000.0,https://www.sec.gov/Archives/edgar/data/1090872/000089161803002855/0000891618-03-002855-index.html,https://www.sec.gov/Archives/edgar/data/1090872/000089161803002855/f90665e10vq.htm
2003-01-31,A,2003-03-12 00:00:00,2003-03-12 17:27:16,Q1,-369000000,82000000.0,-149000000.0,-106000000.0,68000000.0,186000000.0,1000000.0,-16000000.0,2536000000.0,277000000.0,-91000000.0,-48000000.0,0.0,-2000000.0,0.0,0.0,-47000000.0,0.0,0.0,50000000.0,0.0,0.0,48000000.0,0.0,-90000000.0,1754000000.0,1844000000.0,-91000000.0,-48000000,-139000000.0,https://www.sec.gov/Archives/edgar/data/1090872/000089161803001217/0000891618-03-001217-index.html,https://www.sec.gov/Archives/edgar/data/1090872/000089161803001217/f88410e10vq.htm
2002-10-31,A,2002-12-20,2002-12-20 17:27:53,Q4,-235000000,187000000.0,-667000000.0,90000000.0,357000000.0,-243000000.0,8000000.0,-63000000.0,2699000000.0,209000000.0,-149000000.0,-88000000.0,-15000000.0,-8000000.0,0.0,0.0,-106000000.0,0.0,0.0,-10000000.0,0.0,0.0,-12000000.0,6000000.0,-261000000.0,1844000000.0,2105000000.0,-149000000.0,-88000000,-237000000.0,https://www.sec.gov/Archives/edgar/data/1090872/000089161802005622/f86150e10vk.htm,https://www.sec.gov/Archives/edgar/data/1090872/000089161802005622/f86150e10vk.htm
2002-07-31,A,2002-09-13 00:00:00,2002-09-13 16:11:59,Q3,-223000000,180000000.0,-22000000.0,-24000000.0,-125000000.0,38000000.0,10000000.0,31000000.0,3021000000.0,74000000.0,-116000000.0,-58000000.0,0.0,-12000000.0,0.0,0.0,-70000000.0,0.0,0.0,59000000.0,0.0,0.0,56000000.0,0.0,-130000000.0,2105000000.0,2235000000.0,-116000000.0,-58000000,-174000000.0,https://www.sec.gov/Archives/edgar/data/1090872/000089161802004310/0000891618-02-004310-index.html,https://www.sec.gov/Archives/edgar/data/1090872/000089161802004310/f84286e10vq.htm
2002-04-30,A,2002-06-05 00:00:00,2002-06-05 17:25:34,Q2,-247000000,169000000.0,-24000000.0,65000000.0,-17000000.0,-96000000.0,12000000.0,8000000.0,3651000000.0,-3000000.0,-122000000.0,-86000000.0,0.0,0.0,0.0,0.0,158000000.0,0.0,0.0,10000000.0,0.0,0.0,11000000.0,0.0,47000000.0,2235000000.0,2188000000.0,-122000000.0,-86000000,-208000000.0,https://www.sec.gov/Archives/edgar/data/1090872/000089161802002705/0000891618-02-002705-index.html,https://www.sec.gov/Archives/edgar/data/1090872/000089161802002705/f82149e10vq.htm
2002-01-31,A,2002-03-06 00:00:00,2002-03-06 00:00:00,Q1,-317000000,199000000.0,49000000.0,-42000000.0,-96000000.0,162000000.0,10000000.0,-65000000.0,3807000000.0,48000000.0,-117000000.0,-69000000.0,0.0,-3000000.0,0.0,0.0,-53000000.0,0.0,0.0,62000000.0,0.0,0.0,1188000000.0,0.0,1018000000.0,2188000000.0,1170000000.0,-117000000.0,-69000000,-186000000.0,https://www.sec.gov/Archives/edgar/data/1090872/000089161802001048/0000891618-02-001048-index.html,https://www.sec.gov/Archives/edgar/data/1090872/000089161802001048/f79499e10-q.htm
2001-10-31,A,2002-01-22,2002-01-22 00:00:00,Q4,-449000000,218000000.0,-101000000.0,-145000000.0,-277000000.0,933000000.0,459000000.0,-480000000.0,4128000000.0,1906000000.0,1297000000.0,-881000000.0,-904000000.0,-27000000.0,0.0,0.0,-357000000.0,0.0,0.0,18000000.0,0.0,0.0,-769000000.0,0.0,171000000.0,1170000000.0,999000000.0,1297000000.0,-151000000,1146000000.0,https://www.sec.gov/Archives/edgar/data/1090872/000089161802000185/f78349e10-k.htm,https://www.sec.gov/Archives/edgar/data/1090872/000089161802000185/f78349e10-k.htm
2001-07-31,A,2001-09-14 00:00:00,2001-09-14 00:00:00,Q3,-220000000,211000000.0,-49000000.0,0.0,242000000.0,404000000.0,87000000.0,109000000.0,0.0,83000000.0,267000000.0,0.0,0.0,0.0,0.0,0.0,-159000000.0,0.0,0.0,71000000.0,0.0,0.0,82000000.0,0.0,190000000.0,999000000.0,809000000.0,267000000.0,-275000000,-8000000.0,https://www.sec.gov/Archives/edgar/data/1090872/000109581101504929/0001095811-01-504929-index.html,https://www.sec.gov/Archives/edgar/data/1090872/000109581101504929/f75782e10-q.htm
2001-04-30,A,2001-06-14 00:00:00,2001-06-14 00:00:00,Q2,89000000,171000000.0,45000000.0,0.0,4000000.0,557000000.0,338000000.0,58000000.0,0.0,-182000000.0,127000000.0,0.0,0.0,0.0,0.0,0.0,29000000.0,0.0,0.0,3000000.0,0.0,0.0,220000000.0,0.0,376000000.0,809000000.0,433000000.0,127000000.0,-282000000,-155000000.0,https://www.sec.gov/Archives/edgar/data/1090872/000089161801501182/0000891618-01-501182-index.html,https://www.sec.gov/Archives/edgar/data/1090872/000089161801501182/f73158e10-q.txt
2001-01-31,A,2001-03-19 00:00:00,2001-03-19 00:00:00,Q1,102000000,134000000.0,11000000.0,0.0,-459000000.0,-192000000.0,-519000000.0,146000000.0,0.0,23000000.0,-189000000.0,0.0,0.0,0.0,0.0,0.0,-878000000.0,0.0,0.0,58000000.0,0.0,0.0,504000000.0,0.0,-563000000.0,433000000.0,996000000.0,-189000000.0,-173000000,-362000000.0,https://www.sec.gov/Archives/edgar/data/1090872/000109581101001637/0001095811-01-001637-index.html,https://www.sec.gov/Archives/edgar/data/1090872/000109581101001637/f70442e10-q.txt
2000-10-31,A,,,Q4,301000000,139000000.0,-40000000.0,0.0,89000000.0,229000000.0,152000000.0,-74000000.0,0.0,-62000000.0,427000000.0,0.0,0.0,0.0,0.0,0.0,-155000000.0,0.0,0.0,40000000.0,0.0,0.0,21000000.0,0.0,293000000.0,996000000.0,703000000.0,427000000.0,-360000000,67000000.0,,
2000-07-31,A,2000-09-01 00:00:00,2000-09-01 00:00:00,Q3,143000000,136000000.0,40000000.0,0.0,-360000000.0,-278000000.0,-140000000.0,-274000000.0,0.0,68000000.0,27000000.0,0.0,0.0,0.0,0.0,0.0,-375000000.0,0.0,0.0,42000000.0,0.0,0.0,73000000.0,0.0,-275000000.0,703000000.0,978000000.0,27000000.0,-217000000,-190000000.0,https://www.sec.gov/Archives/edgar/data/1090872/000091205700040000/0000912057-00-040000-index.html,https://www.sec.gov/Archives/edgar/data/1090872/000091205700040000/a10-q.txt
2000-04-30,A,2000-06-12 00:00:00,2000-06-12 00:00:00,Q2,97000000,89000000.0,-59000000.0,0.0,-349000000.0,-444000000.0,-55000000.0,126000000.0,0.0,167000000.0,-55000000.0,0.0,0.0,0.0,0.0,0.0,-324000000.0,0.0,0.0,2000000.0,0.0,0.0,-11000000.0,0.0,-390000000.0,978000000.0,1368000000.0,-55000000.0,-135000000,-190000000.0,https://www.sec.gov/Archives/edgar/data/1090872/000091205700028206/0000912057-00-028206-index.html,https://www.sec.gov/Archives/edgar/data/1090872/000091205700028206/a10-q.txt
2000-01-31,A,2000-03-15 00:00:00,2000-03-15 00:00:00,Q1,131000000,96000000.0,0.0,0.0,157000000.0,190000000.0,-68000000.0,-125000000.0,0.0,0.0,384000000.0,0.0,0.0,0.0,0.0,0.0,-208000000.0,0.0,0.0,0.0,0.0,0.0,1192000000.0,0.0,1368000000.0,1368000000.0,0.0,384000000.0,-91000000,293000000.0,https://www.sec.gov/Archives/edgar/data/1090872/000091205700011701/0000912057-00-011701-index.html,https://www.sec.gov/Archives/edgar/data/1090872/0000912057-00-011701.txt
1999-10-31,A,,,Q4,-60000000,75000000.0,-61000000.0,0.0,-94000000.0,-338000000.0,98000000.0,-84000000.0,0.0,202000000.0,62000000.0,0.0,0.0,0.0,0.0,0.0,-78000000.0,0.0,0.0,0.0,0.0,0.0,16000000.0,0.0,0.0,0.0,0.0,62000000.0,-93000000,-31000000.0,,
1999-07-31,A,,,Q3,135000000,130000000.0,118000000.0,0.0,-231000000.0,0.0,0.0,0.0,0.0,51000000.0,203000000.0,0.0,0.0,0.0,0.0,0.0,-126000000.0,0.0,0.0,0.0,0.0,0.0,-77000000.0,0.0,0.0,0.0,0.0,203000000.0,-140000000,63000000.0,,
1999-04-30,A,,,Q2,157000000,111000000.0,-35000000.0,0.0,-69000000.0,0.0,0.0,0.0,0.0,0.0,164000000.0,0.0,0.0,0.0,0.0,0.0,-97000000.0,0.0,0.0,0.0,0.0,0.0,-67000000.0,0.0,0.0,1226000000.0,1226000000.0,164000000.0,-102000000,62000000.0,,
1999-01-31,A,,,Q1,74000000,124000000.0,-34000000.0,0.0,-105000000.0,0.0,0.0,0.0,0.0,0.0,59000000.0,0.0,0.0,0.0,0.0,0.0,-35000000.0,0.0,0.0,0.0,0.0,0.0,-24000000.0,0.0,0.0,1226000000.0,1226000000.0,59000000.0,-94000000,-35000000.0,,
1998-10-31,A,,,Q4,-51000000,145000000.0,-35000000.0,0.0,223000000.0,0.0,0.0,0.0,0.0,84000000.0,366000000.0,0.0,0.0,0.0,0.0,0.0,-24000000.0,0.0,0.0,0.0,0.0,0.0,-342000000.0,0.0,0.0,1226000000.0,1226000000.0,366000000.0,-90000000,276000000.0,,
1998-07-31,A,,,Q3,308000000,332000000.0,-105000000.0,0.0,-167000000.0,0.0,0.0,0.0,0.0,17000000.0,385000000.0,0.0,0.0,0.0,0.0,0.0,-248000000.0,0.0,0.0,0.0,0.0,0.0,-137000000.0,0.0,0.0,1226000000.0,1226000000.0,385000000.0,-320000000,65000000.0,,
