date,symbol,fillingDate,acceptedDate,period,netIncome,depreciationAndAmortization,deferredIncomeTax,stockBasedCompensation,changeInWorkingCapital,accountsReceivables,inventory,accountsPayables,otherWorkingCapital,otherNonCashItems,netCashProvidedByOperatingActivities,investmentsInPropertyPlantAndEquipment,acquisitionsNet,purchasesOfInvestments,salesMaturitiesOfInvestments,otherInvestingActivites,netCashUsedForInvestingActivites,debtRepayment,commonStockIssued,commonStockRepurchased,dividendsPaid,otherFinancingActivites,netCashUsedProvidedByFinancingActivities,effectOfForexChangesOnCash,netChangeInCash,cashAtEndOfPeriod,cashAtBeginningOfPeriod,operatingCashFlow,capitalExpenditure,freeCashFlow,link,finalLink
2020-06-30,AMZN,2020-07-31,2020-07-30 20:00:55,Q2,5243000000,5748000000,465000000,2601000000,7036000000,-2854000000,-672000000,8617000000,17012000000,2113000000,20605000000,-7459000000,-119000000,-19209000000,8138000000,845000000,-17804000000,426000000,0,0,0,17247000000,7408000000,128000000,10337000000,37538000000,27201000000,20605000000,-7459000000,13146000000,https://www.sec.gov/Archives/edgar/data/1018724/000101872420000021/amzn-20200630.htm,https://www.sec.gov/Archives/edgar/data/1018724/000101872420000021/amzn-20200630.htm
2020-03-31,AMZN,2020-05-01 00:00:00,2020-04-30 19:23:48,Q1,2535000000,5362000000,322000000,1757000000,-7544000000,1262000000,1392000000,-8044000000,6274000000,2389000000,3064000000,-6795000000,-91000000,-15001000000,11626000000,1367000000,-8894000000,-667000000,0,0,0,25277000000,-2591000000,-484000000,-8905000000,27187000000,36092000000,3064000000,-6795000000,-3731000000,https://www.sec.gov/Archives/edgar/data/1018724/000101872420000010/0001018724-20-000010-index.html,https://www.sec.gov/Archives/edgar/data/1018724/000101872420000010/amzn-20200331x10q.htm
2019-12-31,AMZN,2020-01-31,2020-01-30 20:46:13,Q4,3268000000,6170000000,184000000,1840000000,8642000000,-3905000000,-1516000000,10683000000,8522000000,1395000000,19659000000,-5312000000,-777000000,-6444000000,7625000000,1372000000,-3536000000,-1865000000,0,0,0,11131000000,-3571000000,304000000,12856000000,36111000000,23255000000,19659000000,-5312000000,14347000000,https://www.sec.gov/Archives/edgar/data/1018724/000101872420000004/amzn-20191231x10k.htm,https://www.sec.gov/Archives/edgar/data/1018724/000101872420000004/amzn-20191231x10k.htm
2019-09-30,AMZN,2019-10-25 00:00:00,2019-10-24 20:49:26,Q3,2134000000,5563000000,92000000,1779000000,-2111000000,-1182000000,-381000000,226000000,6918000000,2214000000,7892000000,-4697000000,-399000000,-8541000000,7252000000,1312000000,-5073000000,-355000000,0,0,0,-966000000,-1960000000,-270000000,589000000,23205000000,22616000000,7892000000,-4697000000,3195000000,https://www.sec.gov/Archives/edgar/data/1018724/000101872419000089/0001018724-19-000089-index.html,https://www.sec.gov/Archives/edgar/data/1018724/000101872419000089/amzn-2019930x10q.htm
2019-06-30,AMZN,2019-07-26,2019-07-25 19:40:28,Q2,2625000000,5202000000,105000000,1971000000,-859000000,-2193000000,-2100000000,3668000000,7112000000,2044000000,9117000000,-3562000000,-116000000,-9951000000,5161000000,919000000,-7549000000,-113000000,0,0,0,-2544000000,-2158000000,48000000,-542000000,22573000000,23115000000,9117000000,-3562000000,5555000000,https://www.sec.gov/Archives/edgar/data/1018724/000101872419000071/amzn-2019630x10q.htm,https://www.sec.gov/Archives/edgar/data/1018724/000101872419000071/amzn-2019630x10q.htm
2019-03-31,AMZN,2019-04-26 00:00:00,2019-04-25 19:08:50,Q1,3561000000,4854000000,415000000,1274000000,-8110000000,-401000000,719000000,-6384000000,5736000000,1126000000,1846000000,-3290000000,-1169000000,-6876000000,2643000000,569000000,-8123000000,-351000000,0,0,0,21089000000,-2377000000,-12000000,-8666000000,23084000000,31750000000,1846000000,-3290000000,-1444000000,https://www.sec.gov/Archives/edgar/data/1018724/000101872419000043/0001018724-19-000043-index.html,https://www.sec.gov/Archives/edgar/data/1018724/000101872419000043/amzn-2019331x10q.htm
2018-12-31,AMZN,2019-02-01,2019-01-31 20:22:40,Q4,3027000000,4262000000,173000000,1417000000,7329000000,-1395000000,-1350000000,6881000000,6710000000,1686000000,16477000000,-3734000000,-331000000,-2060000000,1939000000,614000000,-3572000000,-135000000,0,0,0,9699000000,-1761000000,-3000000,11141000000,31566000000,20425000000,16477000000,-3734000000,12743000000,https://www.sec.gov/Archives/edgar/data/1018724/000101872419000004/amzn-20181231x10k.htm,https://www.sec.gov/Archives/edgar/data/1018724/000101872419000004/amzn-20181231x10k.htm
2018-09-30,AMZN,2018-10-26 00:00:00,2018-10-25 19:42:40,Q3,2883000000,3778000000,265000000,1350000000,154000000,-2884000000,-1094000000,3895000000,4561000000,1508000000,8588000000,-9693000000,-976000000,-4033000000,1964000000,7166000000,-5572000000,-182000000,0,0,0,-1585000000,-2369000000,-151000000,496000000,20319000000,19823000000,8588000000,-3352000000,5236000000,https://www.sec.gov/Archives/edgar/data/1018724/000101872418000159/0001018724-18-000159-index.html,https://www.sec.gov/Archives/edgar/data/1018724/000101872418000159/amzn-20180930x10q.htm
2018-06-30,AMZN,2018-07-27 00:00:00,2018-07-26 19:23:13,Q2,2534000000,3630000000,-138000000,1469000000,-240000000,-1365000000,-1090000000,2703000000,3680000000,1663000000,7449000000,-3243000000,-866000000,-537000000,1660000000,-2949000000,-2692000000,-149000000,0,0,0,1904000000,-1392000000,-445000000,2920000000,19596000000,16676000000,7449000000,-3243000000,4206000000,https://www.sec.gov/Archives/edgar/data/1018724/000101872418000108/0001018724-18-000108-index.html,https://www.sec.gov/Archives/edgar/data/1018724/000101872418000108/amzn-20180630x10q.htm
2018-03-31,AMZN,2018-04-27 00:00:00,2018-04-26 19:36:54,Q1,1629000000,3671000000,141000000,1182000000,-8286000000,1029000000,2220000000,-10216000000,2784000000,1054000000,-1791000000,-3098000000,-13000000,-470000000,2677000000,-2727000000,-533000000,-202000000,0,0,0,14714000000,-2164000000,248000000,-4240000000,16282000000,20522000000,-1791000000,-3098000000,-4889000000,https://www.sec.gov/Archives/edgar/data/1018724/000101872418000072/0001018724-18-000072-index.html,https://www.sec.gov/Archives/edgar/data/1018724/000101872418000072/amzn-20180331x10q.htm
2017-12-31,AMZN,2018-02-02,2018-02-01 20:41:15,Q4,1857000000,3498000000,-308000000,1179000000,6080000000,-2781000000,-2255000000,8906000000,2314000000,1231000000,12358000000,-4933000000,13891000000,-2479000000,3564000000,-17008000000,-1981000000,-1170000000,0,0,0,6278000000,-2571000000,90000000,7896000000,20663000000,12767000000,12358000000,-3619000000,8739000000,https://www.sec.gov/Archives/edgar/data/1018724/000101872418000005/amzn-20171231x10k.htm,https://www.sec.gov/Archives/edgar/data/1018724/000101872418000005/amzn-20171231x10k.htm
2017-09-30,AMZN,2017-10-27 00:00:00,2017-10-26 19:41:02,Q3,255000000,2912000000,-75000000,1084000000,-315000000,-1757000000,-1593000000,3046000000,1506000000,1000000000,3777000000,-2660000000,-13213000000,-5469000000,2222000000,-2660000000,-18479000000,-80000000,0,0,0,14328000000,14662000000,149000000,109000000,13312000000,13203000000,3777000000,-3075000000,702000000,https://www.sec.gov/Archives/edgar/data/1018724/000101872417000135/0001018724-17-000135-index.html,https://www.sec.gov/Archives/edgar/data/1018724/000101872417000135/amzn-20170930x10q.htm
2017-06-30,AMZN,2017-07-28 00:00:00,2017-07-27 19:19:31,Q2,197000000,2633000000,376000000,1160000000,-457000000,-1242000000,-682000000,2088000000,487000000,1100000000,3849000000,1861000000,-678000000,-4209000000,4202000000,-6227000000,-5274000000,-53000000,0,0,0,-3447000000,-1275000000,250000000,-2450000000,12990000000,15440000000,3849000000,-3113000000,736000000,https://www.sec.gov/Archives/edgar/data/1018724/000101872417000100/0001018724-17-000100-index.html,https://www.sec.gov/Archives/edgar/data/1018724/000101872417000100/amzn-20170630x10q.htm
2017-03-31,AMZN,2017-04-28 00:00:00,2017-04-27 19:05:44,Q1,724000000,2435000000,-22000000,792000000,-5550000000,994000000,947000000,-6865000000,2061000000,794000000,-1619000000,-1861000000,-45000000,-1620000000,1910000000,1865000000,-1350000000,-69000000,0,0,0,14595000000,-888000000,224000000,-3633000000,15701000000,19334000000,-1619000000,-2148000000,-3767000000,https://www.sec.gov/Archives/edgar/data/1018724/000101872417000051/0001018724-17-000051-index.html,https://www.sec.gov/Archives/edgar/data/1018724/000101872417000051/amzn-20170331x10q.htm
2016-12-31,AMZN,2017-02-10,2017-02-09 17:56:36,Q4,749000000,2297000000,-282000000,887000000,7215000000,-1924000000,-1043000000,7282000000,1965000000,1433000000,11412000000,-2006000000,-3000000,-3398000000,1233000000,1230000000,-3814000000,-83000000,0,0,0,5505000000,-1061000000,-544000000,5993000000,19649000000,13656000000,11412000000,-3073000000,8339000000,https://www.sec.gov/Archives/edgar/data/1018724/000101872417000011/amzn-20161231x10k.htm,https://www.sec.gov/Archives/edgar/data/1018724/000101872417000011/amzn-20161231x10k.htm
2016-09-30,AMZN,2016-10-28 00:00:00,2016-10-27 18:38:58,Q3,252000000,2083000000,-81000000,776000000,1621000000,-671000000,-1095000000,2541000000,2111000000,291000000,4166000000,-1841000000,-83000000,-2077000000,1431000000,1348000000,-2570000000,-26000000,0,0,0,334000000,-507000000,46000000,1135000000,13656000000,12521000000,4166000000,-1841000000,2325000000,https://www.sec.gov/Archives/edgar/data/1018724/000101872416000324/0001018724-16-000324-index.html,https://www.sec.gov/Archives/edgar/data/1018724/000101872416000324/amzn-20160930x10q.htm
2016-06-30,AMZN,2016-07-29,2016-07-28 19:21:05,Q2,857000000,1909000000,106000000,768000000,-148000000,-1184000000,-57000000,977000000,2633000000,854000000,3578000000,-1711000000,-14000000,-1645000000,931000000,917000000,-2439000000,-70000000,0,0,0,-918000000,-1152000000,64000000,51000000,12521000000,12470000000,3578000000,-1711000000,1867000000,https://www.sec.gov/Archives/edgar/data/1018724/000101872416000286/amzn-20160630x10q.htm,https://www.sec.gov/Archives/edgar/data/1018724/000101872416000286/amzn-20160630x10q.htm
2016-03-31,AMZN,2016-04-29 00:00:00,2016-04-28 18:27:40,Q1,513000000,1827000000,11000000,544000000,-4841000000,412000000,769000000,-5770000000,2326000000,537000000,-1953000000,-1179000000,-16000000,-636000000,1138000000,1122000000,-693000000,-175000000,0,0,0,11856000000,-996000000,222000000,-3420000000,12470000000,15890000000,-1953000000,-1179000000,-3132000000,https://www.sec.gov/Archives/edgar/data/1018724/000101872416000227/0001018724-16-000227-index.html,https://www.sec.gov/Archives/edgar/data/1018724/000101872416000227/amzn-20160331x10q.htm
2015-12-31,AMZN,2016-01-29,2016-01-28 19:38:11,Q4,482000000,1752000000,189000000,606000000,5575000000,-1178000000,-1343000000,6140000000,2575000000,933000000,8931000000,-1309000000,-317000000,-1359000000,1135000000,818000000,-1850000000,-940000000,0,0,0,4431000000,-1809000000,-91000000,5181000000,15890000000,10709000000,8931000000,-2107000000,6824000000,https://www.sec.gov/Archives/edgar/data/1018724/000101872416000172/amzn-20151231x10k.htm,https://www.sec.gov/Archives/edgar/data/1018724/000101872416000172/amzn-20151231x10k.htm
2015-09-30,AMZN,2015-10-23 00:00:00,2015-10-22 18:50:56,Q3,79000000,1599000000,-63000000,544000000,454000000,-588000000,-1537000000,2030000000,2192000000,541000000,2610000000,-1196000000,-104000000,-1122000000,1045000000,941000000,-1377000000,-181000000,0,0,0,-108000000,-729000000,-64000000,440000000,10709000000,10269000000,2610000000,-1196000000,1414000000,https://www.sec.gov/Archives/edgar/data/1018724/000101872415000126/0001018724-15-000126-index.html,https://www.sec.gov/Archives/edgar/data/1018724/000101872415000126/amzn-20150930x10q.htm
2015-06-30,AMZN,2015-07-24 00:00:00,2015-07-23 18:46:09,Q2,92000000,1504000000,-43000000,562000000,-85000000,-430000000,-28000000,373000000,2479000000,529000000,1997000000,-1213000000,-9000000,-624000000,470000000,461000000,-1376000000,-215000000,0,0,0,-445000000,-692000000,103000000,32000000,10269000000,10237000000,1997000000,-1213000000,784000000,https://www.sec.gov/Archives/edgar/data/1018724/000101872415000087/0001018724-15-000087-index.html,https://www.sec.gov/Archives/edgar/data/1018724/000101872415000087/amzn-20150630x10q.htm
2015-03-31,AMZN,2015-04-24 00:00:00,2015-04-23 19:03:23,Q1,-57000000,1426000000,-2000000,407000000,-3387000000,441000000,721000000,-4249000000,2745000000,521000000,-1499000000,-871000000,-365000000,-986000000,375000000,10000000,-1847000000,-316000000,0,0,0,9901000000,-652000000,-322000000,-4320000000,10237000000,14557000000,-1499000000,-871000000,-2370000000,https://www.sec.gov/Archives/edgar/data/1018724/000101872415000038/0001018724-15-000038-index.html,https://www.sec.gov/Archives/edgar/data/1018724/000101872415000038/amzn-20150331x10q.htm
2014-12-31,AMZN,2015-01-30,2015-01-29 19:38:08,Q4,214000000,1380000000,187000000,408000000,4296000000,-1105000000,-1139000000,5053000000,3238000000,638000000,6715000000,-1145000000,-53000000,-1622000000,355000000,302000000,-2465000000,1143000000,0,0,0,-1192000000,5209000000,-160000000,9299000000,14557000000,5258000000,6715000000,-1145000000,5570000000,https://www.sec.gov/Archives/edgar/data/1018724/000101872415000006/amzn-20141231x10k.htm,https://www.sec.gov/Archives/edgar/data/1018724/000101872415000006/amzn-20141231x10k.htm
2014-09-30,AMZN,2014-10-24 00:00:00,2014-10-23 19:33:37,Q3,-437000000,1247000000,-269000000,378000000,779000000,-362000000,-845000000,1724000000,-2270000000,447000000,1767000000,-1378000000,-860000000,-147000000,1439000000,579000000,-946000000,-469000000,0,0,0,257000000,-413000000,-207000000,201000000,5258000000,5057000000,1767000000,-1378000000,389000000,https://www.sec.gov/Archives/edgar/data/1018724/000101872414000055/0001018724-14-000055-index.html,https://www.sec.gov/Archives/edgar/data/1018724/000101872414000055/amzn-20140930x10q.htm
2014-06-30,AMZN,2014-07-25 00:00:00,2014-07-24 19:36:23,Q2,-126000000,1109000000,-49000000,390000000,-481000000,-299000000,92000000,-343000000,4000000,409000000,862000000,-1290000000,-66000000,-336000000,962000000,896000000,-730000000,-761000000,0,0,0,555000000,-189000000,40000000,-17000000,5057000000,5074000000,862000000,-1290000000,-428000000,https://www.sec.gov/Archives/edgar/data/1018724/000101872414000025/0001018724-14-000025-index.html,https://www.sec.gov/Archives/edgar/data/1018724/000101872414000025/amzn-20140630x10q.htm
2014-03-31,AMZN,2014-04-25 00:00:00,2014-04-24 19:35:02,Q1,108000000,1010000000,-185000000,321000000,-3620000000,727000000,699000000,-4675000000,970000000,185000000,-2502000000,-1080000000,0,-437000000,593000000,593000000,-924000000,-426000000,0,0,0,5325000000,-175000000,17000000,-3584000000,5074000000,8658000000,-2502000000,-1080000000,-3582000000,https://www.sec.gov/Archives/edgar/data/1018724/000101872414000014/0001018724-14-000014-index.html,https://www.sec.gov/Archives/edgar/data/1018724/000101872414000014/amzn-20140331x10q.htm
2013-12-31,AMZN,2014-01-31,2014-01-30 21:52:38,Q4,240000000,962000000,-109000000,326000000,4146000000,-1239000000,-1330000000,5128000000,1645000000,339000000,5578000000,-879000000,-60000000,-420000000,515000000,455000000,-844000000,-545000000,0,0,0,602000000,57000000,-5000000,4786000000,8658000000,3872000000,5578000000,-879000000,4699000000,https://www.sec.gov/Archives/edgar/data/1018724/000101872414000006/amzn-20131231x10k.htm,https://www.sec.gov/Archives/edgar/data/1018724/000101872414000006/amzn-20131231x10k.htm
2013-09-30,AMZN,2013-10-25 00:00:00,2013-10-24 19:56:06,Q3,-41000000,834000000,11000000,282000000,286000000,-125000000,-585000000,947000000,1199000000,299000000,1389000000,-1039000000,-1000000,-518000000,495000000,494000000,-1063000000,-280000000,0,0,0,-3654000000,-230000000,72000000,168000000,3872000000,3704000000,1389000000,-1039000000,350000000,https://www.sec.gov/Archives/edgar/data/1018724/000144530513002495/0001445305-13-002495-index.html,https://www.sec.gov/Archives/edgar/data/1018724/000144530513002495/amzn-20130930x10q.htm
2013-06-30,AMZN,2013-07-26 00:00:00,2013-07-25 20:13:37,Q2,-7000000,757000000,22000000,297000000,-263000000,-211000000,-30000000,0,1550000000,371000000,880000000,-856000000,-148000000,-1112000000,697000000,549000000,-1419000000,-373000000,0,0,0,-613000000,-209000000,-29000000,-777000000,3704000000,4481000000,880000000,-856000000,24000000,https://www.sec.gov/Archives/edgar/data/1018724/000119312513303204/0001193125-13-303204-index.html,https://www.sec.gov/Archives/edgar/data/1018724/000119312513303204/d542614d10q.htm
2013-03-31,AMZN,2013-04-26 00:00:00,2013-04-25 19:36:25,Q1,82000000,700000000,-80000000,229000000,-3402000000,729000000,535000000,-4187000000,1981000000,328000000,-2372000000,-670000000,-103000000,-776000000,599000000,496000000,-950000000,-207000000,0,0,0,4531000000,-157000000,-124000000,-3603000000,4481000000,8084000000,-2372000000,-670000000,-3042000000,https://www.sec.gov/Archives/edgar/data/1018724/000119312513174667/0001193125-13-174667-index.html,https://www.sec.gov/Archives/edgar/data/1018724/000119312513174667/d492540d10q.htm
2012-12-31,AMZN,2013-01-30,2013-01-29 19:13:32,Q4,98000000,662000000,-148000000,236000000,4337000000,-1025000000,-974000000,4926000000,2294000000,132000000,5081000000,-2026000000,-34000000,-1528000000,506000000,472000000,-3082000000,-3229000000,0,0,0,6395000000,3166000000,-61000000,5104000000,8084000000,2980000000,5081000000,-2026000000,3055000000,https://www.sec.gov/Archives/edgar/data/1018724/000119312513028520/d445434d10k.htm,https://www.sec.gov/Archives/edgar/data/1018724/000119312513028520/d445434d10k.htm
2012-09-30,AMZN,2012-10-26 00:00:00,2012-10-25 19:35:25,Q3,-274000000,555000000,-36000000,216000000,355000000,-416000000,-647000000,1222000000,513000000,343000000,943000000,-716000000,-38000000,-357000000,742000000,704000000,-369000000,-254000000,0,0,0,285000000,31000000,40000000,645000000,2980000000,2335000000,943000000,-716000000,227000000,https://www.sec.gov/Archives/edgar/data/1018724/000119312512436012/0001193125-12-436012-index.html,https://www.sec.gov/Archives/edgar/data/1018724/000119312512436012/d403488d10q.htm
2012-06-30,AMZN,2012-07-27 00:00:00,2012-07-26 20:02:00,Q2,7000000,485000000,-43000000,221000000,-3000000,-166000000,-125000000,180000000,829000000,148000000,594000000,-657000000,-623000000,-565000000,1251000000,628000000,-594000000,-262000000,0,0,0,329000000,67000000,-20000000,47000000,2335000000,2288000000,594000000,-657000000,-63000000,https://www.sec.gov/Archives/edgar/data/1018724/000119312512317409/0001193125-12-317409-index.html,https://www.sec.gov/Archives/edgar/data/1018724/000119312512317409/d363661d10q.htm
2012-03-31,AMZN,2012-04-27,2012-04-26 21:25:46,Q1,130000000,457000000,-38000000,160000000,-3166000000,746000000,747000000,-4258000000,1666000000,179000000,-2438000000,-386000000,-50000000,-1812000000,1738000000,2648000000,450000000,-221000000,0,-960000000,0,176000000,-1005000000,12000000,-2981000000,2288000000,5269000000,-2438000000,-386000000,-2824000000,https://www.sec.gov/Archives/edgar/data/1018724/000119312512187203/d316991d10q.htm,https://www.sec.gov/Archives/edgar/data/1018724/000119312512187203/d316991d10q.htm
2011-12-31,AMZN,2012-02-01,2012-01-31 21:58:32,Q4,177000000,359000000,68000000,160000000,3481000000,-1077000000,-1260000000,4684000000,2594000000,184000000,4269000000,-550000000,-49000000,-2059000000,912000000,1140000000,-1469000000,-149000000,0,-277000000,0,-2730000000,-333000000,-21000000,2446000000,5269000000,2823000000,4269000000,-550000000,3719000000,https://www.sec.gov/Archives/edgar/data/1018724/000119312512032846/d269317d10k.htm,https://www.sec.gov/Archives/edgar/data/1018724/000119312512032846/d269317d10k.htm
2011-09-30,AMZN,2011-10-26 00:00:00,2011-10-25 21:10:22,Q3,63000000,278000000,33000000,143000000,286000000,-75000000,-586000000,848000000,2926000000,137000000,797000000,-530000000,-48000000,-1286000000,1964000000,1916000000,100000000,-98000000,0,0,0,792000000,-82000000,-39000000,776000000,2823000000,2047000000,797000000,-530000000,267000000,https://www.sec.gov/Archives/edgar/data/1018724/000119312511280739/0001193125-11-280739-index.html,https://www.sec.gov/Archives/edgar/data/1018724/000119312511280739/d233845d10q.htm
2011-06-30,AMZN,2011-07-27 00:00:00,2011-07-26 21:56:04,Q2,190000000,244000000,20000000,144000000,-163000000,-73000000,-274000000,114000000,3234000000,132000000,423000000,-433000000,-469000000,-2077000000,2028000000,1559000000,-951000000,-174000000,0,0,0,-511000000,-91000000,25000000,-594000000,2047000000,2641000000,423000000,-433000000,-10000000,https://www.sec.gov/Archives/edgar/data/1018724/000119312511197823/0001193125-11-197823-index.html,https://www.sec.gov/Archives/edgar/data/1018724/000119312511197823/d10q.htm
2011-03-31,AMZN,2011-04-27 00:00:00,2011-04-26 21:39:57,Q1,201000000,202000000,15000000,110000000,-2140000000,359000000,343000000,-2649000000,3558000000,136000000,-1586000000,-298000000,-139000000,-1112000000,1939000000,1800000000,390000000,-200000000,0,0,0,2865000000,24000000,36000000,-1136000000,2641000000,3777000000,-1586000000,-298000000,-1884000000,https://www.sec.gov/Archives/edgar/data/1018724/000119312511110197/0001193125-11-110197-index.html,https://www.sec.gov/Archives/edgar/data/1018724/000119312511110197/d10q.htm
2010-12-31,AMZN,2011-01-28,2011-01-27 20:08:28,Q4,416000000,169000000,48000000,120000000,2746000000,-643000000,-693000000,3451000000,3375000000,109000000,3488000000,-328000000,-270000000,-1728000000,1111000000,841000000,-1215000000,-132000000,0,0,0,2327000000,-43000000,8000000,2238000000,3777000000,1539000000,3488000000,-328000000,3160000000,https://www.sec.gov/Archives/edgar/data/1018724/000119312511016253/d10k.htm,https://www.sec.gov/Archives/edgar/data/1018724/000119312511016253/d10k.htm
2010-09-30,AMZN,2010-10-22 00:00:00,2010-10-21 20:02:18,Q3,231000000,150000000,-16000000,108000000,468000000,-64000000,-506000000,894000000,3184000000,22000000,855000000,-315000000,-42000000,-1830000000,1059000000,1017000000,-1128000000,-67000000,0,0,0,71000000,94000000,89000000,-90000000,1539000000,1629000000,855000000,-315000000,540000000,https://www.sec.gov/Archives/edgar/data/1018724/000119312510233883/0001193125-10-233883-index.html,https://www.sec.gov/Archives/edgar/data/1018724/000119312510233883/d10q.htm
2010-06-30,AMZN,2010-07-23 00:00:00,2010-07-22 19:45:58,Q2,206000000,130000000,-8000000,109000000,-116000000,-42000000,-141000000,-80000000,2868000000,38000000,250000000,-196000000,-21000000,-1466000000,1208000000,1187000000,-475000000,-42000000,0,0,0,1714000000,43000000,-33000000,-215000000,1629000000,1844000000,250000000,-196000000,54000000,https://www.sec.gov/Archives/edgar/data/1018724/000119312510164083/0001193125-10-164083-index.html,https://www.sec.gov/Archives/edgar/data/1018724/000119312510164083/d10q.htm
2010-03-31,AMZN,2010-04-23 00:00:00,2010-04-22 18:54:49,Q1,299000000,119000000,-20000000,87000000,-1517000000,454000000,321000000,-1892000000,2771000000,21000000,-1098000000,-140000000,-19000000,-1255000000,872000000,853000000,-542000000,-123000000,0,0,0,210000000,87000000,-47000000,-1600000000,1844000000,3444000000,-1098000000,-140000000,-1238000000,https://www.sec.gov/Archives/edgar/data/1018724/000119312510090367/0001193125-10-090367-index.html,https://www.sec.gov/Archives/edgar/data/1018724/000119312510090367/d10q.htm
2009-12-31,AMZN,2010-01-29,2010-01-28 21:42:22,Q4,384000000,112000000,-3000000,99000000,2044000000,-509000000,-339000000,2231000000,2433000000,74000000,2611000000,-137000000,0,-2160000000,689000000,0,-1608000000,-93000000,0,0,0,0,-51000000,-22000000,930000000,3444000000,2514000000,2611000000,-137000000,2474000000,https://www.sec.gov/Archives/edgar/data/1018724/000119312510016098/d10k.htm,https://www.sec.gov/Archives/edgar/data/1018724/000119312510016098/d10k.htm
2009-09-30,AMZN,2009-10-23 00:00:00,2009-10-22 18:34:19,Q3,199000000,95000000,77000000,90000000,321000000,-155000000,-276000000,701000000,1832000000,107000000,799000000,-103000000,-5000000,-779000000,585000000,0,-302000000,-11000000,0,0,0,0,63000000,18000000,578000000,2514000000,1936000000,799000000,-103000000,696000000,https://www.sec.gov/Archives/edgar/data/1018724/000119312509212134/0001193125-09-212134-index.html,https://www.sec.gov/Archives/edgar/data/1018724/000119312509212134/d10q.htm
2009-06-30,AMZN,2009-07-24 00:00:00,2009-07-23 18:14:16,Q2,142000000,84000000,7000000,85000000,125000000,16000000,-23000000,56000000,1668000000,110000000,468000000,-78000000,-20000000,-560000000,378000000,0,-280000000,-25000000,0,-3000000,0,0,-1000000,48000000,235000000,1936000000,1701000000,468000000,-78000000,390000000,https://www.sec.gov/Archives/edgar/data/1018724/000119312509154174/0001193125-09-154174-index.html,https://www.sec.gov/Archives/edgar/data/1018724/000119312509154174/d10q.htm
2009-03-31,AMZN,2009-04-24 00:00:00,2009-04-23 18:54:30,Q1,177000000,87000000,0,67000000,-878000000,167000000,107000000,-1129000000,1365000000,29000000,-585000000,-55000000,-15000000,-391000000,314000000,0,-147000000,-343000000,0,3000000,0,0,-291000000,-45000000,-1068000000,1701000000,2769000000,-585000000,-55000000,-640000000,https://www.sec.gov/Archives/edgar/data/1018724/000119312509085983/0001193125-09-085983-index.html,https://www.sec.gov/Archives/edgar/data/1018724/000119312509085983/d10q.htm
2008-12-31,AMZN,2009-01-30,2009-01-29 18:48:15,Q4,225000000,77000000,42000000,78000000,1157000000,-324000000,-102000000,1336000000,1411000000,70000000,1571000000,-102000000,-86000000,-448000000,272000000,0,-364000000,0,0,-99000000,0,0,-65000000,-23000000,1119000000,2769000000,1650000000,1571000000,-102000000,1469000000,https://www.sec.gov/Archives/edgar/data/1018724/000119312509014406/d10k.htm,https://www.sec.gov/Archives/edgar/data/1018724/000119312509014406/d10k.htm
2008-09-30,AMZN,2008-10-22 00:00:00,2008-10-22 17:10:04,Q3,119000000,76000000,-18000000,70000000,247000000,-9000000,-243000000,362000000,1286000000,0,424000000,-101000000,-8000000,-479000000,581000000,0,-7000000,-295000000,0,2000000,0,0,-239000000,-76000000,102000000,1650000000,1548000000,424000000,-101000000,323000000,https://www.sec.gov/Archives/edgar/data/1018724/000119312508214483/0001193125-08-214483-index.html,https://www.sec.gov/Archives/edgar/data/1018724/000119312508214483/d10q.htm
2008-06-30,AMZN,2008-07-25 00:00:00,2008-07-24 20:20:10,Q2,158000000,69000000,-10000000,73000000,136000000,-24000000,-35000000,117000000,1020000000,-6000000,347000000,-69000000,-45000000,-368000000,181000000,0,-301000000,-34000000,0,6000000,0,0,14000000,-8000000,52000000,1548000000,1496000000,347000000,-69000000,278000000,https://www.sec.gov/Archives/edgar/data/1018724/000119312508157451/0001193125-08-157451-index.html,https://www.sec.gov/Archives/edgar/data/1018724/000119312508157451/d10q.htm
2008-03-31,AMZN,2008-04-25 00:00:00,2008-04-24 17:33:42,Q1,143000000,65000000,-19000000,54000000,-826000000,139000000,148000000,-1003000000,414000000,-8000000,-645000000,-61000000,-355000000,-382000000,271000000,0,-527000000,-26000000,0,2000000,0,0,92000000,37000000,-1043000000,1496000000,2539000000,-645000000,-61000000,-706000000,https://www.sec.gov/Archives/edgar/data/1018724/000119312508089548/0001193125-08-089548-index.html,https://www.sec.gov/Archives/edgar/data/1018724/000119312508089548/d10q.htm
2007-12-31,AMZN,2008-02-11,2008-02-08 21:43:32,Q4,207000000,63000000,-98000000,55000000,1082000000,-238000000,-231000000,1144000000,1450000000,-106000000,1148000000,-73000000,-28000000,-153000000,115000000,0,-139000000,-11000000,0,12000000,0,0,168000000,-4000000,1173000000,2539000000,1366000000,1148000000,-73000000,1075000000,https://www.sec.gov/Archives/edgar/data/1018724/000119312508024707/d10k.htm,https://www.sec.gov/Archives/edgar/data/1018724/000119312508024707/d10k.htm
2007-09-30,AMZN,2007-10-25 00:00:00,2007-10-25 09:00:24,Q3,80000000,61000000,-1000000,50000000,74000000,-73000000,-223000000,304000000,1105000000,23000000,237000000,-69000000,-25000000,-83000000,211000000,0,34000000,-17000000,0,35000000,0,0,72000000,19000000,362000000,1366000000,1004000000,237000000,-69000000,168000000,https://www.sec.gov/Archives/edgar/data/1018724/000119312507225370/0001193125-07-225370-index.html,https://www.sec.gov/Archives/edgar/data/1018724/000119312507225370/d10q.htm
2007-06-30,AMZN,2007-07-26 00:00:00,2007-07-26 09:00:48,Q2,78000000,60000000,-2000000,46000000,143000000,-10000000,25000000,82000000,923000000,20000000,299000000,-48000000,-21000000,-180000000,161000000,0,-88000000,-29000000,0,35000000,0,0,42000000,3000000,256000000,1004000000,748000000,299000000,-48000000,251000000,https://www.sec.gov/Archives/edgar/data/1018724/000119312507162415/0001193125-07-162415-index.html,https://www.sec.gov/Archives/edgar/data/1018724/000119312507162415/d10q.htm
2007-03-31,AMZN,2007-04-26 00:00:00,2007-04-26 06:34:52,Q1,111000000,62000000,2000000,34000000,-467000000,66000000,126000000,-602000000,753000000,13000000,-279000000,-34000000,-1000000,-514000000,784000000,0,235000000,-17000000,0,-239000000,0,0,-232000000,2000000,-274000000,748000000,1022000000,-279000000,-34000000,-313000000,https://www.sec.gov/Archives/edgar/data/1018724/000119312507090895/0001193125-07-090895-index.html,https://www.sec.gov/Archives/edgar/data/1018724/000119312507090895/d10q.htm
2006-12-31,AMZN,2007-02-16,2007-02-16 16:14:12,Q4,97000000,59000000,7000000,30000000,651000000,-116000000,-127000000,589000000,841000000,-70000000,744000000,-50000000,-2000000,-1341000000,870000000,0,-523000000,-7000000,0,18000000,0,0,92000000,16000000,329000000,1022000000,693000000,744000000,-50000000,694000000,https://www.sec.gov/Archives/edgar/data/1018724/000119312507034081/d10k.htm,https://www.sec.gov/Archives/edgar/data/1018724/000119312507034081/d10k.htm
2006-09-30,AMZN,2006-10-26,2006-10-26 06:16:52,Q3,20000000,63000000,7000000,30000000,11000000,-53000000,-218000000,251000000,547000000,30000000,131000000,-62000000,-2000000,-227000000,438000000,0,147000000,-42000000,0,-248000000,0,0,-269000000,1000000,10000000,693000000,683000000,131000000,-62000000,69000000,https://www.sec.gov/Archives/edgar/data/1018724/000119312506215188/d10q.htm,https://www.sec.gov/Archives/edgar/data/1018724/000119312506215188/d10q.htm
2006-06-30,AMZN,2006-07-27,2006-07-27 09:07:36,Q2,22000000,43000000,-2000000,30000000,39000000,16000000,30000000,4000000,773000000,28000000,130000000,-58000000,0,-232000000,249000000,0,-41000000,-21000000,0,6000000,0,0,73000000,14000000,176000000,683000000,507000000,130000000,-58000000,72000000,https://www.sec.gov/Archives/edgar/data/1018724/000119312506154437/d10q.htm,https://www.sec.gov/Archives/edgar/data/1018724/000119312506154437/d10q.htm
2006-03-31,AMZN,2006-04-27,2006-04-27 06:13:47,Q1,51000000,40000000,10000000,11000000,-417000000,50000000,33000000,-442000000,779000000,13000000,-303000000,-46000000,-28000000,-130000000,288000000,0,84000000,-313000000,0,7000000,0,0,-296000000,9000000,-506000000,507000000,1013000000,-303000000,-46000000,-349000000,https://www.sec.gov/Archives/edgar/data/1018724/000119312506090088/d10q.htm,https://www.sec.gov/Archives/edgar/data/1018724/000119312506090088/d10q.htm
2005-12-31,AMZN,2006-02-17,2006-02-17 08:52:50,Q4,199000000,36000000,-46000000,16000000,425000000,-90000000,-114000000,498000000,1000000000,16000000,630000000,-55000000,0,-359000000,183000000,0,-231000000,2000000,0,24000000,0,0,24000000,-10000000,413000000,1013000000,600000000,630000000,-55000000,575000000,https://www.sec.gov/Archives/edgar/data/1018724/000119312506034166/d10k.htm,https://www.sec.gov/Archives/edgar/data/1018724/000119312506034166/d10k.htm
2005-09-30,AMZN,2005-10-27,2005-10-26 20:33:28,Q3,30000000,30000000,22000000,26000000,50000000,-13000000,-75000000,146000000,808000000,21000000,153000000,-76000000,-4000000,-289000000,163000000,0,-206000000,-6000000,0,25000000,0,0,30000000,-6000000,-29000000,600000000,629000000,153000000,-76000000,77000000,https://www.sec.gov/Archives/edgar/data/1018724/000119312505209085/d10q.htm,https://www.sec.gov/Archives/edgar/data/1018724/000119312505209085/d10q.htm
2005-06-30,AMZN,2005-07-28,2005-07-27 20:07:17,Q2,52000000,27000000,44000000,26000000,109000000,9000000,13000000,55000000,782000000,12000000,244000000,-47000000,-5000000,-234000000,142000000,0,-144000000,-1000000,0,9000000,0,0,9000000,-13000000,96000000,629000000,533000000,244000000,-47000000,197000000,https://www.sec.gov/Archives/edgar/data/1018724/000119312505150308/d10q.htm,https://www.sec.gov/Archives/edgar/data/1018724/000119312505150308/d10q.htm
2005-03-31,AMZN,2005-04-28,2005-04-27 17:47:48,Q1,78000000,28000000,50000000,19000000,-431000000,10000000,72000000,-425000000,720000000,-19000000,-294000000,-26000000,-15000000,-504000000,348000000,0,-197000000,-265000000,0,8000000,0,0,-256000000,-23000000,-770000000,533000000,1303000000,-294000000,-26000000,-320000000,https://www.sec.gov/Archives/edgar/data/1018724/000119312505087021/d10q.htm,https://www.sec.gov/Archives/edgar/data/1018724/000119312505087021/d10q.htm
2004-12-31,AMZN,2005-03-11,2005-03-11 06:20:27,Q4,346000000,21000000,-257000000,19629000,398000000,14097000,-107724000,423944000,918996000,49000000,558000000,-36755000,0,-448057000,419375000,0,-66000000,-559000,0,17000000,0,0,17000000,48000000,557000000,1303000000,746000000,558000000,-37000000,521000000,https://www.sec.gov/Archives/edgar/data/1018724/000119312505047032/d10k.htm,https://www.sec.gov/Archives/edgar/data/1018724/000119312505047032/d10k.htm
2004-09-30,AMZN,2004-10-22 00:00:00,2004-10-22 16:21:24,Q3,54000000,19000000,0,9274000,23000000,-22868000,-69626000,95529000,641761000,20000000,117000000,-28722000,-71195000,-380651000,395087000,0,-85000000,-550000,0,8000000,0,0,7000000,6000000,44000000,745000000,701000000,117000000,-28000000,89000000,https://www.sec.gov/Archives/edgar/data/1018724/000119312504176356/0001193125-04-176356-index.html,https://www.sec.gov/Archives/edgar/data/1018724/000119312504176356/d10q.htm
2004-06-30,AMZN,2004-07-23 00:00:00,2004-07-23 06:03:48,Q2,77000000,18000000,0,21692000,49000000,-3272000,-4716000,22612000,644838000,0,143000000,-14143000,0,-250702000,42556000,0,-223000000,-645000,0,20000000,0,0,20000000,-7000000,-67000000,702000000,769000000,143000000,-14000000,129000000,https://www.sec.gov/Archives/edgar/data/1018724/000119312504123102/0001193125-04-123102-index.html,https://www.sec.gov/Archives/edgar/data/1018724/000119312504123102/d10q.htm
2004-03-31,AMZN,2004-04-23 00:00:00,2004-04-22 19:57:37,Q1,111000000,18000000,0,7107000,-366000000,10298000,13170000,-255994000,539663000,-14000000,-251000000,-9513000,0,-504679000,569768000,0,56000000,-155647000,0,15000000,0,0,-141000000,2000000,-334000000,768000000,1102000000,-251000000,-10000000,-261000000,https://www.sec.gov/Archives/edgar/data/1018724/000119312504067751/0001193125-04-067751-index.html,https://www.sec.gov/Archives/edgar/data/1018724/000119312504067751/d10q.htm
2003-12-31,AMZN,2004-02-25,2004-02-25 17:25:47,Q4,73000000,22000000,0,15039000,337000000,-17998000,-42785000,299316000,568108000,49000000,481000000,-17236000,0,-121448000,232173000,0,94000000,-207732000,0,30000000,0,0,-177000000,38000000,436000000,1102000000,666000000,481000000,-17000000,464000000,https://www.sec.gov/Archives/edgar/data/1018724/000119312504029488/d10k.htm,https://www.sec.gov/Archives/edgar/data/1018724/000119312504029488/d10k.htm
2003-09-30,AMZN,2003-10-24 00:00:00,2003-10-24 08:29:33,Q3,15000000,18000000,0,20936000,-31000000,-14844000,-62147000,49535000,583450000,34000000,37000000,-15192000,0,-71880000,21988000,0,-60000000,-10327000,0,41000000,0,0,38000000,10000000,25000000,667000000,642000000,37000000,-15000000,22000000,https://www.sec.gov/Archives/edgar/data/1018724/000089102003002504/0000891020-03-002504-index.html,https://www.sec.gov/Archives/edgar/data/1018724/000089102003002504/v93801e10vq.htm
2003-06-30,AMZN,2003-07-24 00:00:00,2003-07-23 20:13:11,Q2,-43000000,19000000,0,24453000,67000000,5914000,-2479000,45486000,481870000,84000000,126000000,-7141000,0,-109259000,350068000,0,233000000,-274028000,0,53000000,0,0,-228000000,15000000,145000000,641000000,496000000,126000000,-8000000,118000000,https://www.sec.gov/Archives/edgar/data/1018724/000089102003001925/0000891020-03-001925-index.html,https://www.sec.gov/Archives/edgar/data/1018724/000089102003001925/v91549e10vq.htm
2003-03-31,AMZN,2003-04-25 00:00:00,2003-04-25 17:16:59,Q1,-10000000,20000000,0,27323000,-316000000,27233000,30625000,-226605000,645917000,54000000,-252000000,-6394000,0,-233055000,208955000,0,-30000000,-3221000,0,39000000,0,0,35000000,4000000,-242000000,496000000,738000000,-252000000,-6000000,-258000000,https://www.sec.gov/Archives/edgar/data/1018724/000089102003001333/0000891020-03-001333-index.html,https://www.sec.gov/Archives/edgar/data/1018724/000089102003001333/v89385e10vq.htm
2002-12-31,AMZN,2003-02-19,2003-02-19 08:03:25,Q4,3000000,20000000,0,35680000,266000000,-32948000,-48368000,262838000,549718000,83000000,372000000,-15516000,0,-173520000,152757000,0,-37000000,-2674000,0,66000000,0,0,63000000,11000000,411000000,739000000,328000000,372000000,-15000000,357000000,https://www.sec.gov/Archives/edgar/data/1018724/000095014903000355/v87419ore10vk.htm,https://www.sec.gov/Archives/edgar/data/1018724/000095014903000355/v87419ore10vk.htm
2002-09-30,AMZN,2002-10-25 00:00:00,2002-10-25 17:25:25,Q3,-35000000,22000000,0,-832000,47000000,0,-24029000,49408000,408609000,5000000,38000000,-11353000,0,-28186000,50621000,0,11000000,-4126000,0,6000000,0,0,2000000,6000000,57000000,327000000,270000000,38000000,-12000000,26000000,https://www.sec.gov/Archives/edgar/data/1018724/000103221002001474/0001032210-02-001474-index.html,https://www.sec.gov/Archives/edgar/data/1018724/000103221002001474/d10q.htm
2002-06-30,AMZN,2002-07-26 00:00:00,2002-07-25 21:45:11,Q2,-94000000,22000000,0,23148000,-19000000,0,16420000,-27418000,383045000,95000000,5000000,-7440000,0,-299877000,213336000,0,-93000000,-3432000,0,43000000,0,0,39000000,24000000,-26000000,271000000,297000000,5000000,-7000000,-2000000,https://www.sec.gov/Archives/edgar/data/1018724/000103221002001115/0001032210-02-001115-index.html,https://www.sec.gov/Archives/edgar/data/1018724/000103221002001115/d10q.htm
2002-03-31,AMZN,2002-04-24 00:00:00,2002-04-24 00:00:00,Q1,-23000000,23000000,0,10931000,-254000000,0,4674000,-128286000,297243000,13000000,-241000000,-4854000,0,-134227000,136575000,0,-3000000,-4563000,0,7000000,0,0,3000000,-3000000,-244000000,296000000,540000000,-241000000,-5000000,-246000000,https://www.sec.gov/Archives/edgar/data/1018724/000103221002000681/0001032210-02-000681-index.html,https://www.sec.gov/Archives/edgar/data/1018724/000103221002000681/d10q.htm
2001-12-31,AMZN,2002-01-24,2002-01-24 00:00:00,Q4,5000000,59000000,0,1937000,289000000,0,-13813000,209546000,286506000,-4000000,349000000,-7534000,0,-286214000,67316000,0,-232000000,-4440000,0,2000000,0,0,-2000000,-6000000,108000000,540000000,432000000,349000000,-7000000,342000000,https://www.sec.gov/Archives/edgar/data/1018724/000103221002000059/d10k405.htm,https://www.sec.gov/Archives/edgar/data/1018724/000103221002000059/d10k405.htm
2001-09-30,AMZN,2001-10-30 00:00:00,2001-10-30 00:00:00,Q3,-170000000,61000000,0,349000,-29000000,0,19164000,-252352000,242078000,74000000,-65000000,-32362000,0,-254195000,236090000,0,-95000000,-11041000,99831000,101000000,0,0,94000000,34000000,-31000000,432000000,463000000,-65000000,-13000000,-78000000,https://www.sec.gov/Archives/edgar/data/1018724/000103221001501248/0001032210-01-501248-index.html,https://www.sec.gov/Archives/edgar/data/1018724/000103221001501248/d10q.htm
2001-06-30,AMZN,2001-07-23 00:00:00,2001-07-23 00:00:00,Q2,-168000000,72000000,0,-565000,84000000,0,5454000,228126000,161117000,15000000,3000000,9012000,0,3635000,-27395000,0,29000000,481000,0,7000000,0,0,4000000,-20000000,16000000,463000000,447000000,3000000,-11000000,-8000000,https://www.sec.gov/Archives/edgar/data/1018724/000103221001500866/0001032210-01-500866-index.html,https://www.sec.gov/Archives/edgar/data/1018724/000103221001500866/d10q.htm
2001-03-31,AMZN,2001-04-27 00:00:00,2001-04-27 00:00:00,Q1,-234000000,74000000,0,0,-308000000,0,19000000,228000000,0,61000000,-407000000,0,0,0,0,0,45000000,0,0,6000000,0,0,11000000,-24000000,-375000000,447000000,822000000,-407000000,-19000000,-426000000,https://www.sec.gov/Archives/edgar/data/1018724/000095010901500823/0000950109-01-500823-index.html,https://www.sec.gov/Archives/edgar/data/1018724/000095010901500823/d10q.htm
2000-12-31,AMZN,,,Q4,-545000000,101000000,0,0,305000000,0,-11000000,-180000000,0,386000000,248000000,0,0,0,0,0,-103000000,0,0,5000000,0,0,1000000,29000000,175000000,822000000,647000000,248000000,-38000000,210000000,,
2000-09-30,AMZN,2000-10-30 00:00:00,2000-10-30 00:00:00,Q3,-240000000,103000000,0,0,60000000,0,8000000,-19000000,0,75000000,-4000000,0,0,0,0,0,-20000000,0,0,5000000,0,0,1000000,-51000000,-73000000,647000000,720000000,-4000000,-42000000,-46000000,https://www.sec.gov/Archives/edgar/data/1018724/000089102000001861/0000891020-00-001861-index.html,https://www.sec.gov/Archives/edgar/data/1018724/000089102000001861/v66555e10-q.txt
2000-06-30,AMZN,2000-08-02 00:00:00,2000-08-02 00:00:00,Q2,-318000000,101000000,0,0,33000000,0,0,-30000000,0,129000000,-54000000,0,0,0,0,0,10000000,0,0,14000000,0,0,10000000,0,-35000000,49000000,84000000,-54000000,-28000000,-82000000,https://www.sec.gov/Archives/edgar/data/1018724/000089102000001380/0000891020-00-001380-index.html,https://www.sec.gov/Archives/edgar/data/1018724/000089102000001380/e10-q.txt
2000-03-31,AMZN,2000-05-15 00:00:00,2000-05-15 00:00:00,Q1,-308000000,101000000,0,0,-220000000,0,49000000,207000000,0,107000000,-320000000,0,0,0,0,0,277000000,0,0,21000000,0,0,681000000,-16000000,622000000,755000000,133000000,-320000000,-27000000,-347000000,https://www.sec.gov/Archives/edgar/data/1018724/000089102000001049/0000891020-00-001049-index.html,https://www.sec.gov/Archives/edgar/data/1018724/0000891020-00-001049.txt
1999-12-31,AMZN,,,Q4,-323000000,97000000,0,0,197000000,0,-102000000,-226000000,0,61000000,31000000,0,0,0,0,0,2000000,0,0,27000000,0,0,26000000,0,60000000,103000000,43000000,31000000,-105000000,-74000000,,
1999-09-30,AMZN,1999-11-15 00:00:00,1999-11-15 00:00:00,Q3,-197000000,84000000,0,0,-4000000,0,-60000000,-71000000,0,42000000,-75000000,0,0,0,0,0,-28000000,0,0,15000000,0,0,24000000,0,-80000000,-37000000,43000000,-75000000,-71000000,-146000000,https://www.sec.gov/Archives/edgar/data/1018724/000089102099001938/0000891020-99-001938-index.html,https://www.sec.gov/Archives/edgar/data/1018724/0000891020-99-001938.txt
1999-06-30,AMZN,1999-08-16 00:00:00,1999-08-16 00:00:00,Q2,-138000000,45000000,0,0,29000000,0,-14000000,-33000000,0,34000000,-30000000,0,0,0,0,0,217000000,0,0,15000000,0,0,-86000000,0,102000000,107000000,5000000,-30000000,-92000000,-122000000,https://www.sec.gov/Archives/edgar/data/1018724/000089102099001426/0000891020-99-001426-index.html,https://www.sec.gov/Archives/edgar/data/1018724/0000891020-99-001426.txt
1999-03-31,AMZN,1999-05-17 00:00:00,1999-05-17 00:00:00,Q1,-62000000,26000000,0,0,2000000,0,-15000000,-20000000,0,16000000,-17000000,0,0,0,0,0,-1143000000,0,0,7000000,0,0,1140000000,0,-20000000,6000000,26000000,-17000000,-19000000,-36000000,https://www.sec.gov/Archives/edgar/data/1018724/000089102099000894/0000891020-99-000894-index.html,https://www.sec.gov/Archives/edgar/data/1018724/0000891020-99-000894.txt
1998-12-31,AMZN,,,Q4,-47000000,46000000,0,0,48000000,0,-10000000,-53000000,0,-9000000,39000000,0,0,0,0,0,-93000000,0,0,3000000,0,0,2000000,0,-52000000,-37000000,15000000,39000000,-9000000,30000000,,
1998-09-30,AMZN,1998-11-13 00:00:00,1998-11-13 00:00:00,Q3,-45000000,3000000,0,0,15000000,0,-3000000,-12000000,0,27000000,-1000000,0,0,0,0,0,7000000,0,0,1000000,0,0,1000000,0,7000000,10000000,3000000,-1000000,-10000000,-11000000,https://www.sec.gov/Archives/edgar/data/1018724/000089102098001632/0000891020-98-001632-index.html,https://www.sec.gov/Archives/edgar/data/1018724/0000891020-98-001632.txt
1998-06-30,AMZN,1998-08-14 00:00:00,1998-08-14 00:00:00,Q2,-23000000,1000000,0,0,8000000,0,-5000000,-14000000,0,13000000,0,0,0,0,0,0,-233000000,0,0,9000000,0,0,250000000,0,17000000,116000000,99000000,0,-7000000,-7000000,https://www.sec.gov/Archives/edgar/data/1018724/000089102098001313/0000891020-98-001313-index.html,https://www.sec.gov/Archives/edgar/data/1018724/0000891020-98-001313.txt
1998-03-31,AMZN,1998-05-15 00:00:00,1998-05-15 00:00:00,Q1,-10000000,2000000,0,0,1000000,0,-3000000,-1000000,0,0,-7000000,0,0,0,0,0,-5000000,0,0,1000000,0,0,1000000,0,-11000000,-9000000,2000000,-7000000,-2000000,-9000000,https://www.sec.gov/Archives/edgar/data/1018724/000089102098000846/0000891020-98-000846-index.html,https://www.sec.gov/Archives/edgar/data/1018724/0000891020-98-000846.txt
1997-12-31,AMZN,,,Q4,-11000000,1000000,0,0,15000000,0,-6000000,-18000000,0,0,7000000,0,0,0,0,0,-80000000,0,0,1000000,0,0,74000000,0,0,45000000,45000000,7000000,-4000000,3000000,,
1997-09-30,AMZN,1997-11-14 00:00:00,1997-11-14 00:00:00,Q3,-10000000,1000000,0,0,1000000,0,-1000000,-5000000,0,0,-9000000,0,0,0,0,0,1000000,0,0,2000000,0,0,2000000,0,-4000000,44000000,48000000,-9000000,-2000000,-11000000,https://www.sec.gov/Archives/edgar/data/1018724/000089102097001466/0000891020-97-001466-index.html,https://www.sec.gov/Archives/edgar/data/1018724/0000891020-97-001466.txt
1997-06-30,AMZN,1997-08-14 00:00:00,1997-08-14 00:00:00,Q2,-7000000,1000000,0,0,7000000,0,-1000000,-4000000,0,1000000,2000000,0,0,0,0,0,-46000000,0,0,49000000,0,0,49000000,0,4000000,11000000,7000000,2000000,-1000000,1000000,https://www.sec.gov/Archives/edgar/data/1018724/000089102097001148/0000891020-97-001148-index.html,https://www.sec.gov/Archives/edgar/data/1018724/0000891020-97-001148.txt
1997-03-31,AMZN,,,Q1,-3000000,0,0,0,4000000,0,0,-3000000,0,0,1000000,0,0,0,0,0,-1000000,0,0,1000000,0,0,1000000,0,1000000,7000000,6000000,1000000,-1000000,0,,
1996-12-31,AMZN,,,Q4,-3000000,0,0,0,1000000,0,0,0,0,0,-1000000,0,0,0,0,0,-6000000,0,0,1000000,0,0,1000000,0,-7000000,-7000000,0,-1000000,0,-1000000,,
1996-09-30,AMZN,,,Q3,-2000000,0,0,0,2000000,0,0,0,0,0,-1000000,0,0,0,0,0,-1000000,0,0,0,0,0,0,0,-1000000,27200000000,27201000000,-1000000,-1000000,-2000000,,
1996-06-30,AMZN,,,Q2,-1000000,0,0,0,1000000,0,0,0,0,0,0,0,0,0,0,0,0,0,0,8000000,0,0,8000000,0,8000000,27209000000,27201000000,0,0,0,,
1996-03-31,AMZN,,,Q1,0,0,0,0,0,0,0,0,0,0,0,0,0,0,0,0,0,0,0,0,0,0,0,0,0,27201000000,27201000000,0,0,0,,
