date,symbol,fillingDate,acceptedDate,period,netIncome,depreciationAndAmortization,deferredIncomeTax,stockBasedCompensation,changeInWorkingCapital,accountsReceivables,inventory,accountsPayables,otherWorkingCapital,otherNonCashItems,netCashProvidedByOperatingActivities,investmentsInPropertyPlantAndEquipment,acquisitionsNet,purchasesOfInvestments,salesMaturitiesOfInvestments,otherInvestingActivites,netCashUsedForInvestingActivites,debtRepayment,commonStockIssued,commonStockRepurchased,dividendsPaid,otherFinancingActivites,netCashUsedProvidedByFinancingActivities,effectOfForexChangesOnCash,netChangeInCash,cashAtEndOfPeriod,cashAtBeginningOfPeriod,operatingCashFlow,capitalExpenditure,freeCashFlow,link,finalLink
2020-06-30,BA,2020-07-29 00:00:00,2020-07-29 13:56:40,Q2,-2395000000,547000000,0.0,60000000.0,-4435000000,197000000.0,-3768000000.0,-2151000000.0,37795000000.0,1003000000.0,-5280000000,-348000000.0,0.0,-12313000000.0,0.0,354000000.0,-12307000000,-2411000000.0,0.0,6000000.0,0.0,29826000000.0,22462000000.0,36000000.0,4911000000,19950000000.0,15039000000.0,-5280000000,-348000000,-5628000000.0,https://www.sec.gov/Archives/edgar/data/12927/000001292720000065/0000012927-20-000065-index.htm,https://www.sec.gov/Archives/edgar/data/12927/000001292720000065/a202006jun3010-q.htm
2020-03-31,BA,2020-04-29 00:00:00,2020-04-29 12:54:55,Q1,-641000000,556000000,0.0,0.0,-4341000000,-54000000.0,-2973000000.0,-1030000000.0,16509000000.0,124000000.0,-4302000000,-428000000.0,0.0,0.0,0.0,0.0,-379000000,-5854000000.0,0.0,21000000.0,-1158000000.0,0.0,10280000000.0,-47000000.0,5552000000,15037000000.0,9485000000.0,-4302000000,-428000000,-4730000000.0,https://www.sec.gov/Archives/edgar/data/12927/000001292720000045/0000012927-20-000045-index.html,https://www.sec.gov/Archives/edgar/data/12927/000001292720000045/a202003mar3110-q.htm
2019-12-31,BA,2020-01-31,2020-01-31 13:23:40,Q4,-1010000000,628000000,0.0,0.0,-1977000000,288000000.0,-2826000000.0,-26000000.0,4917000000.0,139000000.0,-2220000000,-447000000.0,37000000.0,0.0,0.0,0.0,517000000,-3193000000.0,0.0,7000000.0,-1157000000.0,0.0,1403000000.0,22000000.0,-278000000,9485000000.0,9763000000.0,-2220000000,-554000000,-2774000000.0,https://www.sec.gov/Archives/edgar/data/12927/000001292720000014/a201912dec3110k.htm,https://www.sec.gov/Archives/edgar/data/12927/000001292720000014/a201912dec3110k.htm
2019-09-30,BA,2019-10-23 00:00:00,2019-10-23 12:44:54,Q3,1167000000,576000000,0.0,0.0,-4308000000,-273000000.0,-4332000000.0,1626000000.0,9810000000.0,141000000.0,-2424000000,-465000000.0,0.0,0.0,0.0,0.0,-1194000000,-2556000000.0,0.0,4000000.0,-1156000000.0,0.0,4240000000.0,-25000000.0,597000000,9764000000.0,9167000000.0,-2424000000,-465000000,-2889000000.0,https://www.sec.gov/Archives/edgar/data/12927/000001292719000077/0000012927-19-000077-index.html,https://www.sec.gov/Archives/edgar/data/12927/000001292719000077/a201909sep3010-q.htm
2019-06-30,BA,2019-07-24 00:00:00,2019-07-24 12:42:25,Q2,-2942000000,546000000,0.0,0.0,1834000000,382000000.0,-2508000000.0,-1624000000.0,2922000000.0,-28000000.0,-590000000,-421000000.0,-216000000.0,0.0,0.0,0.0,-86000000,-2048000000.0,0.0,-305000000.0,-1156000000.0,0.0,2919000000.0,-3000000.0,2240000000,9076000000.0,6836000000.0,-590000000,-441000000,-1031000000.0,https://www.sec.gov/Archives/edgar/data/12927/000001292719000063/0000012927-19-000063-index.html,https://www.sec.gov/Archives/edgar/data/12927/000001292719000063/a201906jun3010-q.htm
2019-03-31,BA,2019-04-24 00:00:00,2019-04-24 12:56:09,Q1,2149000000,521000000,0.0,0.0,-178000000,206000000.0,-2725000000.0,1624000000.0,5894000000.0,296000000.0,2788000000,-501000000.0,-276000000.0,0.0,0.0,0.0,-767000000,-4374000000.0,0.0,-2299000000.0,-1161000000.0,0.0,-2823000000.0,1000000.0,-801000000,6836000000.0,7637000000.0,2788000000,-501000000,2287000000.0,https://www.sec.gov/Archives/edgar/data/12927/000001292719000030/0000012927-19-000030-index.html,https://www.sec.gov/Archives/edgar/data/12927/000001292719000030/a201903mar3110-q.htm
2018-12-31,BA,2019-02-08,2019-02-08 13:10:39,Q4,3424000000,583000000,0.0,0.0,-1232000000,162000000.0,-1339000000.0,-648000000.0,6240000000.0,172000000.0,2947000000,-435000000.0,-324000000.0,0.0,0.0,0.0,-2424000000,-870000000.0,0.0,-574000000.0,-970000000.0,0.0,-856000000.0,-16000000.0,-349000000,7685000000.0,8034000000.0,2947000000,-508000000,2439000000.0,https://www.sec.gov/Archives/edgar/data/12927/000001292719000010/a201812dec3110k.htm,https://www.sec.gov/Archives/edgar/data/12927/000001292719000010/a201812dec3110k.htm
2018-09-30,BA,2018-10-24 00:00:00,2018-10-24 13:38:46,Q3,2363000000,523000000,0.0,0.0,1626000000,-1071000000.0,-623000000.0,359000000.0,8269000000.0,47000000.0,4559000000,-399000000.0,0.0,0.0,0.0,0.0,-902000000,-27000000.0,0.0,-2441000000.0,-979000000.0,0.0,-3689000000.0,-1000000.0,-33000000,8088000000.0,8121000000.0,4559000000,-457000000,4102000000.0,https://www.sec.gov/Archives/edgar/data/12927/000001292718000065/0000012927-18-000065-index.html,https://www.sec.gov/Archives/edgar/data/12927/000001292718000065/a201809sep3010-q.htm
2018-06-30,BA,2018-07-25 00:00:00,2018-07-25 12:55:19,Q2,2196000000,507000000,0.0,0.0,1852000000,-143000000.0,908000000.0,-197000000.0,8676000000.0,125000000.0,4680000000,-439000000.0,0.0,0.0,0.0,0.0,-1414000000,-22000000.0,0.0,-2955000000.0,-991000000.0,0.0,-4332000000.0,-44000000.0,-1110000000,8125000000.0,9235000000.0,4680000000,-412000000,4268000000.0,https://www.sec.gov/Archives/edgar/data/12927/000001292718000048/0000012927-18-000048-index.html,https://www.sec.gov/Archives/edgar/data/12927/000001292718000048/a201806jun3010-q.htm
2018-03-31,BA,2018-04-25 00:00:00,2018-04-25 12:42:54,Q1,2477000000,501000000,0.0,0.0,38000000,-769000000.0,-31000000.0,616000000.0,11011000000.0,120000000.0,3136000000,-466000000.0,0.0,0.0,0.0,0.0,119000000,-34000000.0,0.0,-2949000000.0,-1006000000.0,0.0,-2845000000.0,8000000.0,418000000,9231000000.0,8813000000.0,3136000000,-414000000,2722000000.0,https://www.sec.gov/Archives/edgar/data/12927/000001292718000018/0000012927-18-000018-index.html,https://www.sec.gov/Archives/edgar/data/12927/000001292718000018/a201803mar3110-q.htm
2017-12-31,BA,2018-02-12,2018-02-12 14:31:00,Q4,3320000000,577000000,0.0,0.0,-1157000000,162000000.0,-1339000000.0,-648000000.0,8892000000.0,163000000.0,2903000000,-435000000.0,-324000000.0,0.0,0.0,0.0,-457000000,-870000000.0,0.0,-1716000000.0,-842000000.0,0.0,-2241000000.0,7000000.0,212000000,8781000000.0,8569000000.0,2903000000,-435000000,2468000000.0,https://www.sec.gov/Archives/edgar/data/12927/000001292718000007/a201712dec3110k.htm,https://www.sec.gov/Archives/edgar/data/12927/000001292718000007/a201712dec3110k.htm
2017-09-30,BA,2017-10-25 00:00:00,2017-10-25 12:34:25,Q3,1810000000,514000000,0.0,0.0,930000000,-1071000000.0,-623000000.0,359000000.0,9733000000.0,142000000.0,3396000000,-399000000.0,0.0,0.0,0.0,0.0,-218000000,-27000000.0,0.0,-2449000000.0,-855000000.0,0.0,-3335000000.0,21000000.0,-136000000,8601000000.0,8737000000.0,3396000000,-399000000,2997000000.0,https://www.sec.gov/Archives/edgar/data/12927/000001292717000073/0000012927-17-000073-index.html,https://www.sec.gov/Archives/edgar/data/12927/000001292717000073/a201709sep3010-q.htm
2017-06-30,BA,2017-07-26 00:00:00,2017-07-26 12:36:18,Q2,1749000000,488000000,0.0,0.0,2564000000,-143000000.0,908000000.0,-197000000.0,9922000000.0,148000000.0,4949000000,-439000000.0,0.0,0.0,0.0,0.0,-1123000000,-22000000.0,0.0,-2434000000.0,-852000000.0,0.0,-3311000000.0,32000000.0,547000000,8737000000.0,8190000000.0,4949000000,-570000000,4379000000.0,https://www.sec.gov/Archives/edgar/data/12927/000001292717000044/0000012927-17-000044-index.html,https://www.sec.gov/Archives/edgar/data/12927/000001292717000044/a201706jun3010-q.htm
2017-03-31,BA,2017-04-26 00:00:00,2017-04-26 12:30:07,Q1,1579000000,468000000,0.0,0.0,-85000000,-769000000.0,-31000000.0,616000000.0,12586000000.0,136000000.0,2098000000,-466000000.0,0.0,0.0,0.0,0.0,-260000000,-34000000.0,0.0,-2326000000.0,-868000000.0,0.0,-2463000000.0,20000000.0,-605000000,8196000000.0,8801000000.0,2098000000,-466000000,1632000000.0,https://www.sec.gov/Archives/edgar/data/12927/000001292717000024/0000012927-17-000024-index.html,https://www.sec.gov/Archives/edgar/data/12927/000001292717000024/a201703mar3110-q.htm
2016-12-31,BA,2017-02-08,2017-02-08 15:37:44,Q4,1770000000,525000000,0.0,0.0,312000000,629000000.0,-579000000.0,-744000000.0,12354000000.0,222000000.0,2829000000,-599000000.0,-297000000.0,0.0,0.0,0.0,-1414000000,-523000000.0,0.0,-371000000.0,-672000000.0,0.0,-1574000000.0,-27000000.0,-186000000,8800000000.0,8986000000.0,2829000000,-599000000,2230000000.0,https://www.sec.gov/Archives/edgar/data/12927/000001292717000006/a201612dec3110k.htm,https://www.sec.gov/Archives/edgar/data/12927/000001292717000006/a201612dec3110k.htm
2016-09-30,BA,2016-10-26 00:00:00,2016-10-26 13:22:49,Q3,2279000000,474000000,0.0,0.0,313000000,-14000000.0,1330000000.0,145000000.0,13748000000.0,136000000.0,3202000000,-595000000.0,0.0,0.0,0.0,0.0,-614000000,-569000000.0,0.0,-955000000.0,-676000000.0,0.0,-2204000000.0,-3000000.0,381000000,8986000000.0,8605000000.0,3202000000,-595000000,2607000000.0,https://www.sec.gov/Archives/edgar/data/12927/000001292716000153/0000012927-16-000153-index.html,https://www.sec.gov/Archives/edgar/data/12927/000001292716000153/a201609sep3010-q.htm
2016-06-30,BA,2016-07-27,2016-07-27 12:11:18,Q2,-234000000,447000000,0.0,0.0,2846000000,499000000.0,3060000000.0,261000000.0,13648000000.0,131000000.0,3190000000,-671000000.0,0.0,0.0,0.0,0.0,-912000000,-139000000.0,0.0,-1895000000.0,-691000000.0,0.0,-1544000000.0,-15000000.0,719000000,8605000000.0,7886000000.0,3190000000,-671000000,2519000000.0,https://www.sec.gov/Archives/edgar/data/12927/000001292716000143/a201606jun3010-q.htm,https://www.sec.gov/Archives/edgar/data/12927/000001292716000143/a201606jun3010-q.htm
2016-03-31,BA,2016-04-27 00:00:00,2016-04-27 12:13:08,Q1,1219000000,443000000,0.0,0.0,-549000000,-1002000000.0,-56000000.0,960000000.0,16070000000.0,162000000.0,1275000000,-748000000.0,0.0,0.0,0.0,0.0,-438000000,-128000000.0,0.0,-3459000000.0,-717000000.0,0.0,-4265000000.0,12000000.0,-3416000000,7886000000.0,11302000000.0,1275000000,-748000000,527000000.0,https://www.sec.gov/Archives/edgar/data/12927/000001292716000113/0000012927-16-000113-index.html,https://www.sec.gov/Archives/edgar/data/12927/000001292716000113/a201603mar3110-q.htm
2015-12-31,BA,2016-02-10,2016-02-10 10:57:34,Q4,1026000000,484000000,0.0,0.0,1403000000,133000000.0,1076000000.0,-1296000000.0,17822000000.0,206000000.0,3119000000,-623000000.0,-8000000.0,0.0,0.0,0.0,-881000000,-21000000.0,0.0,-682000000.0,-608000000.0,0.0,-311000000.0,-8000000.0,1919000000,11302000000.0,9383000000.0,3119000000,-623000000,2496000000.0,https://www.sec.gov/Archives/edgar/data/12927/000001292716000099/a201512dec3110k.htm,https://www.sec.gov/Archives/edgar/data/12927/000001292716000099/a201512dec3110k.htm
2015-09-30,BA,2015-10-21 00:00:00,2015-10-21 12:26:40,Q3,1704000000,437000000,0.0,0.0,543000000,-889000000.0,209000000.0,170000000.0,9768000000.0,175000000.0,2859000000,-561000000.0,0.0,0.0,0.0,0.0,-553000000,-18000000.0,0.0,-1445000000.0,-618000000.0,0.0,-2069000000.0,-11000000.0,226000000,9383000000.0,9157000000.0,2859000000,-561000000,2298000000.0,https://www.sec.gov/Archives/edgar/data/12927/000001292715000068/0000012927-15-000068-index.html,https://www.sec.gov/Archives/edgar/data/12927/000001292715000068/a201509sep3010-q.htm
2015-06-30,BA,2015-07-22 00:00:00,2015-07-22 12:34:11,Q2,1110000000,453000000,0.0,0.0,1585000000,76000000.0,-573000000.0,40000000.0,9670000000.0,149000000.0,3297000000,-692000000.0,-23000000.0,0.0,0.0,0.0,-198000000,-33000000.0,0.0,-1956000000.0,-625000000.0,0.0,-2605000000.0,8000000.0,502000000,9157000000.0,8655000000.0,3297000000,-692000000,2605000000.0,https://www.sec.gov/Archives/edgar/data/12927/000001292715000055/0000012927-15-000055-index.html,https://www.sec.gov/Archives/edgar/data/12927/000001292715000055/a201506jun3010-q.htm
2015-03-31,BA,2015-04-22 00:00:00,2015-04-22 12:56:27,Q1,1336000000,459000000,0.0,0.0,-1736000000,-389000000.0,-1822000000.0,848000000.0,11165000000.0,29000000.0,88000000,-574000000.0,0.0,0.0,0.0,0.0,-214000000,-813000000.0,0.0,-2269000000.0,-639000000.0,0.0,-2935000000.0,-17000000.0,-3078000000,8655000000.0,11733000000.0,88000000,-574000000,-486000000.0,https://www.sec.gov/Archives/edgar/data/12927/000001292715000019/0000012927-15-000019-index.html,https://www.sec.gov/Archives/edgar/data/12927/000001292715000019/a201503mar3110q.htm
2014-12-31,BA,2015-02-12,2015-02-12 15:32:40,Q4,1466000000,528000000,0.0,0.0,2700000000,57000000.0,95000000.0,-480000000.0,11068000000.0,304000000.0,4998000000,-668000000.0,0.0,0.0,0.0,0.0,1433000000,-691000000.0,0.0,-951000000.0,-519000000.0,0.0,-1299000000.0,-54000000.0,5078000000,11733000000.0,6655000000.0,4998000000,-668000000,4330000000.0,https://www.sec.gov/Archives/edgar/data/12927/000001292715000011/a201412dec3110k.htm,https://www.sec.gov/Archives/edgar/data/12927/000001292715000011/a201412dec3110k.htm
2014-09-30,BA,2014-10-22 00:00:00,2014-10-22 12:26:34,Q3,1362000000,478000000,0.0,0.0,-1107000000,-99000000.0,-1023000000.0,36000000.0,12014000000.0,206000000.0,939000000,-622000000.0,0.0,0.0,0.0,0.0,-247000000,-56000000.0,0.0,-970000000.0,-525000000.0,0.0,-1530000000.0,-40000000.0,-878000000,6655000000.0,7533000000.0,939000000,-622000000,317000000.0,https://www.sec.gov/Archives/edgar/data/12927/000001292714000057/0000012927-14-000057-index.html,https://www.sec.gov/Archives/edgar/data/12927/000001292714000057/a201409sep3010q.htm
2014-06-30,BA,2014-07-23 00:00:00,2014-07-23 12:34:48,Q2,1653000000,452000000,0.0,0.0,-357000000,-494000000.0,-1353000000.0,433000000.0,12188000000.0,61000000.0,1809000000,-449000000.0,-163000000.0,0.0,0.0,0.0,875000000,-97000000.0,0.0,-1346000000.0,-531000000.0,0.0,-2096000000.0,3000000.0,591000000,7533000000.0,6942000000.0,1809000000,-449000000,1360000000.0,https://www.sec.gov/Archives/edgar/data/12927/000001292714000042/0000012927-14-000042-index.html,https://www.sec.gov/Archives/edgar/data/12927/000001292714000042/a201406jun3010q.htm
2014-03-31,BA,2014-04-23 00:00:00,2014-04-23 14:23:14,Q1,965000000,448000000,0.0,0.0,-339000000,-792000000.0,-2049000000.0,1350000000.0,12275000000.0,38000000.0,1112000000,-497000000.0,0.0,0.0,0.0,0.0,406000000,-757000000.0,0.0,-2391000000.0,-540000000.0,0.0,-3668000000.0,4000000.0,-2146000000,6942000000.0,9088000000.0,1112000000,-497000000,615000000.0,https://www.sec.gov/Archives/edgar/data/12927/000001292714000022/0000012927-14-000022-index.html,https://www.sec.gov/Archives/edgar/data/12927/000001292714000022/a201403mar3110q.htm
2013-12-31,BA,2014-02-14,2014-02-14 12:00:10,Q4,1233000000,521000000,0.0,0.0,-917000000,127000000.0,-1931000000.0,-1241000000.0,13588000000.0,543000000.0,1380000000,-638000000.0,0.0,0.0,0.0,0.0,-1072000000,-37000000.0,0.0,-776000000.0,-365000000.0,0.0,-1256000000.0,-5000000.0,-953000000,9088000000.0,10041000000.0,1380000000,-778000000,602000000.0,https://www.sec.gov/Archives/edgar/data/12927/000001292714000004/a201312dec3110k.htm,https://www.sec.gov/Archives/edgar/data/12927/000001292714000004/a201312dec3110k.htm
2013-09-30,BA,2013-10-23 00:00:00,2013-10-23 14:07:39,Q3,1158000000,458000000,0.0,0.0,1152000000,-456000000.0,-1017000000.0,95000000.0,14482000000.0,40000000.0,2808000000,-484000000.0,0.0,0.0,0.0,0.0,-711000000,-36000000.0,0.0,-412000000.0,-367000000.0,0.0,-763000000.0,13000000.0,1347000000,10041000000.0,8694000000.0,2808000000,-484000000,2324000000.0,https://www.sec.gov/Archives/edgar/data/12927/000001292713000041/0000012927-13-000041-index.html,https://www.sec.gov/Archives/edgar/data/12927/000001292713000041/a201309sep3010q.htm
2013-06-30,BA,2013-07-24 00:00:00,2013-07-24 13:01:21,Q2,1088000000,436000000,0.0,0.0,1943000000,-113000000.0,386000000.0,194000000.0,14361000000.0,0.0,3467000000,-455000000.0,0.0,0.0,0.0,0.0,-2557000000,-99000000.0,0.0,-592000000.0,-368000000.0,0.0,-525000000.0,-26000000.0,359000000,8694000000.0,8335000000.0,3467000000,-455000000,3012000000.0,https://www.sec.gov/Archives/edgar/data/12927/000001292713000035/0000012927-13-000035-index.html,https://www.sec.gov/Archives/edgar/data/12927/000001292713000035/a201306jun3010q.htm
2013-03-31,BA,2013-04-24 00:00:00,2013-04-24 15:24:57,Q1,1106000000,429000000,0.0,0.0,-1100000000,-437000000.0,-3000000000.0,654000000.0,13824000000.0,89000000.0,524000000,-521000000.0,-26000000.0,0.0,0.0,0.0,-814000000,-1262000000.0,0.0,76000000.0,-367000000.0,0.0,-1705000000.0,-11000000.0,-2006000000,8335000000.0,10341000000.0,524000000,-521000000,3000000.0,https://www.sec.gov/Archives/edgar/data/12927/000001292713000023/0000012927-13-000023-index.html,https://www.sec.gov/Archives/edgar/data/12927/000001292713000023/a201303mar3110q.htm
2012-12-31,BA,2013-02-11,2013-02-11 12:50:46,Q4,978000000,498000000,0.0,0.0,2501000000,-177000000.0,-1093000000.0,342000000.0,12327000000.0,190000000.0,4167000000,-495000000.0,-106000000.0,0.0,0.0,0.0,836000000,-803000000.0,0.0,24000000.0,-332000000.0,0.0,-1243000000.0,-1000000.0,3759000000,10341000000.0,6582000000.0,4167000000,-496000000,3671000000.0,https://www.sec.gov/Archives/edgar/data/12927/000001292713000014/a201212dec3110k.htm,https://www.sec.gov/Archives/edgar/data/12927/000001292713000014/a201212dec3110k.htm
2012-09-30,BA,2012-10-24 00:00:00,2012-10-24 14:18:20,Q3,1032000000,465000000,0.0,0.0,-159000000,460000000.0,-1851000000.0,115000000.0,10926000000.0,258000000.0,1596000000,-428000000.0,0.0,0.0,0.0,0.0,-1005000000,-40000000.0,0.0,25000000.0,-332000000.0,0.0,-337000000.0,23000000.0,277000000,6582000000.0,6305000000.0,1596000000,-434000000,1162000000.0,https://www.sec.gov/Archives/edgar/data/12927/000001292712000024/0000012927-12-000024-index.html,https://www.sec.gov/Archives/edgar/data/12927/000001292712000024/a0930201210-q.htm
2012-06-30,BA,2012-07-25 00:00:00,2012-07-25 13:22:22,Q2,967000000,422000000,0.0,0.0,-752000000,419000000.0,-2240000000.0,236000000.0,9158000000.0,271000000.0,908000000,-356000000.0,-18000000.0,0.0,0.0,0.0,-585000000,-422000000.0,0.0,43000000.0,-330000000.0,0.0,-710000000.0,-26000000.0,-413000000,6305000000.0,6718000000.0,908000000,-356000000,552000000.0,https://www.sec.gov/Archives/edgar/data/12927/000001292712000012/0000012927-12-000012-index.html,https://www.sec.gov/Archives/edgar/data/12927/000001292712000012/a0630201210-q.htm
2012-03-31,BA,2012-04-25,2012-04-25 13:46:19,Q1,923000000,426000000,0.0,0.0,-710000000,-729000000.0,-497000000.0,506000000.0,8826000000.0,198000000.0,837000000,-424000000.0,0.0,0.0,0.0,0.0,-3003000000,-811000000.0,0.0,28000000.0,-328000000.0,0.0,-1187000000.0,22000000.0,-3331000000,6718000000.0,10049000000.0,837000000,-424000000,413000000.0,https://www.sec.gov/Archives/edgar/data/12927/000119312512181463/d304990d10q.htm,https://www.sec.gov/Archives/edgar/data/12927/000119312512181463/d304990d10q.htm
2011-12-31,BA,2012-02-09,2012-02-09 12:37:00,Q4,1393000000,434000000,0.0,0.0,1384000000,619000000.0,-1767000000.0,-283000000.0,8536000000.0,-280000000.0,2931000000,-571000000.0,0.0,0.0,0.0,0.0,1513000000,-35000000.0,0.0,8000000.0,-312000000.0,0.0,-346000000.0,-3000000.0,4095000000,10049000000.0,5954000000.0,2931000000,-571000000,2360000000.0,https://www.sec.gov/Archives/edgar/data/12927/000119312512048565/d255574d10k.htm,https://www.sec.gov/Archives/edgar/data/12927/000119312512048565/d255574d10k.htm
2011-09-30,BA,2011-10-26 00:00:00,2011-10-26 12:31:11,Q3,1098000000,417000000,0.0,0.0,-1121000000,-164000000.0,-3356000000.0,313000000.0,8754000000.0,55000000.0,449000000,-380000000.0,-26000000.0,0.0,0.0,0.0,98000000,-44000000.0,0.0,26000000.0,-312000000.0,0.0,393000000.0,-36000000.0,904000000,5954000000.0,5050000000.0,449000000,-380000000,69000000.0,https://www.sec.gov/Archives/edgar/data/12927/000119312511281613/0001193125-11-281613-index.html,https://www.sec.gov/Archives/edgar/data/12927/000119312511281613/d228887d10q.htm
2011-06-30,BA,2011-07-27 00:00:00,2011-07-27 12:37:42,Q2,941000000,429000000,0.0,0.0,141000000,-114000000.0,-2267000000.0,165000000.0,6983000000.0,85000000.0,1596000000,-345000000.0,0.0,0.0,0.0,0.0,-1949000000,-39000000.0,0.0,56000000.0,-311000000.0,0.0,-279000000.0,12000000.0,-620000000,5050000000.0,5670000000.0,1596000000,-345000000,1251000000.0,https://www.sec.gov/Archives/edgar/data/12927/000119312511198584/0001193125-11-198584-index.html,https://www.sec.gov/Archives/edgar/data/12927/000119312511198584/d10q.htm
2011-03-31,BA,2011-04-27 00:00:00,2011-04-27 12:19:19,Q1,586000000,380000000,0.0,0.0,-2063000000,-633000000.0,-2622000000.0,969000000.0,5752000000.0,144000000.0,-953000000,-417000000.0,-16000000.0,0.0,0.0,0.0,2707000000,-812000000.0,0.0,24000000.0,-309000000.0,0.0,-1468000000.0,25000000.0,311000000,5670000000.0,5359000000.0,-953000000,-417000000,-1370000000.0,https://www.sec.gov/Archives/edgar/data/12927/000119312511111215/0001193125-11-111215-index.html,https://www.sec.gov/Archives/edgar/data/12927/000119312511111215/d10q.htm
2010-12-31,BA,2011-02-09,2011-02-09 11:31:43,Q4,1164000000,457000000,0.0,0.0,-1039000000,709000000.0,-2701000000.0,78000000.0,5177000000.0,534000000.0,1116000000,-400000000.0,-65000000.0,0.0,0.0,0.0,1649000000,-34000000.0,0.0,16000000.0,-308000000.0,0.0,-317000000.0,47000000.0,2495000000,5359000000.0,2864000000.0,1116000000,-402000000,714000000.0,https://www.sec.gov/Archives/edgar/data/12927/000119312511028490/d10k.htm,https://www.sec.gov/Archives/edgar/data/12927/000119312511028490/d10k.htm
2010-09-30,BA,2010-10-20 00:00:00,2010-10-20 12:46:10,Q3,837000000,416000000,0.0,0.0,387000000,126000000.0,-1261000000.0,364000000.0,5216000000.0,215000000.0,1855000000,-282000000.0,-843000000.0,0.0,0.0,0.0,-2588000000,-567000000.0,0.0,10000000.0,-308000000.0,0.0,-867000000.0,-4000000.0,-1604000000,2864000000.0,4468000000.0,1855000000,-282000000,1573000000.0,https://www.sec.gov/Archives/edgar/data/12927/000119312510232425/0001193125-10-232425-index.html,https://www.sec.gov/Archives/edgar/data/12927/000119312510232425/d10q.htm
2010-06-30,BA,2010-07-28 00:00:00,2010-07-28 13:12:54,Q2,787000000,449000000,0.0,0.0,-1049000000,-255000000.0,-1592000000.0,-354000000.0,4239000000.0,79000000.0,266000000,-257000000.0,0.0,0.0,0.0,0.0,149000000,-37000000.0,0.0,38000000.0,-319000000.0,0.0,-431000000.0,-33000000.0,-49000000,4468000000.0,4517000000.0,266000000,-257000000,9000000.0,https://www.sec.gov/Archives/edgar/data/12927/000119312510168724/0001193125-10-168724-index.html,https://www.sec.gov/Archives/edgar/data/12927/000119312510168724/d10q.htm
2010-03-31,BA,2010-04-21 00:00:00,2010-04-21 12:36:16,Q1,519000000,405000000,0.0,0.0,-1333000000,-572000000.0,-1833000000.0,225000000.0,3314000000.0,124000000.0,-285000000,-186000000.0,-24000000.0,0.0,0.0,0.0,-4041000000,-51000000.0,0.0,23000000.0,-318000000.0,0.0,-347000000.0,-25000000.0,-4698000000,4517000000.0,9215000000.0,-285000000,-186000000,-471000000.0,https://www.sec.gov/Archives/edgar/data/12927/000119312510088623/0001193125-10-088623-index.html,https://www.sec.gov/Archives/edgar/data/12927/000119312510088623/d10q.htm
2009-12-31,BA,2010-02-08,2010-02-08 16:28:55,Q4,1268000000,467000000,0.0,0.0,1231000000,427000000.0,-943000000.0,-28000000.0,2392000000.0,246000000.0,3212000000,-221000000.0,0.0,0.0,0.0,0.0,-1645000000,-295000000.0,0.0,2000000.0,-305000000.0,0.0,1549000000.0,4000000.0,3120000000,9215000000.0,6095000000.0,3212000000,-221000000,2991000000.0,https://www.sec.gov/Archives/edgar/data/12927/000119312510024406/d10k.htm,https://www.sec.gov/Archives/edgar/data/12927/000119312510024406/d10k.htm
2009-09-30,BA,2009-10-21 00:00:00,2009-10-21 12:41:43,Q3,-1564000000,434000000,0.0,0.0,2131000000,397000000.0,1011000000.0,365000000.0,-1822000000.0,196000000.0,1197000000,-229000000.0,-592000000.0,0.0,0.0,0.0,-1303000000,-38000000.0,0.0,1000000.0,-305000000.0,0.0,1585000000.0,17000000.0,1496000000,6095000000.0,4599000000.0,1197000000,-229000000,968000000.0,https://www.sec.gov/Archives/edgar/data/12927/000119312509210918/0001193125-09-210918-index.html,https://www.sec.gov/Archives/edgar/data/12927/000119312509210918/d10q.htm
2009-06-30,BA,2009-07-22 00:00:00,2009-07-22 12:32:52,Q2,998000000,381000000,0.0,0.0,-490000000,-346000000.0,-1511000000.0,329000000.0,-1152000000.0,112000000.0,1001000000,-294000000.0,-17000000.0,0.0,0.0,0.0,-248000000,-147000000.0,0.0,7000000.0,-305000000.0,0.0,-431000000.0,40000000.0,362000000,4599000000.0,4237000000.0,1001000000,-294000000,707000000.0,https://www.sec.gov/Archives/edgar/data/12927/000119312509152905/0001193125-09-152905-index.html,https://www.sec.gov/Archives/edgar/data/12927/000119312509152905/d10q.htm
2009-03-31,BA,2009-04-22 00:00:00,2009-04-22 12:28:41,Q1,610000000,384000000,0.0,0.0,-962000000,-869000000.0,-82000000.0,475000000.0,-2161000000.0,161000000.0,193000000,-442000000.0,-30000000.0,0.0,0.0,0.0,-598000000,-71000000.0,0.0,-50000000.0,-305000000.0,0.0,1391000000.0,-17000000.0,969000000,4237000000.0,3268000000.0,193000000,-442000000,-249000000.0,https://www.sec.gov/Archives/edgar/data/12927/000119312509084313/0001193125-09-084313-index.html,https://www.sec.gov/Archives/edgar/data/12927/000119312509084313/d10q.htm
2008-12-31,BA,2009-02-09,2009-02-09 17:10:11,Q4,-86000000,417000000,0.0,0.0,-2096000000,709000000.0,-4498000000.0,700000000.0,-4961000000.0,124000000.0,-1641000000,-445000000.0,-474000000.0,0.0,0.0,0.0,1715000000,-122000000.0,0.0,-353000000.0,-291000000.0,0.0,-959000000.0,-33000000.0,-918000000,3268000000.0,4186000000.0,-1641000000,-472000000,-2113000000.0,https://www.sec.gov/Archives/edgar/data/12927/000119312509022654/d10k.htm,https://www.sec.gov/Archives/edgar/data/12927/000119312509022654/d10k.htm
2008-09-30,BA,2008-10-22 00:00:00,2008-10-22 12:23:57,Q3,695000000,350000000,0.0,0.0,-1498000000,-16000000.0,-1021000000.0,-444000000.0,-5021000000.0,11000000.0,-442000000,-422000000.0,-396000000.0,0.0,0.0,0.0,574000000,-462000000.0,0.0,-517000000.0,-295000000.0,0.0,-1510000000.0,-55000000.0,-1433000000,4186000000.0,5619000000.0,-442000000,-573000000,-1015000000.0,https://www.sec.gov/Archives/edgar/data/12927/000119312508214169/0001193125-08-214169-index.html,https://www.sec.gov/Archives/edgar/data/12927/000119312508214169/d10q.htm
2008-06-30,BA,2008-07-23 00:00:00,2008-07-23 13:34:18,Q2,852000000,362000000,0.0,0.0,-1622000000,-326000000.0,-45000000.0,-12000000.0,-5508000000.0,157000000.0,-251000000,-398000000.0,-54000000.0,0.0,0.0,0.0,-538000000,-122000000.0,0.0,-880000000.0,-300000000.0,0.0,-1300000000.0,1000000.0,-2088000000,5619000000.0,7707000000.0,-251000000,-303000000,-554000000.0,https://www.sec.gov/Archives/edgar/data/12927/000119312508156077/0001193125-08-156077-index.html,https://www.sec.gov/Archives/edgar/data/12927/000119312508156077/d10q.htm
2008-03-31,BA,2008-04-23 00:00:00,2008-04-23 13:26:28,Q1,1211000000,362000000,0.0,0.0,314000000,197000000.0,-604000000.0,628000000.0,-4485000000.0,46000000.0,1933000000,-409000000.0,-40000000.0,0.0,0.0,0.0,137000000,-32000000.0,0.0,-1143000000.0,-306000000.0,0.0,-1433000000.0,28000000.0,665000000,7707000000.0,7042000000.0,1933000000,-504000000,1429000000.0,https://www.sec.gov/Archives/edgar/data/12927/000119312508087722/0001193125-08-087722-index.html,https://www.sec.gov/Archives/edgar/data/12927/000119312508087722/d10q.htm
2007-12-31,BA,2008-02-15,2008-02-15 13:37:09,Q4,1033000000,395000000,0.0,0.0,409000000,-34000000.0,-1458000000.0,458000000.0,-4258000000.0,56000000.0,1893000000,-449000000.0,0.0,0.0,0.0,0.0,-2225000000,-399000000.0,0.0,-945000000.0,-270000000.0,0.0,-1599000000.0,25000000.0,-1906000000,7042000000.0,8948000000.0,1893000000,-479000000,1414000000.0,https://www.sec.gov/Archives/edgar/data/12927/000119312508032328/d10k.htm,https://www.sec.gov/Archives/edgar/data/12927/000119312508032328/d10k.htm
2007-09-30,BA,2007-10-24 00:00:00,2007-10-24 13:59:23,Q3,1114000000,338000000,0.0,0.0,1790000000,403000000.0,280000000.0,-372000000.0,-4239000000.0,87000000.0,3329000000,-417000000.0,0.0,0.0,0.0,0.0,-385000000,-114000000.0,0.0,-826000000.0,-274000000.0,0.0,-1162000000.0,10000000.0,1792000000,8948000000.0,7156000000.0,3329000000,-507000000,2822000000.0,https://www.sec.gov/Archives/edgar/data/12927/000119312507224585/0001193125-07-224585-index.html,https://www.sec.gov/Archives/edgar/data/12927/000119312507224585/d10q.htm
2007-06-30,BA,2007-07-25 00:00:00,2007-07-25 12:40:24,Q2,1050000000,397000000,0.0,0.0,2110000000,-530000000.0,-82000000.0,744000000.0,-4604000000.0,77000000.0,3634000000,-414000000.0,0.0,0.0,0.0,0.0,-531000000,-76000000.0,0.0,-526000000.0,-276000000.0,0.0,-792000000.0,9000000.0,2320000000,7156000000.0,4836000000.0,3634000000,-420000000,3214000000.0,https://www.sec.gov/Archives/edgar/data/12927/000119312507161475/0001193125-07-161475-index.html,https://www.sec.gov/Archives/edgar/data/12927/000119312507161475/d10q.htm
2007-03-31,BA,2007-04-25 00:00:00,2007-04-25 12:09:44,Q1,877000000,356000000,0.0,0.0,-552000000,-231000000.0,-298000000.0,98000000.0,-5919000000.0,47000000.0,728000000,-451000000.0,-75000000.0,0.0,0.0,0.0,-681000000,-817000000.0,0.0,-269000000.0,-276000000.0,0.0,-1331000000.0,2000000.0,-1282000000,4836000000.0,6118000000.0,728000000,-507000000,221000000.0,https://www.sec.gov/Archives/edgar/data/12927/000119312507089827/0001193125-07-089827-index.html,https://www.sec.gov/Archives/edgar/data/12927/000119312507089827/d10q.htm
2006-12-31,BA,2007-02-16,2007-02-16 14:11:00,Q4,989000000,422000000,0.0,0.0,1155000000,-410000000.0,-76000000.0,-62000000.0,-6718000000.0,-125000000.0,2441000000,-588000000.0,0.0,0.0,0.0,0.0,-618000000,-583000000.0,0.0,-377000000.0,-237000000.0,0.0,-920000000.0,17000000.0,920000000,6118000000.0,5198000000.0,2441000000,-622000000,1819000000.0,https://www.sec.gov/Archives/edgar/data/12927/000119312507033902/d10k.htm,https://www.sec.gov/Archives/edgar/data/12927/000119312507033902/d10k.htm
2006-09-30,BA,2006-10-25,2006-10-25 13:30:45,Q3,694000000,369000000,0.0,0.0,-997000000,-455000000.0,-158000000.0,-1231000000.0,-7284000000.0,494000000.0,560000000,-348000000.0,-1743000000.0,0.0,0.0,0.0,-1922000000,-471000000.0,0.0,-301000000.0,-238000000.0,0.0,-1010000000.0,3000000.0,-2369000000,5198000000.0,7567000000.0,560000000,-348000000,212000000.0,https://www.sec.gov/Archives/edgar/data/12927/000119312506214506/d10q.htm,https://www.sec.gov/Archives/edgar/data/12927/000119312506214506/d10q.htm
2006-06-30,BA,2006-07-26,2006-07-26 14:07:23,Q2,-160000000,385000000,0.0,0.0,1987000000,543000000.0,291000000.0,278000000.0,-7186000000.0,231000000.0,2443000000,-333000000.0,-111000000.0,0.0,0.0,0.0,-450000000,-598000000.0,0.0,-461000000.0,-241000000.0,0.0,-1222000000.0,15000000.0,786000000,7567000000.0,6781000000.0,2443000000,-333000000,2110000000.0,https://www.sec.gov/Archives/edgar/data/12927/000119312506153564/d10q.htm,https://www.sec.gov/Archives/edgar/data/12927/000119312506153564/d10q.htm
2006-03-31,BA,2006-04-26,2006-04-26 15:30:34,Q1,692000000,369000000,0.0,0.0,788000000,78000000.0,387000000.0,271000000.0,-6625000000.0,206000000.0,2055000000,-412000000.0,0.0,0.0,0.0,0.0,-196000000,-29000000.0,0.0,-265000000.0,-240000000.0,0.0,-493000000.0,3000000.0,1369000000,6781000000.0,5412000000.0,2055000000,-412000000,1643000000.0,https://www.sec.gov/Archives/edgar/data/12927/000119312506089258/d10q.htm,https://www.sec.gov/Archives/edgar/data/12927/000119312506089258/d10q.htm
2005-12-31,BA,2006-02-28,2006-02-28 12:47:43,Q4,460000000,373000000,0.0,0.0,1472000000,-246000000.0,-915000000.0,-374000000.0,-6220000000.0,82000000.0,2387000000,-473000000.0,-8000000.0,0.0,0.0,0.0,-443000000,-108000000.0,0.0,-758000000.0,-200000000.0,0.0,-1042000000.0,-37000000.0,865000000,5412000000.0,4547000000.0,2387000000,-473000000,1914000000.0,https://www.sec.gov/Archives/edgar/data/12927/000119312506040952/d10k.htm,https://www.sec.gov/Archives/edgar/data/12927/000119312506040952/d10k.htm
2005-09-30,BA,2005-10-26,2005-10-26 15:41:58,Q3,1011000000,372000000,0.0,0.0,-594000000,164000000.0,-1504000000.0,739000000.0,-6957000000.0,-267000000.0,522000000,-287000000.0,-164000000.0,0.0,0.0,0.0,179000000,-110000000.0,0.0,-800000000.0,-205000000.0,0.0,-1115000000.0,0.0,-414000000,4547000000.0,4961000000.0,522000000,-287000000,235000000.0,https://www.sec.gov/Archives/edgar/data/12927/000119312505208763/d10q.htm,https://www.sec.gov/Archives/edgar/data/12927/000119312505208763/d10q.htm
2005-06-30,BA,2005-07-27,2005-07-27 15:16:23,Q2,566000000,403000000,0.0,0.0,1253000000,185000000.0,71000000.0,286000000.0,-6181000000.0,464000000.0,2686000000,-480000000.0,0.0,0.0,0.0,0.0,453000000,-788000000.0,0.0,-537000000.0,-207000000.0,0.0,-1508000000.0,0.0,1631000000,4961000000.0,3330000000.0,2686000000,-480000000,2206000000.0,https://www.sec.gov/Archives/edgar/data/12927/000119312505149899/d10q.htm,https://www.sec.gov/Archives/edgar/data/12927/000119312505149899/d10q.htm
2005-03-31,BA,2005-04-27,2005-04-27 17:16:26,Q1,535000000,355000000,0.0,0.0,212000000,-695000000.0,383000000.0,496000000.0,-5956000000.0,303000000.0,1405000000,-307000000.0,0.0,0.0,0.0,0.0,-287000000,-372000000.0,0.0,-434000000.0,-208000000.0,0.0,-992000000.0,0.0,126000000,3330000000.0,3204000000.0,1405000000,-307000000,1098000000.0,https://www.sec.gov/Archives/edgar/data/12927/000119312505086964/d10q.htm,https://www.sec.gov/Archives/edgar/data/12927/000119312505086964/d10q.htm
2004-12-31,BA,2005-02-28,2005-02-28 16:07:20,Q4,186000000,503000000,0.0,0.0,52000000,497000000.0,531000000.0,-505000000.0,-5735000000.0,626000000.0,1367000000,-352000000.0,2000000.0,0.0,0.0,0.0,-1758000000,-142000000.0,0.0,-407000000.0,-168000000.0,0.0,-717000000.0,0.0,-1108000000,3204000000.0,4312000000.0,1367000000,-547000000,820000000.0,https://www.sec.gov/Archives/edgar/data/12927/000119312505038602/d10k.htm,https://www.sec.gov/Archives/edgar/data/12927/000119312505038602/d10k.htm
2004-09-30,BA,2004-10-27,2004-10-27 16:24:19,Q3,456000000,326000000,0.0,0.0,-50000000,-619000000.0,-196000000.0,932000000.0,-4998000000.0,215000000.0,947000000,-332000000.0,0.0,0.0,0.0,0.0,-1216000000,-1338000000.0,0.0,-95000000.0,-168000000.0,0.0,-1603000000.0,0.0,-1872000000,4312000000.0,6184000000.0,947000000,-357000000,590000000.0,https://www.sec.gov/Archives/edgar/data/12927/000119312504179383/d10q.htm,https://www.sec.gov/Archives/edgar/data/12927/000119312504179383/d10q.htm
2004-06-30,BA,2004-07-28,2004-07-28 17:28:05,Q2,607000000,344000000,0.0,0.0,130000000,259000000.0,788000000.0,334000000.0,-2902000000.0,173000000.0,1254000000,-112000000.0,-36000000.0,0.0,0.0,0.0,1559000000,-257000000.0,0.0,-178000000.0,-169000000.0,0.0,-579000000.0,0.0,2234000000,6184000000.0,3950000000.0,1254000000,-147000000,1107000000.0,https://www.sec.gov/Archives/edgar/data/12927/000119312504126399/d10q.htm,https://www.sec.gov/Archives/edgar/data/12927/000119312504126399/d10q.htm
2004-03-31,BA,2004-04-28,2004-04-28 17:24:59,Q1,623000000,336000000,0.0,0.0,-1212000000,-378000000.0,-512000000.0,101000000.0,-1891000000.0,189000000.0,-64000000,-182000000.0,0.0,0.0,0.0,0.0,-31000000,-471000000.0,0.0,26000000.0,-143000000.0,0.0,-588000000.0,0.0,-683000000,3950000000.0,4633000000.0,-64000000,-195000000,-259000000.0,https://www.sec.gov/Archives/edgar/data/12927/000119312504072412/d10q.htm,https://www.sec.gov/Archives/edgar/data/12927/000119312504072412/d10q.htm
2003-12-31,BA,2004-03-05,2004-03-04 18:05:16,Q4,1132000000,319000000,0.0,0.0,796000000,-175000000.0,1069000000.0,-112000000.0,-1190000000.0,280000000.0,2527000000,-263000000.0,0.0,0.0,0.0,0.0,922000000,-639000000.0,0.0,-6000000.0,-143000000.0,0.0,-549000000.0,0.0,2900000000,4633000000.0,1733000000.0,2527000000,1435000000,3962000000.0,https://www.sec.gov/Archives/edgar/data/12927/000119312504034751/d10k.htm,https://www.sec.gov/Archives/edgar/data/12927/000119312504034751/d10k.htm
2003-09-30,BA,2003-10-29,2003-10-29 17:24:06,Q3,256000000,322000000,0.0,0.0,-896000000,450000000.0,-387000000.0,-427000000.0,-3329000000.0,150000000.0,-168000000,-175000000.0,360000000.0,0.0,0.0,0.0,-105000000,-394000000.0,0.0,4000000.0,-143000000.0,0.0,127000000.0,0.0,-146000000,1733000000.0,1879000000.0,-168000000,-933000000,-1101000000.0,https://www.sec.gov/Archives/edgar/data/12927/000119312503069438/d10q.htm,https://www.sec.gov/Archives/edgar/data/12927/000119312503069438/d10q.htm
2003-07-30,BA,2003-08-04,2003-08-04 16:07:56,Q2,-192000000,395000000,-200000000.0,0.0,-1077000000,57000000.0,-56000000.0,981000000.0,-2797000000.0,0.0,845000000,-173000000.0,0.0,0.0,0.0,0.0,-350000000,-576000000.0,0.0,0.0,-143000000.0,0.0,-609000000.0,0.0,-114000000,0.0,0.0,845000000,173000000,672000000.0,https://www.sec.gov/Archives/edgar/data/12927/000119312503028503/0001193125-03-028503-index.htm,https://www.sec.gov/Archives/edgar/data/12927/000119312503028503/d10q.htm
2003-06-30,BA,,,Q2,-192000000,393000000,0.0,0.0,463000000,-306000000.0,42000000.0,-1114000000.0,0.0,181000000.0,845000000,0.0,0.0,0.0,0.0,0.0,-350000000,0.0,0.0,4000000.0,-143000000.0,0.0,-609000000.0,0.0,-114000000,1879000000.0,1993000000.0,845000000,-672000000,173000000.0,,
2003-03-31,BA,2003-05-05,2003-05-05 17:33:17,Q1,-478000000,366000000,0.0,0.0,-1589000000,25000000.0,-275000000.0,-589000000.0,-1720000000.0,1273000000.0,-428000000,-130000000.0,-71000000.0,0.0,0.0,0.0,-407000000,-415000000.0,0.0,16000000.0,-143000000.0,0.0,495000000.0,0.0,-340000000,1993000000.0,2333000000.0,-428000000,-666000000,-1094000000.0,https://www.sec.gov/Archives/edgar/data/12927/000095013103002606/d10q.htm,https://www.sec.gov/Archives/edgar/data/12927/000095013103002606/d10q.htm
2002-12-31,BA,2003-02-27,2003-02-27 17:09:45,Q4,590000000,446000000,0.0,0.0,-1939000000,-119000000.0,771000000.0,-489000000.0,-2955000000.0,273000000.0,-630000000,-415000000.0,-22000000.0,0.0,0.0,0.0,1185000000,-165000000.0,0.0,13000000.0,-143000000.0,0.0,76000000.0,0.0,631000000,2333000000.0,1702000000.0,-630000000,2373000000,1743000000.0,https://www.sec.gov/Archives/edgar/data/12927/000001292703000005/boeing10k_123102.htm,https://www.sec.gov/Archives/edgar/data/12927/000001292703000005/boeing10k_123102.htm
2002-09-30,BA,2002-11-06 00:00:00,2002-11-06 17:14:40,Q3,372000000,354000000,0.0,0.0,63000000,509000000.0,-448000000.0,-121000000.0,-2413000000.0,491000000.0,1280000000,-123000000.0,0.0,0.0,0.0,0.0,-575000000,-854000000.0,0.0,7000000.0,-143000000.0,0.0,181000000.0,0.0,886000000,1702000000.0,816000000.0,1280000000,-908000000,372000000.0,https://www.sec.gov/Archives/edgar/data/12927/000001292702000019/0000012927-02-000019-index.html,https://www.sec.gov/Archives/edgar/data/12927/000001292702000019/boeing10q_3q02.htm
2002-06-30,BA,2002-08-12 00:00:00,2002-08-12 16:50:06,Q2,779000000,328000000,0.0,0.0,-268000000,-17000000.0,638000000.0,132000000.0,0.0,86000000.0,925000000,0.0,0.0,0.0,0.0,0.0,-855000000,0.0,0.0,13000000.0,-143000000.0,0.0,103000000.0,0.0,173000000,816000000.0,643000000.0,925000000,-1179000000,-254000000.0,https://www.sec.gov/Archives/edgar/data/12927/000001292702000010/0000012927-02-000010-index.html,https://www.sec.gov/Archives/edgar/data/12927/000001292702000010/boeing10q_2q02.htm
2002-03-31,BA,2002-05-07 00:00:00,2002-05-07 16:35:47,Q1,-1249000000,322000000,0.0,0.0,-895000000,-540000000.0,1475000000.0,546000000.0,0.0,2583000000.0,761000000,0.0,0.0,0.0,0.0,0.0,-1137000000,0.0,0.0,34000000.0,-142000000.0,0.0,386000000.0,0.0,10000000,643000000.0,633000000.0,761000000,-1287000000,-526000000.0,https://www.sec.gov/Archives/edgar/data/12927/000001292702000007/0000012927-02-000007-index.html,https://www.sec.gov/Archives/edgar/data/12927/000001292702000007/b-q0302.txt
2001-12-31,BA,,,Q4,100000000,651000000,0.0,0.0,-1270000000,-352000000.0,217000000.0,-1708000000.0,0.0,586000000.0,67000000,0.0,0.0,0.0,0.0,0.0,-1542000000,0.0,0.0,3000000.0,-143000000.0,0.0,536000000.0,0.0,-939000000,633000000.0,1572000000.0,67000000,-1894000000,-1827000000.0,,
2001-09-30,BA,2001-10-25 00:00:00,2001-10-25 00:00:00,Q3,650000000,351000000,0.0,0.0,363000000,-94000000.0,-369000000.0,-548000000.0,0.0,78000000.0,1442000000,0.0,0.0,0.0,0.0,0.0,-1341000000,0.0,0.0,-868000000.0,-142000000.0,0.0,-31000000.0,0.0,70000000,1572000000.0,1502000000.0,1442000000,-1812000000,-370000000.0,https://www.sec.gov/Archives/edgar/data/12927/000001292701500012/0000012927-01-500012-index.html,https://www.sec.gov/Archives/edgar/data/12927/000001292701500012/b-q0901.txt
2001-06-30,BA,2001-08-09 00:00:00,2001-08-09 00:00:00,Q2,840000000,357000000,0.0,0.0,-161000000,-186000000.0,609000000.0,188000000.0,0.0,100000000.0,1136000000,0.0,0.0,0.0,0.0,0.0,-1369000000,0.0,0.0,-1371000000.0,-149000000.0,0.0,183000000.0,0.0,-50000000,1502000000.0,1552000000.0,1136000000,-1673000000,-537000000.0,https://www.sec.gov/Archives/edgar/data/12927/000001292701500009/0000012927-01-500009-index.html,https://www.sec.gov/Archives/edgar/data/12927/000001292701500009/b-q0601.txt
2001-03-31,BA,2001-05-08 00:00:00,2001-05-08 00:00:00,Q1,1237000000,384000000,0.0,0.0,-612000000,995000000.0,-1164000000.0,143000000.0,0.0,81000000.0,1090000000,0.0,0.0,0.0,0.0,0.0,-378000000,0.0,0.0,-102000000.0,-148000000.0,0.0,-170000000.0,0.0,542000000,1552000000.0,1010000000.0,1090000000,-710000000,380000000.0,https://www.sec.gov/Archives/edgar/data/12927/000001292701500005/0000012927-01-500005-index.html,https://www.sec.gov/Archives/edgar/data/12927/000001292701500005/q0301doc.txt
2000-12-31,BA,,,Q4,481000000,420000000,0.0,0.0,801000000,-1826000000.0,-781000000.0,-745000000.0,0.0,680000000.0,2382000000,0.0,0.0,0.0,0.0,0.0,-7003000000,0.0,0.0,-1431000000.0,-125000000.0,0.0,-531000000.0,0.0,-5152000000,1010000000.0,6162000000.0,2382000000,-1798000000,584000000.0,,
2000-09-30,BA,2000-11-06 00:00:00,2000-11-06 00:00:00,Q3,609000000,361000000,0.0,0.0,676000000,-141000000.0,122000000.0,-249000000.0,0.0,59000000.0,1705000000,0.0,0.0,0.0,0.0,0.0,-902000000,0.0,0.0,-471000000.0,-125000000.0,0.0,587000000.0,0.0,1390000000,6162000000.0,4772000000.0,1705000000,-617000000,1088000000.0,https://www.sec.gov/Archives/edgar/data/12927/000001292700000009/0000012927-00-000009-index.html,https://www.sec.gov/Archives/edgar/data/12927/000001292700000009/0000012927-00-000009-0001.txt
2000-06-30,BA,2000-08-02 00:00:00,2000-08-02 00:00:00,Q2,620000000,346000000,0.0,0.0,2080000000,-130000000.0,1781000000.0,-387000000.0,0.0,54000000.0,3100000000,0.0,0.0,0.0,0.0,0.0,-432000000,0.0,0.0,-234000000.0,-127000000.0,0.0,-524000000.0,0.0,2144000000,4772000000.0,2628000000.0,3100000000,-519000000,2581000000.0,https://www.sec.gov/Archives/edgar/data/12927/000001292700000007/0000012927-00-000007-index.html,https://www.sec.gov/Archives/edgar/data/12927/000001292700000007/0000012927-00-000007-0001.txt
2000-03-31,BA,2000-05-12 00:00:00,2000-05-12 00:00:00,Q1,418000000,352000000,0.0,0.0,-1791000000,31000000.0,-1435000000.0,338000000.0,0.0,60000000.0,-961000000,0.0,0.0,0.0,0.0,0.0,426000000,0.0,0.0,-85000000.0,-127000000.0,0.0,-191000000.0,0.0,-726000000,2628000000.0,3354000000.0,-961000000,-602000000,-1563000000.0,https://www.sec.gov/Archives/edgar/data/12927/000001292700000005/0000012927-00-000005-index.html,https://www.sec.gov/Archives/edgar/data/12927/0000012927-00-000005.txt
1999-12-31,BA,,,Q4,662000000,442000000,0.0,0.0,1513000000,-253000000.0,2190000000.0,283000000.0,0.0,41000000.0,2658000000,0.0,0.0,0.0,0.0,0.0,-706000000,0.0,0.0,-1221000000.0,-130000000.0,0.0,-1271000000.0,0.0,681000000,3354000000.0,2673000000.0,2658000000,-1033000000,1625000000.0,,
1999-09-30,BA,1999-11-12 00:00:00,1999-11-12 00:00:00,Q3,477000000,401000000,0.0,0.0,429000000,498000000.0,-98000000.0,129000000.0,0.0,-8000000.0,1299000000,0.0,0.0,0.0,0.0,0.0,-27000000,0.0,0.0,-988000000.0,-134000000.0,0.0,-1376000000.0,0.0,-104000000,2673000000.0,2777000000.0,1299000000,-962000000,337000000.0,https://www.sec.gov/Archives/edgar/data/12927/000001292799000030/0000012927-99-000030-index.html,https://www.sec.gov/Archives/edgar/data/12927/0000012927-99-000030.txt
1999-06-30,BA,1999-08-12 00:00:00,1999-08-12 00:00:00,Q2,701000000,400000000,0.0,0.0,342000000,-207000000.0,366000000.0,-534000000.0,0.0,38000000.0,1481000000,0.0,0.0,0.0,0.0,0.0,-339000000,0.0,0.0,-551000000.0,-136000000.0,0.0,-763000000.0,0.0,379000000,2777000000.0,2398000000.0,1481000000,-820000000,661000000.0,https://www.sec.gov/Archives/edgar/data/12927/000001292799000022/0000012927-99-000022-index.html,https://www.sec.gov/Archives/edgar/data/12927/0000012927-99-000022.txt
1999-03-31,BA,1999-05-14 00:00:00,1999-05-14 00:00:00,Q1,469000000,402000000,0.0,0.0,-136000000,-203000000.0,-413000000.0,-62000000.0,0.0,51000000.0,786000000,0.0,0.0,0.0,0.0,0.0,-361000000,0.0,0.0,-84000000.0,-137000000.0,0.0,-210000000.0,0.0,215000000,2398000000.0,2183000000.0,786000000,-819000000,-33000000.0,https://www.sec.gov/Archives/edgar/data/12927/000001292799000017/0000012927-99-000017-index.html,https://www.sec.gov/Archives/edgar/data/12927/0000012927-99-000017.txt
1998-12-31,BA,,,Q4,465000000,397000000,0.0,0.0,1348000000,-33000000.0,1947000000.0,-176000000.0,0.0,43000000.0,2253000000,0.0,0.0,0.0,0.0,0.0,-1675000000,0.0,0.0,-868000000.0,-139000000.0,0.0,-830000000.0,0.0,-252000000,2183000000.0,2435000000.0,2253000000,-2062000000,191000000.0,,
1998-09-30,BA,1998-11-06 00:00:00,1998-11-06 00:00:00,Q3,347000000,421000000,0.0,0.0,-716000000,-20000000.0,-339000000.0,551000000.0,0.0,34000000.0,86000000,0.0,0.0,0.0,0.0,0.0,-280000000,0.0,0.0,-375000000.0,-142000000.0,0.0,-525000000.0,0.0,-719000000,2435000000.0,3154000000.0,86000000,-919000000,-833000000.0,https://www.sec.gov/Archives/edgar/data/12927/000001292798000024/0000012927-98-000024-index.html,https://www.sec.gov/Archives/edgar/data/12927/0000012927-98-000024.txt
1998-06-30,BA,1998-08-12 00:00:00,1998-08-12 00:00:00,Q2,258000000,396000000,0.0,0.0,-1007000000,64000000.0,-1037000000.0,-19000000.0,0.0,41000000.0,-312000000,0.0,0.0,0.0,0.0,0.0,-353000000,0.0,0.0,-86000000.0,-141000000.0,0.0,-273000000.0,0.0,-938000000,3154000000.0,4092000000.0,-312000000,-448000000,-760000000.0,https://www.sec.gov/Archives/edgar/data/12927/000001292798000017/0000012927-98-000017-index.html,https://www.sec.gov/Archives/edgar/data/12927/0000012927-98-000017.txt
1998-03-31,BA,1998-05-12 00:00:00,1998-05-12 00:00:00,Q1,50000000,408000000,0.0,0.0,-92000000,-178000000.0,-188000000.0,107000000.0,0.0,22000000.0,388000000,0.0,0.0,0.0,0.0,0.0,-566000000,0.0,0.0,-3000000.0,-142000000.0,0.0,-150000000.0,0.0,-328000000,4092000000.0,4420000000.0,388000000,-839000000,-451000000.0,https://www.sec.gov/Archives/edgar/data/12927/000001292798000013/0000012927-98-000013-index.html,https://www.sec.gov/Archives/edgar/data/12927/0000012927-98-000013.txt
1997-12-31,BA,,,Q4,-498000000,352000000,0.0,0.0,1206000000,191000000.0,1576000000.0,-144000000.0,0.0,-141000000.0,919000000,0.0,0.0,0.0,0.0,0.0,-1072000000,0.0,0.0,0.0,-140000000.0,0.0,-247000000.0,0.0,-400000000,4420000000.0,4820000000.0,919000000,-2274000000,-1355000000.0,,
1997-09-30,BA,1997-11-14 00:00:00,1997-11-14 00:00:00,Q3,-696000000,375000000,0.0,0.0,-178000000,-314000000.0,567000000.0,-570000000.0,0.0,40000000.0,-459000000,0.0,0.0,0.0,0.0,0.0,-345000000,0.0,0.0,291000000.0,-165000000.0,0.0,44000000.0,0.0,-760000000,4820000000.0,5580000000.0,-459000000,-334000000,-793000000.0,https://www.sec.gov/Archives/edgar/data/12927/000001292797000042/0000012927-97-000042-index.html,https://www.sec.gov/Archives/edgar/data/12927/0000012927-97-000042.txt
1997-06-30,BA,1997-08-14 00:00:00,1997-08-14 00:00:00,Q2,476000000,383000000,0.0,0.0,329000000,285000000.0,343000000.0,415000000.0,0.0,100000000.0,1288000000,0.0,0.0,0.0,0.0,0.0,-486000000,0.0,0.0,103000000.0,-219000000.0,0.0,-470000000.0,0.0,332000000,5580000000.0,5248000000.0,1288000000,-342000000,946000000.0,https://www.sec.gov/Archives/edgar/data/12927/000001292797000032/0000012927-97-000032-index.html,https://www.sec.gov/Archives/edgar/data/12927/0000012927-97-000032.txt
1997-03-31,BA,1997-05-14 00:00:00,1997-05-14 00:00:00,Q1,540000000,348000000,0.0,0.0,-433000000,-413000000.0,-2302000000.0,-1348000000.0,0.0,-98000000.0,357000000,0.0,0.0,0.0,0.0,0.0,-352000000,0.0,0.0,-101000000.0,-33000000.0,0.0,-226000000.0,0.0,-221000000,5248000000.0,5469000000.0,357000000,-330000000,27000000.0,https://www.sec.gov/Archives/edgar/data/12927/000001292797000026/0000012927-97-000026-index.html,https://www.sec.gov/Archives/edgar/data/12927/0000012927-97-000026.txt
1996-12-31,BA,,,Q4,444000000,328000000,0.0,0.0,256000000,-722000000.0,10346000000.0,-21000000.0,0.0,129000000.0,1157000000,0.0,0.0,0.0,0.0,0.0,-458000000,0.0,0.0,29000000.0,-124000000.0,0.0,-413000000.0,0.0,286000000,5469000000.0,5183000000.0,1157000000,-299000000,858000000.0,,
1996-09-30,BA,1996-11-14 00:00:00,1996-11-14 00:00:00,Q3,401000000,312000000,0.0,0.0,216000000,0.0,-1018000000.0,-109000000.0,0.0,69000000.0,998000000,0.0,0.0,0.0,0.0,0.0,-63000000,0.0,0.0,-35000000.0,-51000000.0,0.0,-1011000000.0,0.0,-76000000,5183000000.0,5259000000.0,998000000,-201000000,797000000.0,https://www.sec.gov/Archives/edgar/data/12927/000001292796000025/0000012927-96-000025-index.html,https://www.sec.gov/Archives/edgar/data/12927/0000012927-96-000025.txt
1996-06-30,BA,1996-08-09 00:00:00,1996-08-09 00:00:00,Q2,656000000,323000000,0.0,0.0,87000000,161000000.0,-14152000000.0,310000000.0,0.0,-33000000.0,1033000000,0.0,0.0,0.0,0.0,0.0,-329000000,0.0,0.0,-237000000.0,-29000000.0,0.0,-395000000.0,0.0,309000000,5259000000.0,4950000000.0,1033000000,-272000000,761000000.0,https://www.sec.gov/Archives/edgar/data/12927/000001292796000007/0000012927-96-000007-index.html,https://www.sec.gov/Archives/edgar/data/12927/0000012927-96-000007.txt
1996-03-31,BA,1996-05-13 00:00:00,1996-05-13 00:00:00,Q1,317000000,303000000,0.0,0.0,-165000000,-18000000.0,6027000000.0,-347000000.0,0.0,-32000000.0,423000000,0.0,0.0,0.0,0.0,0.0,164000000,0.0,0.0,-260000000.0,-276000000.0,0.0,-164000000.0,0.0,423000000,4950000000.0,4527000000.0,423000000,-184000000,239000000.0,https://www.sec.gov/Archives/edgar/data/12927/000001292796000005/0000012927-96-000005-index.html,https://www.sec.gov/Archives/edgar/data/12927/0000012927-96-000005.txt
1995-12-31,BA,,,Q4,-718000000,300000000,0.0,0.0,-1597000000,-183000000.0,8963000000.0,195000000.0,0.0,1751000000.0,-264000000,0.0,0.0,0.0,0.0,0.0,-154000000,0.0,0.0,390000000.0,-373000000.0,0.0,87000000.0,0.0,-334000000,4527000000.0,4861000000.0,-264000000,-93000000,-357000000.0,,
1995-09-30,BA,1995-11-08 00:00:00,1995-11-08 00:00:00,Q3,417000000,340000000,0.0,0.0,-977000000,319000000.0,-844000000.0,148000000.0,0.0,562000000.0,342000000,0.0,0.0,0.0,0.0,0.0,404000000,0.0,0.0,-168000000.0,-26000000.0,0.0,-239000000.0,0.0,507000000,4861000000.0,4354000000.0,342000000,-200000000,142000000.0,https://www.sec.gov/Archives/edgar/data/12927/000001292795000010/0000012927-95-000010-index.html,https://www.sec.gov/Archives/edgar/data/12927/0000012927-95-000010.txt
1995-06-30,BA,1995-08-10 00:00:00,1995-08-10 00:00:00,Q2,-62000000,336000000,0.0,0.0,286000000,-172000000.0,-12212000000.0,44000000.0,0.0,-43000000.0,517000000,0.0,0.0,0.0,0.0,0.0,371000000,0.0,0.0,-209000000.0,-10000000.0,0.0,-218000000.0,0.0,670000000,4354000000.0,3684000000.0,517000000,-213000000,304000000.0,https://www.sec.gov/Archives/edgar/data/12927/000001292795000008/0000012927-95-000008-index.html,https://www.sec.gov/Archives/edgar/data/12927/0000012927-95-000008.txt
1995-03-31,BA,1995-05-12 00:00:00,1995-05-12 00:00:00,Q1,340000000,330000000,0.0,0.0,920000000,181000000.0,4524000000.0,-71000000.0,0.0,-50000000.0,1540000000,0.0,0.0,0.0,0.0,0.0,-264000000,0.0,0.0,-203000000.0,-25000000.0,0.0,-97000000.0,0.0,1179000000,3684000000.0,2505000000.0,1540000000,-257000000,1283000000.0,https://www.sec.gov/Archives/edgar/data/12927/000001292795000004/0000012927-95-000004-index.html,https://www.sec.gov/Archives/edgar/data/12927/0000012927-95-000004.txt
1994-12-31,BA,,,Q4,322000000,467000000,0.0,0.0,12000000,-141000000.0,6724000000.0,-203000000.0,0.0,-93000000.0,708000000,0.0,0.0,0.0,0.0,0.0,-93000000,0.0,0.0,196000000.0,-349000000.0,0.0,-233000000.0,0.0,382000000,2505000000.0,2123000000.0,708000000,-261000000,447000000.0,,
1994-09-30,BA,1994-11-07 00:00:00,1994-11-07 00:00:00,Q3,346000000,329000000,0.0,0.0,-1218000000,-189000000.0,-487000000.0,173000000.0,0.0,414000000.0,-129000000,0.0,0.0,0.0,0.0,0.0,-297000000,0.0,0.0,-84000000.0,-18000000.0,0.0,-210000000.0,0.0,-636000000,2123000000.0,2759000000.0,-129000000,-125000000,-254000000.0,https://www.sec.gov/Archives/edgar/data/12927/000001292794000016/0000012927-94-000016-index.html,https://www.sec.gov/Archives/edgar/data/12927/0000012927-94-000016.txt
1994-06-30,BA,1994-08-09 00:00:00,1994-08-09 00:00:00,Q2,360000000,328000000,0.0,0.0,-437000000,-81000000.0,-446000000.0,-344000000.0,0.0,-2000000.0,249000000,0.0,0.0,0.0,0.0,0.0,-369000000,0.0,0.0,-85000000.0,-12000000.0,0.0,-278000000.0,0.0,-398000000,2759000000.0,3157000000.0,249000000,-264000000,-15000000.0,https://www.sec.gov/Archives/edgar/data/12927/000001292794000015/0000012927-94-000015-index.html,https://www.sec.gov/Archives/edgar/data/12927/0000012927-94-000015.txt
1994-03-31,BA,1994-05-13 00:00:00,1994-05-13 00:00:00,Q1,426000000,297000000,0.0,0.0,881000000,145000000.0,-7368000000.0,-244000000.0,0.0,-502000000.0,1102000000,0.0,0.0,0.0,0.0,0.0,-53000000,0.0,0.0,-83000000.0,-16000000.0,0.0,-320000000.0,0.0,729000000,3157000000.0,2428000000.0,1102000000,-174000000,928000000.0,https://www.sec.gov/Archives/edgar/data/12927/000001292794000010/0000012927-94-000010-index.html,https://www.sec.gov/Archives/edgar/data/12927/0000012927-94-000010.txt
1993-12-31,BA,,,Q4,172000000,386000000,0.0,0.0,-539000000,-36000000.0,7952000000.0,240000000.0,0.0,177000000.0,196000000,0.0,0.0,0.0,0.0,0.0,109000000,0.0,0.0,315000000.0,80000000.0,0.0,-206000000.0,0.0,99000000,2428000000.0,2329000000.0,196000000,-314000000,-118000000.0,,
1993-09-30,BA,,,Q3,331000000,334000000,38000000.0,0.0,-742000000,207000000.0,-293000000.0,67000000.0,0.0,-102000000.0,-141000000,0.0,0.0,0.0,0.0,0.0,-465000000,0.0,0.0,-83000000.0,-417000000.0,0.0,-167000000.0,0.0,-773000000,2329000000.0,3102000000.0,-141000000,-203000000,-344000000.0,,
1993-06-30,BA,,,Q2,596000000,305000000,-38000000.0,0.0,83000000,-243000000.0,1664000000.0,222000000.0,0.0,-139000000.0,807000000,0.0,0.0,0.0,0.0,0.0,-1136000000,0.0,0.0,-84000000.0,-44000000.0,0.0,215000000.0,0.0,-114000000,3102000000.0,3216000000.0,807000000,-392000000,415000000.0,,
1993-03-31,BA,,,Q1,504000000,323000000,0.0,0.0,140000000,-66000000.0,-8600000000.0,-151000000.0,0.0,0.0,967000000,0.0,0.0,0.0,0.0,0.0,-177000000,0.0,0.0,-84000000.0,-14000000.0,0.0,-367000000.0,0.0,423000000,3216000000.0,2793000000.0,967000000,-453000000,514000000.0,,
1992-12-31,BA,,,Q4,1113000000,428000000,54000000.0,0.0,-463000000,327000000.0,10029000000.0,-363000000.0,0.0,-1304000000.0,-172000000,0.0,0.0,0.0,0.0,0.0,-693000000,0.0,0.0,-1000000.0,-139000000.0,0.0,-259000000.0,0.0,-1124000000,2793000000.0,3917000000.0,-172000000,-556000000,-728000000.0,,
1992-09-30,BA,,,Q3,197000000,337000000,-8000000.0,0.0,-18000000,207000000.0,47000000.0,-362000000.0,0.0,55000000.0,563000000,0.0,0.0,0.0,0.0,0.0,-721000000,0.0,0.0,171000000.0,-227000000.0,0.0,339000000.0,0.0,181000000,3917000000.0,3736000000.0,563000000,-607000000,-44000000.0,,
1992-06-30,BA,,,Q2,502000000,347000000,-55000000.0,0.0,1246000000,159000000.0,825000000.0,-3000000.0,0.0,-1233000000.0,807000000,0.0,0.0,0.0,0.0,0.0,-403000000,0.0,0.0,-195000000.0,-13000000.0,0.0,-11000000.0,0.0,393000000,3736000000.0,3343000000.0,807000000,-554000000,253000000.0,,
1992-03-31,BA,,,Q1,-562000000,314000000,9000000.0,0.0,431000000,61000000.0,-10927000000.0,-768000000.0,0.0,997000000.0,1189000000,0.0,0.0,0.0,0.0,0.0,-948000000,0.0,0.0,-85000000.0,-15000000.0,0.0,-65000000.0,0.0,176000000,3343000000.0,3167000000.0,1189000000,-733000000,456000000.0,,
1991-12-31,BA,,,Q4,544000000,344000000,108000000.0,0.0,134000000,63000000.0,11405000000.0,619000000.0,0.0,-400000000.0,730000000,0.0,0.0,0.0,0.0,0.0,-100000000,0.0,0.0,-430000000.0,-370000000.0,0.0,-431000000.0,0.0,200000000,2992000000.0,2792000000.0,730000000,-678000000,52000000.0,,
1991-09-30,BA,,,Q3,479000000,348000000,35000000.0,0.0,-271000000,-73000000.0,147000000.0,-167000000.0,0.0,-16000000.0,575000000,0.0,0.0,0.0,0.0,0.0,-223000000,0.0,0.0,498000000.0,2000000.0,0.0,122000000.0,0.0,473000000,2815000000.0,2342000000.0,575000000,-520000000,55000000.0,,
1991-06-30,BA,,,Q2,534000000,337000000,-9000000.0,0.0,10000000,-59000000.0,468000000.0,-466000000.0,0.0,-11000000.0,861000000,0.0,0.0,0.0,0.0,0.0,-50000000,0.0,0.0,-86000000.0,-14000000.0,0.0,-662000000.0,0.0,149000000,2360000000.0,2211000000.0,861000000,-451000000,410000000.0,,
1991-03-31,BA,,,Q1,367000000,296000000,-39000000.0,0.0,-560000000,210000000.0,-12392000000.0,84000000.0,0.0,-16000000.0,48000000,0.0,0.0,0.0,0.0,0.0,-224000000,0.0,0.0,-86000000.0,-28000000.0,0.0,107000000.0,0.0,-69000000,2345000000.0,2414000000.0,48000000,-396000000,-348000000.0,,
1990-12-31,BA,,,Q4,287000000,317000000,-21000000.0,0.0,442000000,-41000000.0,10407000000.0,-837000000.0,0.0,-467000000.0,558000000,0.0,0.0,0.0,0.0,0.0,-1750000000,0.0,0.0,263000000.0,-369000000.0,0.0,8000000.0,0.0,-1184000000,1962000000.0,3146000000.0,558000000,-544000000,14000000.0,,
1990-09-30,BA,,,Q3,628000000,264000000,-41000000.0,0.0,174000000,134000000.0,-114000000.0,52000000.0,0.0,-344000000.0,681000000,0.0,0.0,0.0,0.0,0.0,-537000000,0.0,0.0,-233000000.0,-23000000.0,0.0,-10000000.0,0.0,134000000,3368000000.0,3234000000.0,681000000,-461000000,220000000.0,,
1990-06-30,BA,,,Q2,426000000,367000000,-57000000.0,0.0,407000000,170000000.0,330000000.0,83000000.0,0.0,-98000000.0,1045000000,0.0,0.0,0.0,0.0,0.0,-395000000,0.0,0.0,-89000000.0,-28000000.0,0.0,191000000.0,0.0,841000000,3249000000.0,2408000000.0,1045000000,-535000000,510000000.0,,
1990-03-31,BA,,,Q1,302000000,256000000,1000000.0,0.0,948000000,0.0,0.0,0.0,0.0,264000000.0,1771000000,0.0,0.0,0.0,0.0,0.0,-713000000,0.0,0.0,-70000000.0,-16000000.0,0.0,-77000000.0,0.0,981000000,981000000.0,0.0,1771000000,-526000000,1245000000.0,,
