date,symbol,fillingDate,acceptedDate,period,netIncome,depreciationAndAmortization,deferredIncomeTax,stockBasedCompensation,changeInWorkingCapital,accountsReceivables,inventory,accountsPayables,otherWorkingCapital,otherNonCashItems,netCashProvidedByOperatingActivities,investmentsInPropertyPlantAndEquipment,acquisitionsNet,purchasesOfInvestments,salesMaturitiesOfInvestments,otherInvestingActivites,netCashUsedForInvestingActivites,debtRepayment,commonStockIssued,commonStockRepurchased,dividendsPaid,otherFinancingActivites,netCashUsedProvidedByFinancingActivities,effectOfForexChangesOnCash,netChangeInCash,cashAtEndOfPeriod,cashAtBeginningOfPeriod,operatingCashFlow,capitalExpenditure,freeCashFlow,link,finalLink
2020-06-30,BAC,2020-07-31,,Q2,3533000000,448000000,-457000000.0,534000000.0,-7946000000.0,0.0,0.0,0.0,813948000000.0,1416000000.0,-3006000000,0.0,0.0,-286000000.0,0.0,-88063000000.0,-88349000000,-13033000000.0,0.0,-286000000.0,-1833000000,144023000000.0,129132000000,1179000000.0,38956000000,38956000000,0.0,-3006000000,0.0,-3006000000,https://www.sec.gov/Archives/edgar/data/70858/000007085820000040/bac-0630202010xq.htm,https://www.sec.gov/Archives/edgar/data/70858/000007085820000040/bac-0630202010xq.htm
2020-03-31,BAC,2020-05-01 00:00:00,2020-05-01 16:56:46,Q1,4010000000,432000000,-229000000.0,543000000.0,13805000000.0,0.0,0.0,0.0,-66000000.0,1025000000.0,19043000000,0.0,0.0,-27372000000.0,0.0,0.0,-90411000000,0.0,0.0,-6336000000.0,-2083000000,0.0,161147000000,-949000000.0,88830000000,88830000000,0.0,19043000000,0.0,19043000000,https://www.sec.gov/Archives/edgar/data/70858/000007085820000023/0000070858-20-000023-index.html,https://www.sec.gov/Archives/edgar/data/70858/000007085820000023/bac-0331202010xq.htm
2019-12-31,BAC,2020-02-19,2020-02-19 16:18:13,Q4,6994000000,439000000,646000000.0,479000000.0,49898000000.0,0.0,0.0,0.0,685753000000.0,1126000000.0,59103000000,0.0,0.0,-7748000000.0,0.0,-34655000000.0,-43279000000,-7952000000.0,0.0,-7953000000.0,-1848000000,5445000000.0,-11866000000,508000000.0,4466000000,4466000000,0.0,59103000000,0.0,59103000000,https://www.sec.gov/Archives/edgar/data/70858/000007085820000011/bac-1231201910xk.htm,https://www.sec.gov/Archives/edgar/data/70858/000007085820000011/bac-1231201910xk.htm
2019-09-30,BAC,2019-10-28 00:00:00,2019-10-28 16:37:44,Q3,5777000000,493000000,295000000.0,510000000.0,-15403000000.0,0.0,0.0,0.0,650790000000.0,3191000000.0,-5702000000,0.0,0.0,-7626000000.0,0.0,-23800000000.0,-30133000000,-8994000000.0,0.0,-8709000000.0,-464000000,41107000000.0,22828000000,-1293000000.0,-14300000000,-14300000000,0.0,-5702000000,0.0,-5702000000,https://www.sec.gov/Archives/edgar/data/70858/000007085819000057/0000070858-19-000057-index.html,https://www.sec.gov/Archives/edgar/data/70858/000007085819000057/bac-930201910xq.htm
2019-06-30,BAC,2019-07-29,2019-07-29 17:06:39,Q2,7348000000,434000000,731000000.0,481000000.0,-16167000000.0,0.0,0.0,0.0,668395000000.0,929000000.0,-6725000000,0.0,0.0,-6507000000.0,0.0,5080000000.0,-2451000000,-19556000000.0,0.0,-4144000000.0,-1696000000,35406000000.0,7923000000,1024000000.0,-229000000,-229000000,0.0,-6725000000,0.0,-6725000000,https://www.sec.gov/Archives/edgar/data/70858/000007085819000042/bac-630201910xq.htm,https://www.sec.gov/Archives/edgar/data/70858/000007085819000042/bac-630201910xq.htm
2019-03-31,BAC,2019-04-26 00:00:00,2019-04-26 16:06:36,Q1,7311000000,418000000,763000000.0,504000000.0,5743000000.0,0.0,0.0,0.0,663898000000.0,866000000.0,15101000000,0.0,0.0,-6263000000.0,0.0,889000000.0,-4767000000,-14292000000.0,0.0,-6263000000.0,-1926000000,6503000000.0,-15508000000,-607000000.0,-5781000000,-5781000000,0.0,15101000000,0.0,15101000000,https://www.sec.gov/Archives/edgar/data/70858/000007085819000026/0000070858-19-000026-index.html,https://www.sec.gov/Archives/edgar/data/70858/000007085819000026/bac-331201910xq.htm
2018-12-31,BAC,2019-02-26,2019-02-26 16:38:01,Q4,7278000000,-14000000,196000000.0,406000000.0,-22739000000.0,0.0,0.0,0.0,683323000000.0,819000000.0,-13922000000,0.0,0.0,-5231000000.0,0.0,-20286000000.0,-24317000000,-8229000000.0,0.0,-5231000000.0,-1745000000,45488000000.0,30556000000,229000000.0,-7454000000,-7454000000,0.0,-13922000000,0.0,-13922000000,https://www.sec.gov/Archives/edgar/data/70858/000007085819000012/bac-1231201810xk.htm,https://www.sec.gov/Archives/edgar/data/70858/000007085819000012/bac-1231201810xk.htm
2018-09-30,BAC,2018-10-29 00:00:00,2018-10-29 16:14:17,Q3,7167000000,515000000,1063000000.0,446000000.0,9913000000.0,0.0,0.0,0.0,686138000000.0,948000000.0,19606000000,0.0,0.0,-5040000000.0,0.0,-21242000000.0,-26282000000,-7553000000.0,0.0,-5895000000.0,-1905000000,35135000000.0,21045000000,-710000000.0,13659000000,13659000000,0.0,19606000000,0.0,19606000000,https://www.sec.gov/Archives/edgar/data/70858/000007085818000042/0000070858-18-000042-index.html,https://www.sec.gov/Archives/edgar/data/70858/000007085818000042/bac-930201810xq.htm
2018-06-30,BAC,2018-07-30 00:00:00,2018-07-30 16:31:01,Q2,6784000000,513000000,978000000.0,462000000.0,-15689000000.0,0.0,0.0,0.0,663885000000.0,896000000.0,-6518000000,0.0,0.0,-4965000000.0,0.0,6945000000.0,1980000000,-23687000000.0,0.0,-6456000000.0,-1571000000,2785000000.0,-27085000000,-1419000000.0,-33042000000,-33042000000,0.0,-6518000000,0.0,-6518000000,https://www.sec.gov/Archives/edgar/data/70858/000007085818000030/0000070858-18-000030-index.html,https://www.sec.gov/Archives/edgar/data/70858/000007085818000030/bac-630201810xq.htm
2018-03-31,BAC,2018-04-30 00:00:00,2018-04-30 16:44:02,Q1,6918000000,511000000,804000000.0,415000000.0,31231000000.0,0.0,0.0,0.0,686921000000.0,890000000.0,40354000000,0.0,0.0,-4858000000.0,0.0,-17991000000.0,-22849000000,-13577000000.0,0.0,-2509000000.0,-1674000000,48274000000.0,28602000000,700000000.0,46807000000,46807000000,0.0,40354000000,0.0,40354000000,https://www.sec.gov/Archives/edgar/data/70858/000007085818000020/0000070858-18-000020-index.html,https://www.sec.gov/Archives/edgar/data/70858/000007085818000020/bac-331201810xq.htm
2017-12-31,BAC,2018-02-22,2018-02-22 16:10:05,Q4,2365000000,515000000,3044000000.0,184000000.0,-14055000000.0,0.0,0.0,0.0,657693000000.0,1031000000.0,-7100000000,0.0,0.0,-4869000000.0,0.0,-7099000000.0,-11917000000,-4829000000.0,0.0,-4869000000.0,-1576000000,14799000000.0,3843000000,227000000.0,-14947000000,-14947000000,0.0,-7100000000,0.0,-7100000000,https://www.sec.gov/Archives/edgar/data/70858/000007085818000009/bac-1231201710xk.htm,https://www.sec.gov/Archives/edgar/data/70858/000007085818000009/bac-1231201710xk.htm
2017-09-30,BAC,2017-10-30 00:00:00,2017-10-30 16:05:41,Q3,5424000000,523000000,1616000000.0,201000000.0,11702000000.0,0.0,0.0,0.0,665541000000.0,1039000000.0,20304000000,0.0,0.0,-2981000000.0,0.0,-12885000000.0,-15699000000,-15002000000.0,0.0,-2981000000.0,-1721000000,27905000000.0,8658000000,414000000.0,13677000000,13677000000,0.0,20304000000,0.0,20304000000,https://www.sec.gov/Archives/edgar/data/70858/000007085817000046/0000070858-17-000046-index.html,https://www.sec.gov/Archives/edgar/data/70858/000007085817000046/bac-930201710xq.htm
2017-06-30,BAC,2017-07-31 00:00:00,2017-07-31 16:04:22,Q2,5106000000,531000000,2133000000.0,204000000.0,899000000.0,0.0,0.0,0.0,650991000000.0,980000000.0,9649000000,0.0,0.0,-6468000000.0,0.0,-10154000000.0,-9984000000,-16105000000.0,0.0,-2236000000.0,-1148000000,8697000000.0,-9637000000,651000000.0,-9321000000,-9321000000,0.0,9649000000,0.0,9649000000,https://www.sec.gov/Archives/edgar/data/70858/000007085817000037/0000070858-17-000037-index.html,https://www.sec.gov/Archives/edgar/data/70858/000007085817000037/bac-630201710xq.htm
2017-03-31,BAC,2017-05-02 00:00:00,2017-05-02 16:06:33,Q1,5337000000,534000000,1382000000.0,1060000000.0,-21092000000.0,0.0,0.0,0.0,654563000000.0,850000000.0,-12989000000,0.0,0.0,-2728000000.0,0.0,-11291000000.0,-13941000000,-13617000000.0,0.0,-2728000000.0,-1255000000,63441000000.0,46404000000,813000000.0,20287000000,20287000000,0.0,-12989000000,0.0,-12989000000,https://www.sec.gov/Archives/edgar/data/70858/000007085817000025/0000070858-17-000025-index.html,https://www.sec.gov/Archives/edgar/data/70858/000007085817000025/bac-331201710xq.htm
2016-12-31,BAC,2017-02-23,2017-02-23 16:11:19,Q4,4612000000,549000000,721000000.0,148000000.0,-16533000000.0,0.0,0.0,0.0,635204000000.0,1211000000.0,-9440000000,0.0,0.0,-1330000000.0,0.0,1187000000.0,715000000,-10391000000.0,0.0,-1330000000.0,-1163000000,27646000000.0,15383000000,-2354000000.0,4304000000,4304000000,0.0,-9440000000,0.0,-9440000000,https://www.sec.gov/Archives/edgar/data/70858/000007085817000013/bac-1231201610xk.htm,https://www.sec.gov/Archives/edgar/data/70858/000007085817000013/bac-1231201610xk.htm
2016-09-30,BAC,2016-11-01 00:00:00,2016-11-01 16:08:05,Q3,4955000000,564000000,2031000000.0,125000000.0,-8031000000.0,0.0,0.0,0.0,631409000000.0,1007000000.0,526000000,0.0,0.0,-1399000000.0,0.0,-31111000000.0,-32510000000,-13408000000.0,0.0,-1399000000.0,-1178000000,19437000000.0,3860000000,351000000.0,-27773000000,-27773000000,0.0,526000000,0.0,526000000,https://www.sec.gov/Archives/edgar/data/70858/000007085816000222/0000070858-16-000222-index.html,https://www.sec.gov/Archives/edgar/data/70858/000007085816000222/bac-930201610xq.htm
2016-06-30,BAC,2016-08-01,2016-08-01 16:49:01,Q2,4783000000,562000000,1337000000.0,131000000.0,7695000000.0,0.0,0.0,0.0,639446000000.0,917000000.0,15294000000,0.0,0.0,-1383000000.0,0.0,-7733000000.0,-9116000000,-13646000000.0,0.0,-505000000.0,-879000000,130000000.0,-15418000000,837000000.0,-8403000000,-8403000000,0.0,15294000000,0.0,15294000000,https://www.sec.gov/Archives/edgar/data/70858/000007085816000200/bac-630201610xq.htm,https://www.sec.gov/Archives/edgar/data/70858/000007085816000200/bac-630201610xq.htm
2016-03-31,BAC,2016-05-02 00:00:00,2016-05-02 16:10:57,Q1,3472000000,566000000,1704000000.0,831000000.0,3789000000.0,0.0,0.0,0.0,635277000000.0,1366000000.0,10897000000,0.0,0.0,-1000000000.0,0.0,-20374000000.0,-21374000000,-14404000000.0,0.0,1069000000.0,-974000000,45303000000.0,29328000000,1406000000.0,20257000000,20257000000,0.0,10897000000,0.0,10897000000,https://www.sec.gov/Archives/edgar/data/70858/000007085816000166/0000070858-16-000166-index.html,https://www.sec.gov/Archives/edgar/data/70858/000007085816000166/bac-331201610xq.htm
2015-12-31,BAC,2016-02-24,2016-02-24 16:47:44,Q4,3358000000,583000000,377000000.0,2170000000.0,846000000.0,0.0,0.0,0.0,623345000000.0,524000000.0,5688000000,0.0,0.0,-799000000.0,0.0,-21852000000.0,-22818000000,-5782000000.0,0.0,-799000000.0,-850000000,13282000000.0,6131000000,-74000000.0,-11073000000,-11073000000,0.0,5688000000,0.0,5688000000,https://www.sec.gov/Archives/edgar/data/70858/000007085816000137/bac-1231201510xk.htm,https://www.sec.gov/Archives/edgar/data/70858/000007085816000137/bac-1231201510xk.htm
2015-09-30,BAC,2015-10-30 00:00:00,2015-10-30 16:57:30,Q3,4321000000,595000000,1191000000.0,0.0,18701000000.0,0.0,0.0,0.0,623651000000.0,988000000.0,25796000000,0.0,0.0,-800000000.0,0.0,-13074000000.0,-4768000000,-13741000000.0,0.0,-800000000.0,-961000000,1123000000.0,-13938000000,-178000000.0,6912000000,6912000000,0.0,25796000000,0.0,25796000000,https://www.sec.gov/Archives/edgar/data/70858/000007085815000103/0000070858-15-000103-index.html,https://www.sec.gov/Archives/edgar/data/70858/000007085815000103/bac-930201510xq.htm
2015-06-30,BAC,2015-07-29 00:00:00,2015-07-29 16:09:58,Q2,5134000000,603000000,1331000000.0,0.0,-10085000000.0,0.0,0.0,0.0,618557000000.0,-315000000.0,-3332000000,0.0,0.0,-775000000.0,0.0,-9079000000.0,-14473000000,-9164000000.0,0.0,-775000000.0,-917000000,28293000000.0,17830000000,946000000.0,971000000,971000000,0.0,-3332000000,0.0,-3332000000,https://www.sec.gov/Archives/edgar/data/70858/000007085815000078/0000070858-15-000078-index.html,https://www.sec.gov/Archives/edgar/data/70858/000007085815000078/bac-630201510xq.htm
2015-03-31,BAC,2015-04-29 00:00:00,2015-04-29 16:14:38,Q1,3097000000,608000000,68000000.0,0.0,-4855000000.0,0.0,0.0,0.0,607355000000.0,1327000000.0,245000000,0.0,0.0,-14885000000.0,0.0,-8575000000.0,-13512000000,-11678000000.0,0.0,2964000000.0,-846000000,50717000000.0,38512000000,-1291000000.0,23954000000,23954000000,0.0,245000000,0.0,245000000,https://www.sec.gov/Archives/edgar/data/70858/000007085815000048/0000070858-15-000048-index.html,https://www.sec.gov/Archives/edgar/data/70858/000007085815000048/bac-331201510xq.htm
2014-12-31,BAC,2015-02-25,2015-02-25 16:06:24,Q4,3737000000,642000000,593000000.0,2300000000.0,-4726000000.0,0.0,0.0,0.0,578198000000.0,102000000.0,348000000,0.0,0.0,0.0,0.0,29023000000.0,27078000000,-9126000000.0,0.0,1396000000.0,-837000000,-6063000000.0,-15714000000,-1782000000.0,9930000000,9930000000,0.0,348000000,0.0,348000000,https://www.sec.gov/Archives/edgar/data/70858/000007085815000008/bac-12312014x10k.htm,https://www.sec.gov/Archives/edgar/data/70858/000007085815000008/bac-12312014x10k.htm
2014-09-30,BAC,2014-11-06 00:00:00,2014-11-06 16:39:42,Q3,-232000000,625000000,234000000.0,0.0,1922000000.0,0.0,0.0,-15374000000.0,561457000000.0,397000000.0,2946000000,0.0,0.0,0.0,0.0,10393000000.0,8471000000,-12752000000.0,0.0,3067000000.0,-765000000,-21398000000.0,-34183000000,-1474000000.0,-24240000000,-24240000000,0.0,2946000000,-233000000.0,2713000000,https://www.sec.gov/Archives/edgar/data/70858/000007085814000139/0000070858-14-000139-index.html,https://www.sec.gov/Archives/edgar/data/70858/000007085814000139/bac-9302014x10q.htm
2014-06-30,BAC,2014-07-29 00:00:00,2014-07-29 16:34:39,Q2,2291000000,626000000,1052000000.0,0.0,1000000.0,0.0,0.0,2037000000.0,525384000000.0,808000000.0,4778000000,0.0,0.0,-233000000.0,0.0,-13970000000.0,-14394000000,-16616000000.0,0.0,1261000000.0,-360000000,27888000000.0,10679000000,191000000.0,1254000000,1254000000,0.0,4778000000,-185000000.0,4593000000,https://www.sec.gov/Archives/edgar/data/70858/000007085814000088/0000070858-14-000088-index.html,https://www.sec.gov/Archives/edgar/data/70858/000007085814000088/bac-6302014x10q.htm
2014-03-31,BAC,2014-05-01 00:00:00,2014-05-01 17:15:24,Q1,-276000000,629000000,-732000000.0,0.0,22632000000.0,0.0,0.0,13337000000.0,164371000000.0,470000000.0,22723000000,0.0,0.0,-1442000000.0,0.0,-27975000000.0,-29415000000,-15255000000.0,0.0,-1442000000.0,-344000000,44058000000.0,27017000000,-2000000.0,20323000000,20323000000,0.0,22723000000,-266000000.0,22457000000,https://www.sec.gov/Archives/edgar/data/70858/000007085814000056/0000070858-14-000056-index.html,https://www.sec.gov/Archives/edgar/data/70858/000007085814000056/bac-3312014x10q.htm
2013-12-31,BAC,2014-02-25,2014-02-25 16:07:46,Q4,3439000000,662000000,452000000.0,2300000000.0,6727000000.0,0.0,0.0,1140000000.0,413566000000.0,714000000.0,11994000000,0.0,0.0,-64090000000.0,126162000000.0,-44526000000.0,17748000000,-17666000000.0,0.0,-1351000000.0,-361000000,-73000000.0,-19451000000,-202000000.0,10089000000,10089000000,0.0,11994000000,-168000000.0,11826000000,https://www.sec.gov/Archives/edgar/data/70858/000007085814000012/bac-12312013x10k.htm,https://www.sec.gov/Archives/edgar/data/70858/000007085814000012/bac-12312013x10k.htm
2013-09-30,BAC,2013-10-30 00:00:00,2013-10-30 17:27:04,Q3,2497000000,658000000,1926000000.0,0.0,2369000000.0,0.0,0.0,-4464000000.0,140529000000.0,777000000.0,8227000000,0.0,0.0,-25495000000.0,16841000000.0,18690000000.0,9602000000,-18503000000.0,0.0,-1792000000.0,-362000000,23873000000.0,4142000000,434000000.0,22405000000,22405000000,0.0,8227000000,-255000000.0,7972000000,https://www.sec.gov/Archives/edgar/data/70858/000007085813000248/0000070858-13-000248-index.html,https://www.sec.gov/Archives/edgar/data/70858/000007085813000248/bac-9302013x10q.htm
2013-06-30,BAC,2013-08-01 00:00:00,2013-08-01 16:30:20,Q2,4012000000,676000000,1030000000.0,0.0,40105000000.0,0.0,0.0,4933000000.0,119884000000.0,305000000.0,46128000000,0.0,0.0,-56041000000.0,46189000000.0,5153000000.0,-3962000000,-16877000000.0,0.0,-5542000000.0,-472000000,-126209000000.0,-43581000000,-737000000.0,-2152000000,-2152000000,0.0,46128000000,-98000000.0,46030000000,https://www.sec.gov/Archives/edgar/data/70858/000007085813000216/0000070858-13-000216-index.html,https://www.sec.gov/Archives/edgar/data/70858/000007085813000216/bac-6302013x10q.htm
2013-03-31,BAC,2013-05-07 00:00:00,2013-05-07 17:12:00,Q1,1483000000,687000000,-146000000.0,0.0,24014000000.0,0.0,0.0,-14528000000.0,391663000000.0,430000000.0,26468000000,0.0,0.0,-33577000000.0,15375000000.0,18514000000.0,1670000000,-12556000000.0,0.0,12000000.0,-482000000,77466000000.0,-36552000000,-1358000000.0,-9772000000,-9772000000,0.0,26468000000,0.0,26468000000,https://www.sec.gov/Archives/edgar/data/70858/000007085813000147/0000070858-13-000147-index.html,https://www.sec.gov/Archives/edgar/data/70858/000007085813000147/bac-3312013x10q.htm
2012-12-31,BAC,2013-02-28,2013-02-28 16:03:27,Q4,732000000,736000000,-3566000000.0,2300000000.0,-25341000000.0,0.0,0.0,4678000000.0,438394000000.0,1296000000.0,-26143000000,0.0,0.0,-33394000000.0,13656000000.0,3429000000.0,-15344000000,-14127000000.0,0.0,0.0,-472000000,65931000000.0,46995000000,-1171000000.0,4337000000,4337000000,0.0,-26143000000,0.0,-26143000000,https://www.sec.gov/Archives/edgar/data/70858/000007085813000097/bac-12312012x10k.htm,https://www.sec.gov/Archives/edgar/data/70858/000007085813000097/bac-12312012x10k.htm
2012-09-30,BAC,2012-11-02 00:00:00,2012-11-02 16:07:38,Q3,340000000,752000000,672000000.0,0.0,5093000000.0,0.0,0.0,9548000000.0,443414000000.0,1960000000.0,8817000000,0.0,0.0,-31404000000.0,13438000000.0,6000000.0,-17479000000,-25128000000.0,0.0,6000000.0,-471000000,-1048000000.0,-9345000000,705000000.0,-17302000000,-17302000000,0.0,8817000000,-146000000.0,8671000000,https://www.sec.gov/Archives/edgar/data/70858/000007085812000362/0000070858-12-000362-index.html,https://www.sec.gov/Archives/edgar/data/70858/000007085812000362/bac-9302012x10q.htm
2012-06-30,BAC,2012-08-02 00:00:00,2012-08-02 16:15:42,Q2,2463000000,763000000,354000000.0,0.0,8862000000.0,0.0,0.0,-2315000000.0,456205000000.0,4431000000.0,16873000000,0.0,0.0,-32791000000.0,20380000000.0,20178000000.0,9250000000,-54364000000.0,0.0,-26000000.0,-483000000,19399000000.0,-30373000000,-825000000.0,-5075000000,-5075000000,0.0,16873000000,0.0,16873000000,https://www.sec.gov/Archives/edgar/data/70858/000007085812000308/0000070858-12-000308-index.html,https://www.sec.gov/Archives/edgar/data/70858/000007085812000308/bac-6302012x10q.htm
2012-03-31,BAC,2012-05-03,2012-05-03 16:07:38,Q1,653000000,787000000,-195000000.0,0.0,-16848000000.0,0.0,0.0,12150000000.0,460936000000.0,0.0,-15603000000,0.0,0.0,-66902000000.0,26594000000.0,28902000000.0,-11406000000,-30770000000.0,0.0,687000000.0,-483000000,195184000000.0,35139000000,560000000.0,8690000000,8690000000,0.0,-15603000000,0.0,-15603000000,https://www.sec.gov/Archives/edgar/data/70858/000007085812000191/bac-3312012x10q.htm,https://www.sec.gov/Archives/edgar/data/70858/000007085812000191/bac-3312012x10q.htm
2011-12-31,BAC,2012-02-23,2012-02-23 16:13:53,Q4,1991000000,845000000,1031000000.0,2600000000.0,21429000000.0,0.0,0.0,-14900000000.0,427554000000.0,-693000000.0,24603000000,0.0,0.0,-21492000000.0,51752000000.0,43486000000.0,74027000000,-23967000000.0,0.0,0.0,-475000000,525000000.0,-61112000000,-281000000.0,37237000000,37237000000,0.0,24603000000,-565000000.0,24038000000,https://www.sec.gov/Archives/edgar/data/70858/000007085812000155/bac-12312011x10k.htm,https://www.sec.gov/Archives/edgar/data/70858/000007085812000155/bac-12312011x10k.htm
2011-09-30,BAC,2011-11-03 00:00:00,2011-11-03 16:07:19,Q3,6232000000,871000000,438000000.0,0.0,-18899000000.0,0.0,0.0,-3224000000.0,462565000000.0,0.0,-11358000000,0.0,0.0,-78044000000.0,68373000000.0,-12194000000.0,-6194000000,-77847000000.0,0.0,5000000000.0,-445000000,118433000000.0,-18603000000,-507000000.0,-36662000000,-36662000000,0.0,-11358000000,-253000000.0,-11611000000,https://www.sec.gov/Archives/edgar/data/70858/000007085811000140/0000070858-11-000140-index.html,https://www.sec.gov/Archives/edgar/data/70858/000007085811000140/bac-9302011x10q.htm
2011-06-30,BAC,2011-08-04 00:00:00,2011-08-04 16:29:52,Q2,-8826000000,877000000,-3710000000.0,0.0,60835000000.0,0.0,0.0,0.0,65324000000.0,2603000000.0,51779000000,0.0,0.0,0.0,0.0,0.0,-1436000000,0.0,0.0,0.0,-403000000,0.0,-28496000000,138000000.0,21985000000,21985000000,0.0,51779000000,-137000000.0,51642000000,https://www.sec.gov/Archives/edgar/data/70858/000095012311072937/0000950123-11-072937-index.html,https://www.sec.gov/Archives/edgar/data/70858/000095012311072937/g27236e10vq.htm
2011-03-31,BAC,2011-05-05 00:00:00,2011-05-05 15:53:07,Q1,2049000000,892000000,292000000.0,0.0,-3809000000.0,0.0,0.0,0.0,79917000000.0,0.0,-576000000,0.0,0.0,0.0,0.0,0.0,-13968000000,0.0,0.0,0.0,-415000000,0.0,3557000000,102000000.0,-10885000000,-10885000000,0.0,-576000000,-352000000.0,-928000000,https://www.sec.gov/Archives/edgar/data/70858/000095012311045620/0000950123-11-045620-index.html,https://www.sec.gov/Archives/edgar/data/70858/000095012311045620/g26405e10vq.htm
2010-12-31,BAC,2011-02-25,2011-02-25 16:27:28,Q4,-1244000000,950000000,-2486000000.0,0.0,-4444000000.0,0.0,0.0,0.0,-255708000000.0,12382000000.0,5158000000,0.0,0.0,-19683000000.0,70868000000.0,0.0,26608000000,1465000000.0,0.0,0.0,-423000000,0.0,-54543000000,88000000.0,-22689000000,-22689000000,0.0,5158000000,-516000000.0,4642000000,https://www.sec.gov/Archives/edgar/data/70858/000095012311018743/g25571e10vk.htm,https://www.sec.gov/Archives/edgar/data/70858/000095012311018743/g25571e10vk.htm
2010-09-30,BAC,2010-11-05 00:00:00,2010-11-05 13:44:37,Q3,-7299000000,964000000,1830000000.0,0.0,42537000000.0,0.0,0.0,0.0,66298000000.0,0.0,38032000000,0.0,0.0,0.0,0.0,0.0,-36882000000,0.0,0.0,0.0,-449000000,0.0,-21256000000,188000000.0,-19918000000,-19918000000,0.0,38032000000,-322000000.0,37710000000,https://www.sec.gov/Archives/edgar/data/70858/000095012310101545/0000950123-10-101545-index.html,https://www.sec.gov/Archives/edgar/data/70858/000095012310101545/g24513e10vq.htm
2010-06-30,BAC,2010-08-06 00:00:00,2010-08-06 14:56:54,Q2,3123000000,986000000,528000000.0,0.0,10838000000.0,0.0,0.0,-6115000000.0,77676000000.0,0.0,15475000000,0.0,0.0,64899000000.0,-35022000000.0,-35684000000.0,-25880000000,22750000000.0,0.0,0.0,-440000000,-161760000000.0,16699000000,-54000000.0,6240000000,6240000000,0.0,15475000000,64000000.0,15539000000,https://www.sec.gov/Archives/edgar/data/70858/000095012310074181/0000950123-10-074181-index.html,https://www.sec.gov/Archives/edgar/data/70858/000095012310074181/g24023e10vq.htm
2010-03-31,BAC,2010-05-07 00:00:00,2010-05-07 07:49:12,Q1,3182000000,1012000000,736000000.0,0.0,18946000000.0,0.0,0.0,6115000000.0,459044000000.0,0.0,23876000000,0.0,0.0,-64899000000.0,35022000000.0,35684000000.0,5807000000,-22750000000.0,0.0,0.0,-450000000,161760000000.0,-6234000000,6000000.0,23455000000,23455000000,0.0,23876000000,-213000000.0,23663000000,https://www.sec.gov/Archives/edgar/data/70858/000119312510111878/0001193125-10-111878-index.html,https://www.sec.gov/Archives/edgar/data/70858/000119312510111878/d10q.htm
2009-12-31,BAC,2010-02-26,2010-02-26 07:51:04,Q4,-194000000,1013000000,-3190000000.0,0.0,34425000000.0,0.0,0.0,0.0,-292407000000.0,0.0,32054000000,0.0,0.0,1162000000.0,0.0,0.0,-49900000000,0.0,13468000000.0,-25756000000.0,-1330000000,0.0,-13496000000,269000000.0,-31073000000,-31073000000,0.0,32054000000,-708000000.0,31346000000,https://www.sec.gov/Archives/edgar/data/70858/000119312510041666/d10k.htm,https://www.sec.gov/Archives/edgar/data/70858/000119312510041666/d10k.htm
2009-09-30,BAC,2009-11-06 00:00:00,2009-11-06 17:07:00,Q3,-1001000000,1096000000,3313000000.0,0.0,19498000000.0,0.0,0.0,0.0,90132000000.0,0.0,22906000000,0.0,0.0,722000000.0,0.0,0.0,33911000000,0.0,0.0,0.0,-1148000000,0.0,-44928000000,157000000.0,12046000000,12046000000,0.0,22906000000,-292000000.0,22614000000,https://www.sec.gov/Archives/edgar/data/70858/000119312509227720/0001193125-09-227720-index.html,https://www.sec.gov/Archives/edgar/data/70858/000119312509227720/d10q.htm
2009-06-30,BAC,2009-08-07 00:00:00,2009-08-07 14:56:02,Q2,3224000000,1107000000,-239000000.0,0.0,15882000000.0,0.0,0.0,0.0,44130000000.0,0.0,19974000000,0.0,0.0,690000000.0,0.0,0.0,-2697000000,0.0,0.0,13468000000.0,-1288000000,0.0,-50418000000,47000000.0,-33094000000,-33094000000,0.0,19974000000,-709000000.0,19265000000,https://www.sec.gov/Archives/edgar/data/70858/000119312509168935/0001193125-09-168935-index.html,https://www.sec.gov/Archives/edgar/data/70858/000119312509168935/d10q.htm
2009-03-31,BAC,2009-05-07 00:00:00,2009-05-07 16:06:51,Q1,4247000000,1098000000,486000000.0,0.0,48966000000.0,0.0,0.0,0.0,-12356000000.0,0.0,54797000000,0.0,0.0,1155000000.0,0.0,0.0,176611000000,0.0,0.0,30000000000.0,-1097000000,0.0,-90726000000,-79000000.0,140603000000,140603000000,0.0,54797000000,-531000000.0,54266000000,https://www.sec.gov/Archives/edgar/data/70858/000119312509103338/0001193125-09-103338-index.html,https://www.sec.gov/Archives/edgar/data/70858/000119312509103338/d10q.htm
2008-12-31,BAC,2009-02-27,2009-02-27 16:56:02,Q4,-1789000000,888000000,-4372000000.0,0.0,-21969000000.0,0.0,0.0,0.0,-410356000000.0,0.0,-27242000000,0.0,0.0,4560000000.0,7243000000.0,0.0,-15478000000,4700000000.0,9898000000.0,24898000000.0,-2033000000,0.0,36192000000,44000000.0,-6484000000,-6484000000,0.0,-27242000000,-572000000.0,-27814000000,https://www.sec.gov/Archives/edgar/data/70858/000119312509041126/d10k.htm,https://www.sec.gov/Archives/edgar/data/70858/000119312509041126/d10k.htm
2008-09-30,BAC,2008-11-06 00:00:00,2008-11-06 17:02:08,Q3,1177000000,862000000,-660000000.0,0.0,18699000000.0,0.0,0.0,0.0,-106471000000.0,0.0,20078000000,0.0,6650000000.0,26681000000.0,6115000000.0,0.0,30471000000,0.0,201000000.0,201000000.0,-3402000000,0.0,-50250000000,-85000000.0,214000000,214000000,0.0,20078000000,-417000000.0,19661000000,https://www.sec.gov/Archives/edgar/data/70858/000119312508228086/0001193125-08-228086-index.html,https://www.sec.gov/Archives/edgar/data/70858/000119312508228086/d10q.htm
2008-06-30,BAC,2008-08-07 00:00:00,2008-08-07 16:07:25,Q2,3410000000,795000000,272000000.0,0.0,10553000000.0,0.0,0.0,0.0,-138626000000.0,0.0,15030000000,0.0,0.0,13219000000.0,7516000000.0,0.0,-19726000000,0.0,-18000000.0,6827000000.0,-3044000000,0.0,3341000000,-30000000.0,-1385000000,-1385000000,0.0,15030000000,-678000000.0,14352000000,https://www.sec.gov/Archives/edgar/data/70858/000119312508170071/0001193125-08-170071-index.html,https://www.sec.gov/Archives/edgar/data/70858/000119312508170071/d10q.htm
2008-03-31,BAC,2008-05-08 00:00:00,2008-05-08 16:50:56,Q1,1210000000,774000000,-1041000000.0,0.0,-4775000000.0,0.0,0.0,0.0,-150344000000.0,0.0,-3832000000,0.0,0.0,9263000000.0,5194000000.0,0.0,1803000000,0.0,46000000.0,12943000000.0,-3049000000,0.0,22000000,-12000000.0,-2019000000,-2019000000,0.0,-3832000000,-431000000.0,-4263000000,https://www.sec.gov/Archives/edgar/data/70858/000119312508107941/0001193125-08-107941-index.html,https://www.sec.gov/Archives/edgar/data/70858/000119312508107941/d10q.htm
2007-12-31,BAC,2008-02-28,2008-02-28 15:41:45,Q4,268000000,799000000,-540000000.0,0.0,11701000000.0,0.0,0.0,0.0,-391723000000.0,0.0,12228000000,0.0,-16122000000.0,6146000000.0,4002000000.0,0.0,-36977000000,9196000000.0,96000000.0,978000000.0,-2902000000,0.0,32300000000,24000000.0,7575000000,7575000000,0.0,12228000000,-825000000.0,11403000000,https://www.sec.gov/Archives/edgar/data/70858/000119312508041665/d10k.htm,https://www.sec.gov/Archives/edgar/data/70858/000119312508041665/d10k.htm
2007-09-30,BAC,2007-11-09 00:00:00,2007-11-09 14:16:24,Q3,3698000000,710000000,-423000000.0,0.0,-2456000000.0,0.0,0.0,0.0,34956000000.0,0.0,1529000000,0.0,-3009000000.0,-3492000000.0,4518000000.0,0.0,-23005000000,0.0,340000000.0,416000000.0,-2894000000,0.0,20872000000,61000000.0,-543000000,-543000000,0.0,1529000000,-469000000.0,1060000000,https://www.sec.gov/Archives/edgar/data/70858/000119312507242080/0001193125-07-242080-index.html,https://www.sec.gov/Archives/edgar/data/70858/000119312507242080/d10q.htm
2007-06-30,BAC,2007-08-08 00:00:00,2007-08-08 16:15:45,Q2,5761000000,671000000,-34000000.0,0.0,10512000000.0,0.0,0.0,0.0,-124043000000.0,0.0,16910000000,0.0,-225000000.0,6988000000.0,5556000000.0,0.0,-23900000000,0.0,359000000.0,-325000000.0,-2534000000,0.0,10883000000,57000000.0,3950000000,3950000000,0.0,16910000000,-491000000.0,16419000000,https://www.sec.gov/Archives/edgar/data/70858/000119312507175583/0001193125-07-175583-index.html,https://www.sec.gov/Archives/edgar/data/70858/000119312507175583/d10q.htm
2007-03-31,BAC,2007-05-09 00:00:00,2007-05-09 16:22:00,Q1,5255000000,664000000,244000000.0,0.0,-25794000000.0,0.0,0.0,0.0,-125295000000.0,0.0,-19631000000,0.0,-460000000.0,-3348000000.0,5157000000.0,0.0,-24598000000,0.0,323000000.0,-2183000000.0,-2548000000,0.0,39357000000,-8000000.0,-4880000000,-4880000000,0.0,-19631000000,-358000000.0,-19989000000,https://www.sec.gov/Archives/edgar/data/70858/000119312507108222/0001193125-07-108222-index.html,https://www.sec.gov/Archives/edgar/data/70858/000119312507108222/d10q.htm
2006-12-31,BAC,2007-02-28,2007-02-28 10:31:30,Q4,5256000000,712000000,528000000.0,-862000000.0,6033000000.0,0.0,0.0,0.0,-377080000000.0,0.0,11667000000,0.0,1227000000.0,-883000000.0,4709000000.0,0.0,-7582000000,7210000000.0,530000000.0,-675000000.0,-2503000000,0.0,1107000000,-2000000.0,5190000000,5190000000,0.0,11667000000,-350000000.0,11317000000,https://www.sec.gov/Archives/edgar/data/70858/000119312507042036/d10k.htm,https://www.sec.gov/Archives/edgar/data/70858/000119312507042036/d10k.htm
2006-09-30,BAC,2006-11-08,2006-11-08 17:24:39,Q3,5416000000,719000000,819000000.0,179000000.0,-14321000000.0,0.0,0.0,0.0,-103817000000.0,179000000.0,-7188000000,0.0,-96000000.0,763000000.0,6092000000.0,0.0,6097000000,0.0,853000000.0,-1655000000.0,-2538000000,0.0,-2252000000,37000000.0,-3306000000,-3306000000,0.0,-7188000000,-192000000.0,-7380000000,https://www.sec.gov/Archives/edgar/data/70858/000119312506228580/d10q.htm,https://www.sec.gov/Archives/edgar/data/70858/000119312506228580/d10q.htm
2006-06-30,BAC,2006-08-08,2006-08-08 13:38:27,Q2,5475000000,720000000,177000000.0,204000000.0,-5044000000.0,0.0,0.0,0.0,-102341000000.0,204000000.0,1532000000,0.0,0.0,436000000.0,6259000000.0,0.0,-54685000000,0.0,786000000.0,-3211000000.0,-2286000000,0.0,55069000000,54000000.0,1970000000,1970000000,0.0,1532000000,-206000000.0,1326000000,https://www.sec.gov/Archives/edgar/data/70858/000119312506165337/d10q.htm,https://www.sec.gov/Archives/edgar/data/70858/000119312506165337/d10q.htm
2006-03-31,BAC,2006-05-09,2006-05-09 16:12:18,Q1,4986000000,718000000,326000000.0,479000000.0,1989000000.0,0.0,0.0,0.0,-66814000000.0,479000000.0,8498000000,0.0,-3519000000.0,12704000000.0,5357000000.0,0.0,-12134000000,0.0,948000000.0,-3121000000.0,-2334000000,0.0,-791000000,3000000.0,-4424000000,-4424000000,0.0,8498000000,0.0,8498000000,https://www.sec.gov/Archives/edgar/data/70858/000119312506105418/d10q.htm,https://www.sec.gov/Archives/edgar/data/70858/000119312506105418/d10q.htm
2005-12-31,BAC,2006-03-16,2006-03-16 10:48:00,Q4,3574000000,439000000,1569000000.0,0.0,-6723000000.0,0.0,0.0,0.0,-293209000000.0,0.0,-1749000000,0.0,69000000.0,-14376000000.0,15141000000.0,0.0,-34241000000,7049000000.0,631000000.0,-245000000.0,-2011000000,0.0,40254000000,-36000000.0,4228000000,4228000000,0.0,-1749000000,-370000000.0,-2119000000,https://www.sec.gov/Archives/edgar/data/70858/000119312506056053/d10k.htm,https://www.sec.gov/Archives/edgar/data/70858/000119312506056053/d10k.htm
2005-09-30,BAC,2005-11-09,2005-11-08 18:53:32,Q3,3841000000,439000000,-299000000.0,0.0,-7277000000.0,0.0,0.0,0.0,-74884000000.0,205000000.0,-3091000000,0.0,-2000000.0,13878000000.0,9584000000.0,0.0,-14619000000,0.0,288000000.0,-379000000.0,-2023000000,0.0,16492000000,54000000.0,-1164000000,-1164000000,0.0,-3091000000,-295000000.0,-3386000000,https://www.sec.gov/Archives/edgar/data/70858/000119312505220080/d10q.htm,https://www.sec.gov/Archives/edgar/data/70858/000119312505220080/d10q.htm
2005-06-30,BAC,2005-08-08 00:00:00,2005-08-08 16:45:52,Q2,4657000000,442000000,692000000.0,0.0,-1500000000.0,0.0,0.0,0.0,-59828000000.0,210000000.0,4501000000,0.0,0.0,-9891000000.0,4613000000.0,0.0,-19893000000,0.0,747000000.0,-1292000000.0,-1814000000,0.0,20710000000,-81000000.0,5237000000,5237000000,0.0,4501000000,-309000000.0,4192000000,https://www.sec.gov/Archives/edgar/data/70858/000119312505160844/0001193125-05-160844-index.html,https://www.sec.gov/Archives/edgar/data/70858/000119312505160844/d10q.htm
2005-03-31,BAC,2005-05-06,2005-05-06 17:20:10,Q1,4393000000,448000000,-267000000.0,0.0,-16651000000.0,0.0,0.0,0.0,-64742000000.0,193000000.0,-11884000000,0.0,-116000000.0,-48036000000.0,10181000000.0,0.0,-81692000000,0.0,1180000000.0,-1003000000.0,-1835000000,0.0,93361000000,-23000000.0,-238000000,-238000000,0.0,-11884000000,-254000000.0,-12138000000,https://www.sec.gov/Archives/edgar/data/70858/000119312505099437/d10q.htm,https://www.sec.gov/Archives/edgar/data/70858/000119312505099437/d10q.htm
2004-12-31,BAC,2005-03-01,2005-03-01 16:46:19,Q4,3855000000,458000000,5000000.0,0.0,11616000000.0,0.0,0.0,0.0,-199047000000.0,0.0,15934000000,0.0,-640000000.0,13210000000.0,3321000000.0,0.0,-31519000000,5754000000.0,782000000.0,-554000000.0,-1828000000,0.0,15233000000,36000000.0,-316000000,-316000000,0.0,15934000000,107000000.0,16041000000,https://www.sec.gov/Archives/edgar/data/70858/000119312505039878/d10k.htm,https://www.sec.gov/Archives/edgar/data/70858/000119312505039878/d10k.htm
2004-09-30,BAC,2004-11-09,2004-11-09 11:30:08,Q3,4103000000,446000000,-189000000.0,0.0,-12642000000.0,0.0,0.0,0.0,-42182000000.0,0.0,-8282000000,0.0,-15000000.0,-23133000000.0,11039000000.0,0.0,-31876000000,0.0,771000000.0,-1084000000.0,-1838000000,0.0,37574000000,47000000.0,-2537000000,-2537000000,0.0,-8282000000,-385000000.0,-8667000000,https://www.sec.gov/Archives/edgar/data/70858/000119312504190704/d10q.htm,https://www.sec.gov/Archives/edgar/data/70858/000119312504190704/d10q.htm
2004-06-30,BAC,2004-08-09,2004-08-09 08:59:17,Q2,3341000000,469000000,-249000000.0,0.0,826000000.0,0.0,0.0,0.0,-37706000000.0,0.0,4387000000,0.0,5623000000.0,2608000000.0,10724000000.0,0.0,9461000000,0.0,1185000000.0,-963000000.0,-1643000000,0.0,-4340000000,-15000000.0,9493000000,9493000000,0.0,4387000000,-336000000.0,4051000000,https://www.sec.gov/Archives/edgar/data/70858/000119312504135155/d10q.htm,https://www.sec.gov/Archives/edgar/data/70858/000119312504135155/d10q.htm
2004-03-31,BAC,2004-05-07,2004-05-07 16:58:47,Q1,2648000000,263000000,-86000000.0,0.0,-18386000000.0,0.0,0.0,0.0,-42325000000.0,0.0,-15561000000,0.0,-15000000.0,3435000000.0,1889000000.0,0.0,-73620000000,0.0,985000000.0,27000000.0,-1159000000,0.0,84397000000,-4000000.0,-4788000000,-4788000000,0.0,-15561000000,-249000000.0,-15810000000,https://www.sec.gov/Archives/edgar/data/70858/000119312504082233/d10q.htm,https://www.sec.gov/Archives/edgar/data/70858/000119312504082233/d10q.htm
2003-12-31,BAC,2004-03-01,2004-03-01 16:38:59,Q4,2678000000,284000000,215000000.0,0.0,-5605000000.0,0.0,0.0,0.0,-124943000000.0,0.0,-2428000000,0.0,1000000.0,-8763000000.0,1078000000.0,0.0,-10662000000,3870000000.0,446000000.0,-3755000000.0,-1165000000,0.0,17987000000,45000000.0,4942000000,4942000000,0.0,-2428000000,-209000000.0,-2637000000,https://www.sec.gov/Archives/edgar/data/70858/000119312504032312/d10k.htm,https://www.sec.gov/Archives/edgar/data/70858/000119312504032312/d10k.htm
2003-09-30,BAC,2003-11-10,2003-11-10 17:22:26,Q3,2922000000,268000000,-283000000.0,0.0,33413000000.0,0.0,0.0,0.0,-19597000000.0,0.0,36320000000,0.0,-41000000.0,-3415000000.0,8306000000.0,0.0,16392000000,0.0,1073000000.0,-953000000.0,-1194000000,0.0,-55859000000,69000000.0,-3078000000,-3078000000,0.0,36320000000,0.0,36320000000,https://www.sec.gov/Archives/edgar/data/70858/000119312503076385/d10q.htm,https://www.sec.gov/Archives/edgar/data/70858/000119312503076385/d10q.htm
2003-06-30,BAC,2003-08-07,2003-08-07 16:21:00,Q2,2738000000,277000000,-133000000.0,0.0,-2939000000.0,0.0,0.0,0.0,-18364000000.0,0.0,-57000000,0.0,-29000000.0,-14505000000.0,10722000000.0,0.0,-68624000000,0.0,1806000000.0,-580000000.0,-960000000,0.0,68808000000,24000000.0,151000000,151000000,0.0,-57000000,0.0,-57000000,https://www.sec.gov/Archives/edgar/data/70858/000119312503030889/d10q.htm,https://www.sec.gov/Archives/edgar/data/70858/000119312503030889/d10q.htm
2003-03-31,BAC,2003-05-13,2003-05-13 11:24:59,Q1,2424000000,278000000,-94000000.0,0.0,-13457000000.0,0.0,0.0,0.0,-4660000000.0,0.0,-10849000000,0.0,-71000000.0,-4931000000.0,6847000000.0,0.0,-10227000000,0.0,645000000.0,-508000000.0,-962000000,0.0,21135000000,37000000.0,96000000,96000000,0.0,-10849000000,-150000000.0,-10999000000,https://www.sec.gov/Archives/edgar/data/70858/000095016803001689/d10q.htm,https://www.sec.gov/Archives/edgar/data/70858/000095016803001689/d10q.htm
2002-12-31,BAC,2003-03-03,2003-03-03 17:00:32,Q4,2614000000,277000000,-722000000.0,0.0,-10123000000.0,0.0,0.0,0.0,-82987000000.0,0.0,-7954000000,0.0,-110000000.0,106288000000.0,9586000000.0,0.0,9803000000,3999000000.0,475000000.0,-438000000.0,-961000000,0.0,-1377000000,32000000.0,504000000,504000000,0.0,-7954000000,-182000000.0,-8136000000,https://www.sec.gov/Archives/edgar/data/70858/000102140803003673/d10k.htm,https://www.sec.gov/Archives/edgar/data/70858/000102140803003673/d10k.htm
2002-09-30,BAC,2002-11-08,2002-11-08 14:45:16,Q3,2235000000,277000000,313000000.0,0.0,-25309000000.0,0.0,0.0,0.0,24320000000.0,0.0,-22484000000,0.0,0.0,-115717000000.0,4991000000.0,0.0,-2627000000,0.0,169000000.0,-955000000.0,-902000000,0.0,28274000000,-3000000.0,3160000000,3160000000,0.0,-22484000000,-226000000.0,-22710000000,https://www.sec.gov/Archives/edgar/data/70858/000095010902005581/d10q.htm,https://www.sec.gov/Archives/edgar/data/70858/000095010902005581/d10q.htm
2002-06-30,BAC,2002-08-14 00:00:00,2002-08-14 14:22:32,Q2,2221000000,278000000,106000000.0,0.0,5693000000.0,0.0,0.0,0.0,0.0,0.0,8298000000,0.0,0.0,0.0,0.0,0.0,-9553000000,0.0,0.0,-2562000000.0,-920000000,0.0,71000000,49000000.0,-1135000000,-1135000000,0.0,8298000000,20000000.0,8318000000,https://www.sec.gov/Archives/edgar/data/70858/000095010902004239/0000950109-02-004239-index.html,https://www.sec.gov/Archives/edgar/data/70858/000095010902004239/d10q.htm
2002-03-31,BAC,2002-05-15 00:00:00,2002-05-15 16:11:24,Q1,2179000000,272000000,-141000000.0,0.0,9146000000.0,0.0,0.0,0.0,0.0,0.0,11456000000,0.0,0.0,0.0,0.0,0.0,-4961000000,0.0,0.0,-1138000000.0,-926000000,0.0,-10825000000,-63000000.0,-4393000000,-4393000000,0.0,11456000000,-551000000.0,10905000000,https://www.sec.gov/Archives/edgar/data/70858/000102140802007231/0001021408-02-007231-index.html,https://www.sec.gov/Archives/edgar/data/70858/000102140802007231/d10q.txt
2001-12-31,BAC,,,Q4,2058000000,426000000,-657000000.0,0.0,-13429000000.0,0.0,0.0,0.0,0.0,0.0,-11602000000,0.0,0.0,0.0,0.0,0.0,15333000000,0.0,0.0,-1584000000.0,-937000000,0.0,-137000000,-37000000.0,3557000000,3557000000,0.0,-11602000000,-255000000.0,-11857000000,,
2001-09-30,BAC,2001-11-14 00:00:00,2001-11-14 00:00:00,Q3,841000000,431000000,-41000000.0,0.0,9730000000.0,0.0,0.0,0.0,0.0,1305000000.0,12266000000,0.0,0.0,0.0,0.0,0.0,-762000000,0.0,0.0,-1148000000.0,-896000000,0.0,-13655000000,26000000.0,-2125000000,-2125000000,0.0,12266000000,-213000000.0,12053000000,https://www.sec.gov/Archives/edgar/data/70858/000102140801510246/0001021408-01-510246-index.html,https://www.sec.gov/Archives/edgar/data/70858/000102140801510246/d10q.txt
2001-06-30,BAC,2001-08-13 00:00:00,2001-08-13 00:00:00,Q2,2023000000,438000000,151000000.0,0.0,-12191000000.0,0.0,0.0,0.0,0.0,0.0,-9579000000,0.0,0.0,0.0,0.0,0.0,-9115000000,0.0,0.0,-280000000.0,-898000000,0.0,20767000000,-1000000.0,2072000000,2072000000,0.0,-9579000000,-220000000.0,-9799000000,https://www.sec.gov/Archives/edgar/data/70858/000095010901502829/0000950109-01-502829-index.html,https://www.sec.gov/Archives/edgar/data/70858/000095010901502829/d10q.txt
2001-03-31,BAC,2001-05-15 00:00:00,2001-05-15 00:00:00,Q1,1870000000,437000000,162000000.0,0.0,-7172000000.0,0.0,0.0,0.0,0.0,0.0,-4703000000,0.0,0.0,0.0,0.0,0.0,33103000000,0.0,0.0,-685000000.0,-901000000,0.0,-32535000000,-45000000.0,-4180000000,-4180000000,0.0,-4703000000,-147000000.0,-4850000000,https://www.sec.gov/Archives/edgar/data/70858/000095016801500420/0000950168-01-500420-index.html,https://www.sec.gov/Archives/edgar/data/70858/000095016801500420/form10q_21227.txt
2000-12-31,BAC,,,Q4,1385000000,439000000,-682000000.0,0.0,889000000.0,0.0,0.0,0.0,0.0,0.0,2031000000,0.0,0.0,0.0,0.0,0.0,31311000000,0.0,0.0,-755000000.0,-909000000,0.0,-30221000000,-3000000.0,3118000000,3118000000,0.0,2031000000,-208000000.0,1823000000,,
2000-09-30,BAC,2000-11-14 00:00:00,2000-11-14 00:00:00,Q3,1829000000,438000000,262000000.0,0.0,3961000000.0,0.0,0.0,0.0,0.0,550000000.0,7040000000,0.0,0.0,0.0,0.0,0.0,4797000000,0.0,0.0,-724000000.0,-821000000,0.0,-14914000000,-21000000.0,-3098000000,-3098000000,0.0,7040000000,-161000000.0,6879000000,https://www.sec.gov/Archives/edgar/data/70858/000095016800002442/0000950168-00-002442-index.html,https://www.sec.gov/Archives/edgar/data/70858/000095016800002442/0000950168-00-002442-0001.txt
2000-06-30,BAC,2000-08-14 00:00:00,2000-08-14 00:00:00,Q2,2063000000,451000000,543000000.0,0.0,-4109000000.0,0.0,0.0,0.0,0.0,0.0,-1052000000,0.0,0.0,0.0,0.0,0.0,-19166000000,0.0,0.0,-597000000.0,-825000000,0.0,20468000000,-16000000.0,234000000,234000000,0.0,-1052000000,-140000000.0,-1192000000,https://www.sec.gov/Archives/edgar/data/70858/000095016800001890/0000950168-00-001890-index.html,https://www.sec.gov/Archives/edgar/data/70858/000095016800001890/0000950168-00-001890-0001.txt
2000-03-31,BAC,2000-05-15 00:00:00,2000-05-15 00:00:00,Q1,2240000000,456000000,524000000.0,0.0,-7730000000.0,0.0,0.0,0.0,0.0,0.0,-4510000000,0.0,0.0,0.0,0.0,0.0,-12171000000,0.0,0.0,-886000000.0,-833000000,0.0,16976000000,-25000000.0,270000000,270000000,0.0,-4510000000,-133000000.0,-4643000000,https://www.sec.gov/Archives/edgar/data/70858/000007085800000218/0000070858-00-000218-index.html,https://www.sec.gov/Archives/edgar/data/70858/0000070858-00-000218.txt
1999-12-31,BAC,,,Q4,1902000000,467000000,3741000000.0,0.0,-3256000000.0,0.0,0.0,0.0,0.0,325000000.0,3179000000,0.0,0.0,0.0,0.0,0.0,-12867000000,0.0,0.0,-1800000000.0,-852000000,0.0,11214000000,49000000.0,1575000000,1575000000,0.0,3179000000,-239000000.0,2940000000,,
1999-09-30,BAC,1999-11-15 00:00:00,1999-11-15 00:00:00,Q3,2151000000,470000000,-740000000.0,0.0,5123000000.0,0.0,0.0,0.0,0.0,0.0,7004000000,0.0,0.0,0.0,0.0,0.0,-3042000000,0.0,0.0,-855000000.0,-776000000,0.0,-2762000000,17000000.0,1217000000,1217000000,0.0,7004000000,30000000.0,7034000000,https://www.sec.gov/Archives/edgar/data/70858/000007085899000386/0000070858-99-000386-index.html,https://www.sec.gov/Archives/edgar/data/70858/0000070858-99-000386.txt
1999-06-30,BAC,1999-08-16 00:00:00,1999-08-16 00:00:00,Q2,1915000000,487000000,-460000000.0,0.0,1657000000.0,0.0,0.0,0.0,0.0,200000000.0,3799000000,0.0,0.0,0.0,0.0,0.0,-8750000000,0.0,0.0,-1393000000.0,-787000000,0.0,3243000000,-20000000.0,-1728000000,-1728000000,0.0,3799000000,-145000000.0,3654000000,https://www.sec.gov/Archives/edgar/data/70858/000007085899000285/0000070858-99-000285-index.html,https://www.sec.gov/Archives/edgar/data/70858/0000070858-99-000285.txt
1999-03-31,BAC,1999-05-17 00:00:00,1999-05-17 00:00:00,Q1,1914000000,493000000,-82000000.0,0.0,-6484000000.0,0.0,0.0,0.0,0.0,0.0,-4159000000,0.0,0.0,0.0,0.0,0.0,-4420000000,0.0,0.0,348000000.0,-784000000,0.0,6218000000,9000000.0,-2352000000,-2352000000,0.0,-4159000000,-111000000.0,-4270000000,https://www.sec.gov/Archives/edgar/data/70858/000095016899001576/0000950168-99-001576-index.html,https://www.sec.gov/Archives/edgar/data/70858/0000950168-99-001576.txt
1998-12-31,BAC,,,Q4,1162000000,497000000,-106000000.0,0.0,2711000000.0,0.0,0.0,0.0,0.0,600000000.0,4864000000,0.0,0.0,0.0,0.0,0.0,-17642000000,0.0,0.0,-500000000.0,-778000000,0.0,16325000000,15000000.0,3562000000,3562000000,0.0,4864000000,-437000000.0,4427000000,,
1998-09-30,BAC,1998-11-16 00:00:00,1998-11-16 00:00:00,Q3,374000000,502000000,154000000.0,0.0,6801000000.0,0.0,0.0,0.0,0.0,725000000.0,8556000000,0.0,0.0,0.0,0.0,0.0,-26409000000,0.0,0.0,390000000.0,-606000000,0.0,15466000000,-10000000.0,-2397000000,-2397000000,0.0,8556000000,0.0,8556000000,https://www.sec.gov/Archives/edgar/data/70858/000095016898003569/0000950168-98-003569-index.html,https://www.sec.gov/Archives/edgar/data/70858/0000950168-98-003569.txt
1998-06-30,BAC,1998-08-14 00:00:00,1998-08-14 00:00:00,Q2,2298000000,493000000,247000000.0,0.0,98000000.0,0.0,0.0,0.0,0.0,-430000000.0,2706000000,0.0,0.0,0.0,0.0,0.0,-423000000,0.0,0.0,-182000000.0,-611000000,0.0,-3837000000,25000000.0,-1529000000,-1529000000,0.0,2706000000,311000000.0,3017000000,https://www.sec.gov/Archives/edgar/data/70858/000095016898002669/0000950168-98-002669-index.html,https://www.sec.gov/Archives/edgar/data/70858/0000950168-98-002669.txt
1998-03-31,BAC,1998-05-15 00:00:00,1998-05-15 00:00:00,Q1,1331000000,506000000,-79000000.0,0.0,-5267000000.0,0.0,0.0,0.0,0.0,900000000.0,-2609000000,0.0,0.0,0.0,0.0,0.0,-5395000000,0.0,0.0,-92000000.0,-609000000,0.0,8177000000,2000000.0,175000000,175000000,0.0,-2609000000,-107000000.0,-2716000000,https://www.sec.gov/Archives/edgar/data/70858/000095016898001653/0000950168-98-001653-index.html,https://www.sec.gov/Archives/edgar/data/70858/0000950168-98-001653.txt
1997-12-31,BAC,,,Q4,1459000000,505000000,546000000.0,0.0,-1321000000.0,0.0,0.0,0.0,0.0,-72000000.0,1117000000,0.0,0.0,0.0,0.0,0.0,-15387000000,0.0,0.0,1231000000.0,-558000000,0.0,16728000000,47000000.0,2505000000,2505000000,0.0,1117000000,-428000000.0,689000000,,
1997-09-30,BAC,1997-11-14 00:00:00,1997-11-14 00:00:00,Q3,1730000000,511000000,316000000.0,0.0,-2420000000.0,0.0,0.0,0.0,0.0,7560000000.0,7697000000,0.0,0.0,0.0,0.0,0.0,-5074000000,0.0,0.0,-1629000000.0,-527000000,0.0,-4580000000,33000000.0,-1924000000,-1924000000,0.0,7697000000,-430000000.0,7267000000,https://www.sec.gov/Archives/edgar/data/70858/000095016897003369/0000950168-97-003369-index.html,https://www.sec.gov/Archives/edgar/data/70858/0000950168-97-003369.txt
1997-06-30,BAC,1997-08-14 00:00:00,1997-08-14 00:00:00,Q2,1718000000,487000000,221000000.0,0.0,-4759000000.0,0.0,0.0,0.0,0.0,-2839000000.0,-5172000000,0.0,0.0,0.0,0.0,0.0,-1421000000,0.0,0.0,-1251000000.0,-543000000,0.0,7037000000,10000000.0,454000000,454000000,0.0,-5172000000,169000000.0,-5003000000,https://www.sec.gov/Archives/edgar/data/70858/000095016897002267/0000950168-97-002267-index.html,https://www.sec.gov/Archives/edgar/data/70858/0000950168-97-002267.txt
1997-03-31,BAC,1997-05-15 00:00:00,1997-05-15 00:00:00,Q1,1635000000,460000000,99000000.0,0.0,238000000.0,0.0,0.0,0.0,0.0,-4649000000.0,-2217000000,0.0,0.0,0.0,0.0,0.0,-1601000000,0.0,0.0,-3386000000.0,-547000000,0.0,2666000000,12000000.0,-1140000000,-1140000000,0.0,-2217000000,-199000000.0,-2416000000,https://www.sec.gov/Archives/edgar/data/70858/000095016897001328/0000950168-97-001328-index.html,https://www.sec.gov/Archives/edgar/data/70858/0000950168-97-001328.txt
1996-12-31,BAC,,,Q4,1529000000,353000000,365000000.0,0.0,1811000000.0,0.0,0.0,0.0,0.0,300000000.0,4358000000,0.0,0.0,0.0,0.0,0.0,-2992000000,0.0,0.0,2977000000.0,-481000000,0.0,1663000000,13000000.0,3043000000,3043000000,0.0,4358000000,21000000.0,4379000000,,
1996-09-30,BAC,1996-11-13 00:00:00,1996-11-13 00:00:00,Q3,1435000000,395000000,352000000.0,0.0,-1100000000.0,0.0,0.0,0.0,0.0,-41000000.0,1040000000,0.0,0.0,0.0,0.0,0.0,5366000000,0.0,0.0,-1392000000.0,-460000000,0.0,-4611000000,3000000.0,1797000000,1797000000,0.0,1040000000,96000000.0,1136000000,https://www.sec.gov/Archives/edgar/data/70858/000095016896002141/0000950168-96-002141-index.html,https://www.sec.gov/Archives/edgar/data/70858/0000950168-96-002141.txt
1996-06-30,BAC,1996-08-14 00:00:00,1996-08-14 00:00:00,Q2,1468000000,392000000,113000000.0,0.0,3138000000.0,0.0,0.0,0.0,0.0,-120000000.0,4992000000,0.0,0.0,0.0,0.0,0.0,-2779000000,0.0,0.0,-597000000.0,-471000000,0.0,-2139000000,5000000.0,78000000,78000000,0.0,4992000000,-310000000.0,4682000000,https://www.sec.gov/Archives/edgar/data/70858/000095016896001514/0000950168-96-001514-index.html,https://www.sec.gov/Archives/edgar/data/70858/0000950168-96-001514.txt
1996-03-31,BAC,1996-05-10 00:00:00,1996-05-10 00:00:00,Q1,1381000000,387000000,135000000.0,0.0,-8274000000.0,0.0,0.0,0.0,0.0,-139000000.0,-6510000000,0.0,0.0,0.0,0.0,0.0,3942000000,0.0,0.0,-643000000.0,-476000000,0.0,158000000,1000000.0,-2408000000,-2408000000,0.0,-6510000000,-296000000.0,-6806000000,https://www.sec.gov/Archives/edgar/data/70858/000007085896000068/0000070858-96-000068-index.html,https://www.sec.gov/Archives/edgar/data/70858/0000070858-96-000068.txt
1995-12-31,BAC,,,Q4,1352000000,341000000,105000000.0,0.0,-1022000000.0,0.0,0.0,0.0,0.0,51000000.0,827000000,0.0,0.0,0.0,0.0,0.0,-2357000000,0.0,0.0,169000000.0,-429000000,0.0,5297000000,2000000.0,3769000000,3769000000,0.0,827000000,166000000.0,993000000,,
1995-09-30,BAC,1995-11-13 00:00:00,1995-11-13 00:00:00,Q3,1368000000,387000000,175000000.0,0.0,-4384000000.0,0.0,0.0,0.0,0.0,-40000000.0,-2494000000,0.0,0.0,0.0,0.0,0.0,2735000000,0.0,0.0,-483000000.0,-413000000,0.0,-1580000000,-16000000.0,-1355000000,-1355000000,0.0,-2494000000,112000000.0,-2382000000,https://www.sec.gov/Archives/edgar/data/70858/000007085895000081/0000070858-95-000081-index.html,https://www.sec.gov/Archives/edgar/data/70858/0000070858-95-000081.txt
1995-06-30,BAC,1995-08-14 00:00:00,1995-08-14 00:00:00,Q2,1244000000,388000000,104000000.0,0.0,-1014000000.0,0.0,0.0,0.0,0.0,-4000000.0,718000000,0.0,0.0,0.0,0.0,0.0,-5715000000,0.0,0.0,-507000000.0,-417000000,0.0,5086000000,10000000.0,99000000,99000000,0.0,718000000,-289000000.0,429000000,https://www.sec.gov/Archives/edgar/data/70858/000007085895000033/0000070858-95-000033-index.html,https://www.sec.gov/Archives/edgar/data/70858/0000070858-95-000033.txt
1995-03-31,BAC,1995-05-15 00:00:00,1995-05-15 00:00:00,Q1,1183000000,352000000,49000000.0,0.0,-3996000000.0,0.0,0.0,0.0,0.0,-7000000.0,-2419000000,0.0,0.0,0.0,0.0,0.0,-10327000000,0.0,0.0,-270000000.0,-418000000,0.0,9749000000,12000000.0,-2985000000,-2985000000,0.0,-2419000000,-243000000.0,-2662000000,https://www.sec.gov/Archives/edgar/data/70858/000007085895000008/0000070858-95-000008-index.html,https://www.sec.gov/Archives/edgar/data/70858/0000070858-95-000008.txt
1994-12-31,BAC,,,Q4,1121000000,303000000,627000000.0,0.0,-1230000000.0,0.0,0.0,0.0,0.0,-105000000.0,716000000,0.0,0.0,0.0,0.0,0.0,604000000,0.0,0.0,391000000.0,-401000000,0.0,679000000,-4000000.0,1996000000,1996000000,0.0,716000000,-109000000.0,607000000,,
1994-09-30,BAC,1994-11-14 00:00:00,1994-11-14 00:00:00,Q3,1102000000,361000000,194000000.0,0.0,2386000000.0,0.0,0.0,0.0,0.0,-32000000.0,4011000000,0.0,0.0,0.0,0.0,0.0,1599000000,0.0,0.0,62000000.0,-373000000,0.0,-1563000000,6000000.0,4052000000,4052000000,0.0,4011000000,-121000000.0,3890000000,https://www.sec.gov/Archives/edgar/data/70858/000007085894000018/0000070858-94-000018-index.html,https://www.sec.gov/Archives/edgar/data/70858/0000070858-94-000018.txt
1994-06-30,BAC,1994-08-12 00:00:00,1994-08-12 00:00:00,Q2,1083000000,339000000,122000000.0,0.0,2090000000.0,0.0,0.0,0.0,0.0,-7000000.0,3627000000,0.0,0.0,0.0,0.0,0.0,-2598000000,0.0,0.0,-65000000.0,-377000000,0.0,-2235000000,5000000.0,-1201000000,-1201000000,0.0,3627000000,-56000000.0,3571000000,https://www.sec.gov/Archives/edgar/data/70858/000007085894000014/0000070858-94-000014-index.html,https://www.sec.gov/Archives/edgar/data/70858/0000070858-94-000014.txt
1994-03-31,BAC,1994-05-13 00:00:00,1994-05-13 00:00:00,Q1,1048000000,333000000,193000000.0,0.0,3588000000.0,0.0,0.0,0.0,0.0,-38000000.0,5124000000,0.0,0.0,0.0,0.0,0.0,-10472000000,0.0,0.0,-393000000.0,-371000000,0.0,5396000000,4000000.0,52000000,52000000,0.0,5124000000,-106000000.0,5018000000,https://www.sec.gov/Archives/edgar/data/70858/000007085894000002/0000070858-94-000002-index.html,https://www.sec.gov/Archives/edgar/data/70858/0000070858-94-000002.txt
1993-12-31,BAC,,,Q4,982000000,344000000,444000000.0,0.0,-537000000.0,0.0,0.0,0.0,0.0,-41000000.0,1193000000,0.0,0.0,0.0,0.0,0.0,-2401000000,0.0,0.0,113000000.0,-341000000,0.0,2706000000,0.0,1497000000,1497000000,0.0,1193000000,65000000.0,1258000000,,
1993-09-30,BAC,,,Q3,938000000,335000000,322000000.0,0.0,-886000000.0,0.0,0.0,0.0,0.0,-11000000.0,698000000,0.0,0.0,0.0,0.0,0.0,-3391000000,0.0,0.0,111000000.0,-332000000,0.0,2768000000,-8000000.0,68000000,68000000,0.0,698000000,-172000000.0,526000000,,
1993-06-30,BAC,,,Q2,899000000,264000000,152000000.0,0.0,-1823000000.0,0.0,0.0,0.0,0.0,-11000000.0,-520000000,0.0,0.0,0.0,0.0,0.0,-3054000000,0.0,0.0,104000000.0,-327000000,0.0,3090000000,-3000000.0,-487000000,-487000000,0.0,-520000000,-261000000.0,-781000000,,
1993-03-31,BAC,,,Q1,1057000000,296000000,254000000.0,0.0,1044000000.0,0.0,0.0,0.0,0.0,-222000000.0,2429000000,0.0,0.0,0.0,0.0,0.0,-1342000000,0.0,0.0,162000000.0,-324000000,0.0,-4834000000,-3000000.0,-3750000000,-3750000000,0.0,2429000000,-30000000.0,2399000000,,
1992-12-31,BAC,,,Q4,759000000,539000000,278000000.0,0.0,-4453000000.0,0.0,0.0,0.0,0.0,-346000000.0,-3223000000,0.0,0.0,0.0,0.0,0.0,9359000000,0.0,0.0,129000000.0,-309000000,0.0,-4209000000,-13000000.0,1914000000,1914000000,0.0,-3223000000,59000000.0,-3164000000,,
1992-09-30,BAC,,,Q3,852000000,217000000,-96000000.0,0.0,-423000000.0,0.0,0.0,0.0,0.0,316000000.0,866000000,0.0,0.0,0.0,0.0,0.0,-2177000000,0.0,0.0,76000000.0,-287000000,0.0,1175000000,-6000000.0,-142000000,-142000000,0.0,866000000,436000000.0,1302000000,,
1992-06-30,BAC,,,Q2,553000000,228000000,-151000000.0,0.0,4964000000.0,0.0,0.0,0.0,0.0,-184000000.0,5411000000,0.0,0.0,0.0,0.0,0.0,9101000000,0.0,0.0,91000000.0,-254000000,0.0,-9015000000,9000000.0,5506000000,5506000000,0.0,5411000000,-1610000000.0,3801000000,,
1992-03-31,BAC,,,Q1,681000000,137000000,-4000000.0,0.0,1103000000.0,0.0,0.0,0.0,0.0,-5000000.0,1911000000,0.0,0.0,0.0,0.0,0.0,-6594000000,0.0,0.0,527000000.0,-245000000,0.0,3211000000,-22000000.0,-1494000000,-1494000000,0.0,1911000000,276000000.0,2187000000,,
1991-12-31,BAC,,,Q4,38000000,156000000,74000000.0,0.0,2789000000.0,0.0,0.0,0.0,0.0,-4000000.0,3053000000,0.0,0.0,0.0,0.0,0.0,9971000000,0.0,0.0,1000000.0,-204000000,0.0,-12048000000,-4000000.0,972000000,972000000,0.0,3053000000,-219000000.0,2834000000,,
1991-09-30,BAC,,,Q3,402000000,93000000,133000000.0,0.0,823000000.0,0.0,0.0,0.0,0.0,-9000000.0,1444000000,0.0,0.0,0.0,0.0,0.0,-3916000000,0.0,0.0,-21000000.0,-212000000,0.0,4058000000,3000000.0,1589000000,1589000000,0.0,1444000000,-82000000.0,1362000000,,
1991-06-30,BAC,,,Q2,508000000,131000000,135000000.0,0.0,-1678000000.0,0.0,0.0,0.0,0.0,-35000000.0,-942000000,0.0,0.0,0.0,0.0,0.0,-694000000,0.0,0.0,881000000.0,-208000000,0.0,3075000000,-15000000.0,1425000000,1425000000,0.0,-942000000,-216000000.0,-1158000000,,
1991-03-31,BAC,,,Q1,459000000,132000000,148000000.0,0.0,-1535000000.0,0.0,0.0,0.0,0.0,-22000000.0,-816000000,0.0,0.0,0.0,0.0,0.0,-119000000,0.0,0.0,-3000000.0,-194000000,0.0,-3179000000,-15000000.0,-4130000000,-4130000000,0.0,-816000000,-193000000.0,-1009000000,,
1990-12-31,BAC,,,Q4,282000000,139000000,62000000.0,0.0,2038000000.0,0.0,0.0,0.0,0.0,7000000.0,2527000000,0.0,0.0,0.0,0.0,0.0,6303000000,0.0,0.0,247000000.0,-359000000,0.0,-5767000000,8000000.0,3071000000,3071000000,0.0,2527000000,-264000000.0,2263000000,,
1990-09-30,BAC,,,Q3,399000000,102000000,-42000000.0,0.0,163000000.0,0.0,0.0,0.0,0.0,8000000.0,629000000,0.0,0.0,0.0,0.0,0.0,-7832000000,0.0,0.0,79000000.0,-227000000,0.0,6298000000,8000000.0,-898000000,-898000000,0.0,629000000,-327000000.0,302000000,,
1990-06-30,BAC,,,Q2,543000000,35000000,31000000.0,0.0,354000000.0,0.0,0.0,0.0,0.0,-14000000.0,949000000,0.0,0.0,0.0,0.0,0.0,-3370000000,0.0,0.0,-58000000.0,-132000000,0.0,3508000000,-2000000.0,1086000000,1086000000,0.0,949000000,-253000000.0,696000000,,
1990-03-31,BAC,,,Q1,542000000,134000000,-12000000.0,0.0,-103000000.0,0.0,0.0,0.0,0.0,-33000000.0,528000000,0.0,0.0,0.0,0.0,0.0,-3194000000,0.0,0.0,-81000000.0,-176000000,0.0,103000000,-11000000.0,-2574000000,-2574000000,0.0,528000000,-188000000.0,340000000,,
