date,symbol,fillingDate,acceptedDate,period,netIncome,depreciationAndAmortization,deferredIncomeTax,stockBasedCompensation,changeInWorkingCapital,accountsReceivables,inventory,accountsPayables,otherWorkingCapital,otherNonCashItems,netCashProvidedByOperatingActivities,investmentsInPropertyPlantAndEquipment,acquisitionsNet,purchasesOfInvestments,salesMaturitiesOfInvestments,otherInvestingActivites,netCashUsedForInvestingActivites,debtRepayment,commonStockIssued,commonStockRepurchased,dividendsPaid,otherFinancingActivites,netCashUsedProvidedByFinancingActivities,effectOfForexChangesOnCash,netChangeInCash,cashAtEndOfPeriod,cashAtBeginningOfPeriod,operatingCashFlow,capitalExpenditure,freeCashFlow,link,finalLink
2020-06-30,DBX,,,Q2,17500000.0,40099999.99999999,0.0,76600000.0,13800000.000000004,0.0,0.0,-5000000.0,240500000.0,74500000.0,145899999.99999997,-26100000.0,0.0,-384500000.0,0.0,232700000.0,-177900000.0,0.0,800000.0,-100100000.00000001,0.0,-46900000.0,-121899999.99999999,1600000.0,-152299999.99999997,334100000.0,486400000.0,145899999.99999997,-26099999.999999996,119799999.99999999,,
2020-03-31,DBX,2020-05-08 00:00:00,2020-05-08 16:08:53,Q1,39300000.0,39500000.0,0.0,39800000.0,-60600000.0,-1000000.0,0.0,-7800000.0,224400000.0,35100000.0,53300000.0,-27800000.0,0.0,-184500000.0,0.0,200600000.0,-11700000.0,-21000000.0,700000.0,-82200000.0,0.0,-41000000.0,-104300000.0,-2200000.0,-64900000.0,486400000.0,551300000.0,53300000.0,-27800000.0,25500000.0,https://www.sec.gov/Archives/edgar/data/1467623/000146762320000024/0001467623-20-000024-index.html,https://www.sec.gov/Archives/edgar/data/1467623/000146762320000024/dbx-033020x10q.htm
2019-12-31,DBX,2020-02-21,2020-02-21 16:33:29,Q4,-6600000.000000001,41000000.0,0.0,69300000.0,80899999.99999999,2000000.0,0.0,8800000.0,228400000.0,71500000.00000003,186800000.0,-25500000.0,-2300000.0,-192700000.0,0.0,179300000.0,-41199999.99999999,-21000000.0,200000.0,-18100000.00000001,0.0,68500000.0,-39399999.99999998,1900000.0,108100000.0,551300000.0,443200000.0,186800000.0,-27200000.00000002,159599999.99999997,https://www.sec.gov/Archives/edgar/data/1467623/000146762320000011/a12311910-k.htm,https://www.sec.gov/Archives/edgar/data/1467623/000146762320000011/a12311910-k.htm
2019-09-30,DBX,2019-11-08 00:00:00,2019-11-08 16:18:10,Q3,-17000000.0,40599999.99999999,0.0,68200000.0,52300000.00000001,-1000000.0,0.0,-600000.0,185300000.0,73800000.0,149700000.0,-47200000.0,0.0,-193000000.0,0.0,231900000.0,-8300000.000000011,-21000000.0,0.0,-18999999.999999993,0.0,59700000.0,-39900000.00000001,-1900000.0,99600000.0,443200000.0,343600000.0,149700000.0,-47199999.99999999,102500000.0,https://www.sec.gov/Archives/edgar/data/1467623/000146762319000028/0001467623-19-000028-index.html,https://www.sec.gov/Archives/edgar/data/1467623/000146762319000028/dbx-093019x10q.htm
2019-06-30,DBX,2019-08-09 00:00:00,2019-08-09 15:58:49,Q2,-21400000.000000004,46100000.00000001,0.0,68100000.0,42400000.0,-3000000.0,0.0,3400000.0,164600000.0,61699999.99999999,128800000.0,-33700000.0,500000.0,-236700000.0,0.0,172700000.0,-97199999.99999999,-24000000.0,1100000.0,-21500000.0,0.0,-63100000.0,-46400000.00000001,-800000.0,-15599999.999999994,343600000.0,359200000.0,128800000.0,-33700000.0,95100000.0,https://www.sec.gov/Archives/edgar/data/1467623/000146762319000018/0001467623-19-000018-index.html,https://www.sec.gov/Archives/edgar/data/1467623/000146762319000018/dbx-063019x10q.htm
2019-03-31,DBX,2019-05-10 00:00:00,2019-05-10 16:41:06,Q1,-7700000.0,45800000.0,0.0,55600000.0,-30000000.0,-5000000.0,0.0,-5200000.0,141800000.0,55100000.0,63200000.0,-29700000.0,-172100000.0,-153000000.0,0.0,181500000.0,-173300000.0,-26000000.0,900000.0,-24600000.0,0.0,307300000.0,-51000000.0,1000000.0,-160100000.0,359200000.0,519300000.0,63200000.0,-29700000.0,33500000.0,https://www.sec.gov/Archives/edgar/data/1467623/000146762319000011/0001467623-19-000011-index.html,https://www.sec.gov/Archives/edgar/data/1467623/000146762319000011/dbx-033119x10q.htm
2018-12-31,DBX,2019-02-25,2019-02-22 17:51:52,Q4,-9500000.0,45200000.00000002,0.0,53500000.0,31900000.000000007,0.0,0.0,2200000.0,372700000.0,56099999.99999991,123699999.99999999,-35400000.0,0.0,-186100000.0,0.0,116700000.0,-104799999.99999996,-400000.0,16400000.0,-8800000.000000011,0.0,-67100000.0,-34199999.99999999,-1600000.0,-16900000.000000007,519300000.0,536200000.0,123699999.99999999,-35500000.0,88199999.99999999,https://www.sec.gov/Archives/edgar/data/1467623/000146762319000005/a12311810-k.htm,https://www.sec.gov/Archives/edgar/data/1467623/000146762319000005/a12311810-k.htm
2018-09-30,DBX,2018-11-09 00:00:00,2018-11-09 16:33:41,Q3,-5799999.999999954,45699999.99999999,0.0,55000000.0,29699999.999999996,1000000.0,0.0,4600000.0,348600000.0,58400000.00000009,128000000.0,-8000000.0,0.0,-168400000.0,0.0,145000000.0,-31399999.999999978,-26000000.0,9800000.0,-34500000.0,0.0,-42100000.0,-64399999.99999998,-100000.00000000009,32100000.00000001,536200000.0,504100000.0,128000000.0,-8399999.999999998,119600000.0,https://www.sec.gov/Archives/edgar/data/1467623/000146762318000020/0001467623-18-000020-index.html,https://www.sec.gov/Archives/edgar/data/1467623/000146762318000020/dbx-093018x10q.htm
2018-06-30,DBX,2018-08-10 00:00:00,2018-08-10 15:44:57,Q2,-4100000.000000023,40000000.00000001,0.0,55100000.0,18500000.0,-4000000.0,0.0,-5700000.0,306500000.0,57499999.99999994,111899999.99999999,-9700000.0,0.0,-315100000.0,0.0,20300000.0,-304500000.0,-29000000.0,0.0,67199999.99999999,0.0,-126800000.0,34399999.99999998,-3000000.0,-161200000.00000003,504100000.0,665300000.0,111899999.99999999,-9700000.000000002,102199999.99999999,https://www.sec.gov/Archives/edgar/data/1467623/000146762318000014/0001467623-18-000014-index.html,https://www.sec.gov/Archives/edgar/data/1467623/000146762318000014/dbx-063018x10q.htm
2018-03-31,DBX,2018-05-11 00:00:00,2018-05-11 16:25:25,Q1,-465500000.0,35900000.0,0.0,486500000.0,3100000.0,0.0,0.0,-2800000.0,183800000.0,488300000.0,61800000.0,-9900000.0,0.0,-180800000.0,0.0,-2400000.0,-193100000.0,0.0,0.0,397000000.0,0.0,1030300000.0,365000000.0,1600000.0,235300000.0,665300000.0,430000000.0,61800000.0,-12400000.0,49400000.0,https://www.sec.gov/Archives/edgar/data/1467623/000146762318000007/0001467623-18-000007-index.html,https://www.sec.gov/Archives/edgar/data/1467623/000146762318000007/dbx-033118x10q.htm
2017-12-31,DBX,,,Q4,-37700000.0,42900000.00000001,0.0,0.0,17299999.999999996,-2600000.0,0.0,-17100000.0,0.0,48599999.99999999,71100000.00000001,0.0,0.0,0.0,0.0,0.0,-12999999.999999998,0.0,0.0,-15700000.000000004,0.0,0.0,-50599999.99999999,-199999.99999999974,7299999.999999997,430000000.0,422700000.0,71100000.00000001,-13300000.0,57800000.00000002,,
2017-09-30,DBX,,,Q3,-14100000.000000002,44500000.0,0.0,0.0,40300000.0,-3100000.0,0.0,2000000.0,0.0,40800000.00000001,111500000.0,0.0,0.0,0.0,0.0,0.0,-3200000.0,0.0,0.0,-48200000.0,0.0,0.0,-82699999.99999999,1400000.0,27000000.0,422700000.0,395700000.0,111500000.0,-3200000.000000001,108300000.0,,
2017-06-30,DBX,,,Q2,-26799999.999999996,46400000.00000001,0.0,0.0,16500000.0,6300000.0,0.0,15100000.0,0.0,50000000.0,86100000.0,0.0,0.0,0.0,0.0,0.0,-3600000.0000000005,0.0,0.0,500000.0,0.0,0.0,-38600000.00000001,599999.9999999999,44500000.0,474500000.0,430000000.0,86100000.0,-4199999.999999999,81900000.0,,
2017-03-31,DBX,,,Q1,-33100000.0,48000000.0,0.0,0.0,7200000.0,0.0,0.0,0.0,0.0,39500000.0,61600000.0,0.0,0.0,0.0,0.0,0.0,-4100000.0,0.0,0.0,-24000000.0,0.0,0.0,-59800000.0,800000.0,-1500000.0,-1500000.0,0.0,61600000.0,-5400000.0,56200000.0,,
2016-12-31,DBX,,,Q4,-29099999.999999993,47900000.00000001,0.0,0.0,8799999.999999996,0.0,0.0,0.0,0.0,38300000.00000001,65900000.0,0.0,0.0,0.0,0.0,0.0,-3299999.999999997,0.0,0.0,0.0,0.0,0.0,-36300000.0,-4700000.0,21600000.0,508000000.0,486400000.0,65900000.0,-3600000.0000000084,62299999.99999999,,
2016-09-30,DBX,,,Q3,-42599999.99999999,50299999.99999998,0.0,0.0,22299999.999999996,0.0,0.0,0.0,0.0,36800000.0,66799999.99999998,0.0,0.0,0.0,0.0,0.0,-19900000.000000007,0.0,0.0,0.0,0.0,0.0,-37800000.00000001,600000.0000000001,9700000.0,496100000.0,486400000.0,66799999.99999998,-22000000.0,44799999.99999998,,
2016-06-30,DBX,,,Q2,-138500000.0,93400000.0,0.0,0.0,87700000.0,0.0,0.0,0.0,0.0,77300000.0,119900000.0,0.0,0.0,0.0,0.0,0.0,-94800000.0,0.0,0.0,0.0,0.0,0.0,-60400000.0,-200000.0,-35500000.0,450900000.0,486400000.0,119900000.0,-98100000.0,21800000.0,,
