date,symbol,fillingDate,acceptedDate,period,netIncome,depreciationAndAmortization,deferredIncomeTax,stockBasedCompensation,changeInWorkingCapital,accountsReceivables,inventory,accountsPayables,otherWorkingCapital,otherNonCashItems,netCashProvidedByOperatingActivities,investmentsInPropertyPlantAndEquipment,acquisitionsNet,purchasesOfInvestments,salesMaturitiesOfInvestments,otherInvestingActivites,netCashUsedForInvestingActivites,debtRepayment,commonStockIssued,commonStockRepurchased,dividendsPaid,otherFinancingActivites,netCashUsedProvidedByFinancingActivities,effectOfForexChangesOnCash,netChangeInCash,cashAtEndOfPeriod,cashAtBeginningOfPeriod,operatingCashFlow,capitalExpenditure,freeCashFlow,link,finalLink
2020-02-01,JCP,2020-03-20,2020-03-20 08:08:49,Q4,27000000.0,129000000,-1000000.0,2000000.0,577000000.0,0.0,768000000.0,-43000000.0,794000000.0,2000000.0,734000000.0,-83000000.0,0.0,0.0,0.0,18000000.0,-65000000.0,-11000000.0,0.0,1000000.0,0.0,-200000000.0,-440000000.0,0.0,229000000.0,376000000,147000000.0,734000000.0,-83000000.0,651000000.0,https://www.sec.gov/Archives/edgar/data/1166126/000116612620000022/jcp-0201202010k.htm,https://www.sec.gov/Archives/edgar/data/1166126/000116612620000022/jcp-0201202010k.htm
2019-11-02,JCP,2019-12-04 00:00:00,2019-12-04 16:30:46,Q3,-93000000.0,131000000,-5000000.0,3000000.0,-330000000.0,0.0,-463000000.0,-3000000.0,1147000000.0,-10000000.0,-307000000.0,-80000000.0,0.0,0.0,0.0,2000000.0,-78000000.0,-60000000.0,0.0,0.0,0.0,409000000.0,367000000.0,0.0,-18000000.0,145000000,163000000.0,-307000000.0,-80000000.0,-387000000.0,https://www.sec.gov/Archives/edgar/data/1166126/000116612619000063/0001166126-19-000063-index.html,https://www.sec.gov/Archives/edgar/data/1166126/000116612619000063/jcp-11022019x10q.htm
2019-08-03,JCP,2019-08-28 00:00:00,2019-08-28 16:57:27,Q2,-48000000.0,137000000,3000000.0,4000000.0,118000000.0,0.0,6000000.0,3000000.0,792000000.0,-4000000.0,206000000.0,-75000000.0,0.0,0.0,0.0,5000000.0,-70000000.0,-15000000.0,0.0,1000000.0,0.0,-113000000.0,-132000000.0,0.0,4000000.0,164000000,160000000.0,206000000.0,-75000000.0,131000000.0,https://www.sec.gov/Archives/edgar/data/1166126/000116612619000054/0001166126-19-000054-index.html,https://www.sec.gov/Archives/edgar/data/1166126/000116612619000054/jcp-08032019x10q.htm
2019-05-04,JCP,2019-05-29 00:00:00,2019-05-29 16:31:20,Q1,-154000000.0,147000000,-3000000.0,2000000.0,-194000000.0,0.0,-40000000.0,-18000000.0,990000000.0,-1000000.0,-205000000.0,-71000000.0,0.0,0.0,0.0,8000000.0,-63000000.0,-11000000.0,0.0,0.0,0.0,288000000.0,106000000.0,0.0,-162000000.0,-53000000,109000000.0,-205000000.0,-71000000.0,-276000000.0,https://www.sec.gov/Archives/edgar/data/1166126/000116612619000030/0001166126-19-000030-index.html,https://www.sec.gov/Archives/edgar/data/1166126/000116612619000030/jcp-05042019x10q.htm
2019-02-02,JCP,2019-03-19,2019-03-19 16:59:02,Q4,75000000.0,137000000,-4000000.0,1000000.0,487000000.0,0.0,786000000.0,-97000000.0,1017000000.0,-25000000.0,670000000.0,-71000000.0,0.0,0.0,0.0,12000000.0,-59000000.0,-10000000.0,0.0,1000000.0,0.0,-271000000.0,-446000000.0,0.0,165000000.0,322000000,157000000.0,670000000.0,-71000000.0,599000000.0,https://www.sec.gov/Archives/edgar/data/1166126/000116612619000012/jcp-0202201910k.htm,https://www.sec.gov/Archives/edgar/data/1166126/000116612619000012/jcp-0202201910k.htm
2018-11-03,JCP,2018-11-28 00:00:00,2018-11-28 16:29:16,Q3,-151000000.0,138000000,-8000000.0,3000000.0,-139000000.0,0.0,-399000000.0,-9000000.0,1321000000.0,-16000000.0,-176000000.0,-100000000.0,0.0,0.0,0.0,15000000.0,-85000000.0,-11000000.0,0.0,0.0,0.0,244000000.0,247000000.0,0.0,-14000000.0,157000000,171000000.0,-176000000.0,-100000000.0,-276000000.0,https://www.sec.gov/Archives/edgar/data/1166126/000116612618000076/0001166126-18-000076-index.html,https://www.sec.gov/Archives/edgar/data/1166126/000116612618000076/jcp-11032018x10q.htm
2018-08-04,JCP,2018-09-05 00:00:00,2018-09-05 16:29:30,Q2,-101000000.0,140000000,1000000.0,-1000000.0,187000000.0,0.0,124000000.0,-4000000.0,1243000000.0,-8000000.0,219000000.0,-115000000.0,0.0,0.0,0.0,82000000.0,-33000000.0,-10000000.0,0.0,1000000.0,0.0,-174000000.0,-185000000.0,0.0,1000000.0,171000000,170000000.0,219000000.0,-115000000.0,104000000.0,https://www.sec.gov/Archives/edgar/data/1166126/000116612618000057/0001166126-18-000057-index.html,https://www.sec.gov/Archives/edgar/data/1166126/000116612618000057/jcp-08042018x10q.htm
2018-05-05,JCP,2018-05-30 00:00:00,2018-05-30 16:46:13,Q1,-78000000.0,141000000,-2000000.0,7000000.0,-407000000.0,0.0,-145000000.0,-16000000.0,1413000000.0,-8000000.0,-354000000.0,-106000000.0,0.0,0.0,0.0,39000000.0,-67000000.0,-576000000.0,0.0,1000000.0,0.0,901000000.0,144000000.0,0.0,-277000000.0,-161000000,116000000.0,-354000000.0,-106000000.0,-460000000.0,https://www.sec.gov/Archives/edgar/data/1166126/000116612618000034/0001166126-18-000034-index.html,https://www.sec.gov/Archives/edgar/data/1166126/000116612618000034/jcp-05052018x10q.htm
2018-02-03,JCP,2018-03-19,2018-03-19 16:25:34,Q4,242000000.0,150000000,-14000000.0,2000000.0,307000000.0,0.0,603000000.0,-6000000.0,1078000000.0,-48000000.0,637000000.0,-108000000.0,0.0,0.0,0.0,4000000.0,-104000000.0,-47000000.0,0.0,1000000.0,0.0,60000000.0,-260000000.0,0.0,273000000.0,448000000,175000000.0,637000000.0,-108000000.0,529000000.0,https://www.sec.gov/Archives/edgar/data/1166126/000116612618000014/jcp-0203201810k.htm,https://www.sec.gov/Archives/edgar/data/1166126/000116612618000014/jcp-0203201810k.htm
2017-10-28,JCP,2017-11-29 00:00:00,2017-11-29 16:36:18,Q3,-125000000.0,131000000,-30000000.0,7000000.0,-223000000.0,0.0,-588000000.0,-4000000.0,1155000000.0,8000000.0,-239000000.0,-95000000.0,0.0,0.0,0.0,7000000.0,-88000000.0,-11000000.0,0.0,1000000.0,0.0,80000000.0,198000000.0,0.0,-129000000.0,57000000,186000000.0,-239000000.0,-95000000.0,-334000000.0,https://www.sec.gov/Archives/edgar/data/1166126/000116612617000066/0001166126-17-000066-index.html,https://www.sec.gov/Archives/edgar/data/1166126/000116612617000066/jcp-10282017x10q.htm
2017-07-29,JCP,2017-08-30 00:00:00,2017-08-30 16:14:54,Q2,-55000000.0,144000000,-1000000.0,9000000.0,288000000.0,0.0,172000000.0,1000000.0,1032000000.0,26000000.0,402000000.0,-109000000.0,0.0,0.0,0.0,11000000.0,-98000000.0,-311000000.0,0.0,3000000.0,0.0,-91000000.0,-353000000.0,0.0,-49000000.0,108000000,157000000.0,402000000.0,-109000000.0,293000000.0,https://www.sec.gov/Archives/edgar/data/1166126/000116612617000056/0001166126-17-000056-index.html,https://www.sec.gov/Archives/edgar/data/1166126/000116612617000056/jcp-07292017x10q.htm
2017-04-29,JCP,2017-06-07 00:00:00,2017-06-07 16:42:08,Q1,-180000000.0,145000000,-18000000.0,7000000.0,-372000000.0,0.0,-95000000.0,5000000.0,1293000000.0,79000000.0,-346000000.0,-83000000.0,0.0,0.0,0.0,144000000.0,61000000.0,-230000000.0,0.0,0.0,0.0,354000000.0,-239000000.0,0.0,-524000000.0,-399000000,125000000.0,-346000000.0,-83000000.0,-429000000.0,https://www.sec.gov/Archives/edgar/data/1166126/000116612617000030/0001166126-17-000030-index.html,https://www.sec.gov/Archives/edgar/data/1166126/000116612617000030/jcp-04292017x10q.htm
2017-01-28,JCP,2017-03-24,2017-03-24 16:36:52,Q4,174000000.0,153000000,6000000.0,8000000.0,466000000.0,0.0,837000000.0,19000000.0,1678000000.0,-64000000.0,735000000.0,-145000000.0,0.0,0.0,0.0,78000000.0,-67000000.0,-10000000.0,0.0,0.0,0.0,750000000.0,36000000.0,0.0,704000000.0,876000000,172000000.0,735000000.0,-145000000.0,590000000.0,https://www.sec.gov/Archives/edgar/data/1166126/000116612617000013/jcp-0128201710k.htm,https://www.sec.gov/Archives/edgar/data/1166126/000116612617000013/jcp-0128201710k.htm
2016-10-29,JCP,2016-11-30 00:00:00,2016-11-30 17:15:27,Q3,-67000000.0,149000000,3000000.0,7000000.0,-271000000.0,0.0,-710000000.0,1000000.0,1395000000.0,-7000000.0,-193000000.0,-122000000.0,0.0,0.0,0.0,0.0,-122000000.0,-89000000.0,0.0,1000000.0,0.0,-88000000.0,69000000.0,0.0,-246000000.0,-75000000,171000000.0,-193000000.0,-122000000.0,-315000000.0,https://www.sec.gov/Archives/edgar/data/1166126/000116612616000117/0001166126-16-000117-index.html,https://www.sec.gov/Archives/edgar/data/1166126/000116612616000117/jcp-10292016x10q.htm
2016-07-30,JCP,2016-08-30,2016-08-30 16:06:42,Q2,-56000000.0,153000000,3000000.0,10000000.0,58000000.0,0.0,-56000000.0,-9000000.0,1302000000.0,28000000.0,186000000.0,-121000000.0,0.0,0.0,0.0,5000000.0,-116000000.0,-2188000000.0,0.0,0.0,0.0,2146000000.0,-56000000.0,0.0,14000000.0,180000000,166000000.0,186000000.0,-121000000.0,65000000.0,https://www.sec.gov/Archives/edgar/data/1166126/000116612616000105/jcp-07302016x10q.htm,https://www.sec.gov/Archives/edgar/data/1166126/000116612616000105/jcp-07302016x10q.htm
2016-04-30,JCP,2016-05-31 00:00:00,2016-05-31 16:18:01,Q1,-68000000.0,154000000,-3000000.0,10000000.0,-458000000.0,0.0,-204000000.0,41000000.0,1340000000.0,-19000000.0,-394000000.0,-39000000.0,0.0,0.0,0.0,28000000.0,-11000000.0,-62000000.0,0.0,1000000.0,0.0,397000000.0,-80000000.0,0.0,-485000000.0,-366000000,119000000.0,-394000000.0,-39000000.0,-433000000.0,https://www.sec.gov/Archives/edgar/data/1166126/000116612616000084/0001166126-16-000084-index.html,https://www.sec.gov/Archives/edgar/data/1166126/000116612616000084/jcp-04302016x10q.htm
2016-01-30,JCP,2016-03-16,2016-03-16 16:26:45,Q4,-131000000.0,157000000,0.0,11000000.0,578000000.0,0.0,948000000.0,-82000000.0,1606000000.0,247000000.0,856000000.0,-86000000.0,0.0,0.0,0.0,5000000.0,-81000000.0,-500000000.0,0.0,0.0,0.0,249000000.0,-513000000.0,0.0,262000000.0,414000000,152000000.0,856000000.0,-86000000.0,770000000.0,https://www.sec.gov/Archives/edgar/data/1166126/000116612616000069/jcp-0130201610k.htm,https://www.sec.gov/Archives/edgar/data/1166126/000116612616000069/jcp-0130201610k.htm
2015-10-31,JCP,2015-12-09 00:00:00,2015-12-09 16:19:53,Q3,-115000000.0,152000000,-8000000.0,12000000.0,-249000000.0,0.0,-664000000.0,-19000000.0,1902000000.0,-12000000.0,-232000000.0,-93000000.0,0.0,0.0,0.0,1000000.0,-92000000.0,-7000000.0,0.0,0.0,0.0,-339000000.0,-11000000.0,0.0,-335000000.0,-157000000,178000000.0,-232000000.0,-93000000.0,-325000000.0,https://www.sec.gov/Archives/edgar/data/1166126/000116612615000055/0001166126-15-000055-index.html,https://www.sec.gov/Archives/edgar/data/1166126/000116612615000055/jcp-10312015x10q.htm
2015-08-01,JCP,2015-09-08 00:00:00,2015-09-08 16:22:02,Q2,-100000000.0,153000000,14000000.0,11000000.0,20000000.0,0.0,-194000000.0,18000000.0,2015000000.0,-45000000.0,42000000.0,-95000000.0,0.0,0.0,0.0,7000000.0,-88000000.0,-7000000.0,0.0,0.0,0.0,-89000000.0,-25000000.0,0.0,-71000000.0,104000000,175000000.0,42000000.0,-95000000.0,-53000000.0,https://www.sec.gov/Archives/edgar/data/1166126/000116612615000045/0001166126-15-000045-index.html,https://www.sec.gov/Archives/edgar/data/1166126/000116612615000045/jcp-8012015x10q.htm
2015-05-02,JCP,2015-06-04 00:00:00,2015-06-04 16:13:35,Q1,-167000000.0,154000000,-11000000.0,10000000.0,-210000000.0,0.0,-159000000.0,11000000.0,2098000000.0,8000000.0,-226000000.0,-46000000.0,0.0,0.0,0.0,11000000.0,-35000000.0,-6000000.0,0.0,0.0,0.0,1037000000.0,-13000000.0,0.0,-274000000.0,-155000000,119000000.0,-226000000.0,-46000000.0,-272000000.0,https://www.sec.gov/Archives/edgar/data/1166126/000116612615000032/0001166126-15-000032-index.html,https://www.sec.gov/Archives/edgar/data/1166126/000116612615000032/jcp-5022015x10q.htm
2015-01-31,JCP,2015-03-23,2015-03-23 16:16:27,Q4,-59000000.0,157000000,27000000.0,9000000.0,511000000.0,0.0,706000000.0,56000000.0,2090000000.0,57000000.0,693000000.0,-50000000.0,0.0,0.0,0.0,6000000.0,-44000000.0,-7000000.0,0.0,0.0,0.0,626000000.0,-15000000.0,0.0,634000000.0,775000000,141000000.0,693000000.0,-50000000.0,643000000.0,https://www.sec.gov/Archives/edgar/data/1166126/000116612615000013/jcp-0131201510k.htm,https://www.sec.gov/Archives/edgar/data/1166126/000116612615000013/jcp-0131201510k.htm
2014-11-01,JCP,2014-12-09 00:00:00,2014-12-09 17:03:10,Q3,-188000000.0,156000000,-5000000.0,8000000.0,-235000000.0,0.0,-510000000.0,-2000000.0,1930000000.0,-48000000.0,-320000000.0,-61000000.0,0.0,0.0,0.0,68000000.0,7000000.0,-394000000.0,0.0,0.0,0.0,3000000.0,-39000000.0,0.0,-352000000.0,-163000000,189000000.0,-320000000.0,-61000000.0,-381000000.0,https://www.sec.gov/Archives/edgar/data/1166126/000116612614000064/0001166126-14-000064-index.html,https://www.sec.gov/Archives/edgar/data/1166126/000116612614000064/jcp-11012014x10q.htm
2014-08-02,JCP,2014-09-08 00:00:00,2014-09-08 16:15:49,Q2,-172000000.0,160000000,-14000000.0,9000000.0,164000000.0,0.0,-13000000.0,-6000000.0,2055000000.0,-1000000.0,137000000.0,-61000000.0,0.0,0.0,0.0,19000000.0,-42000000.0,-6000000.0,0.0,0.0,0.0,-357000000.0,-229000000.0,0.0,-134000000.0,42000000,176000000.0,137000000.0,-61000000.0,76000000.0,https://www.sec.gov/Archives/edgar/data/1166126/000116612614000048/0001166126-14-000048-index.html,https://www.sec.gov/Archives/edgar/data/1166126/000116612614000048/jcp-08022014x10q.htm
2014-05-03,JCP,2014-06-03 00:00:00,2014-06-03 16:19:29,Q1,-352000000.0,158000000,-5000000.0,7000000.0,-61000000.0,0.0,100000000.0,1000000.0,1684000000.0,-11000000.0,-271000000.0,-80000000.0,0.0,0.0,0.0,17000000.0,-63000000.0,-5000000.0,0.0,0.0,0.0,1164000000.0,-11000000.0,0.0,-345000000.0,-232000000,113000000.0,-271000000.0,-80000000.0,-351000000.0,https://www.sec.gov/Archives/edgar/data/1166126/000116612614000035/0001166126-14-000035-index.html,https://www.sec.gov/Archives/edgar/data/1166126/000116612614000035/jcp-05032014x10q.htm
2014-02-01,JCP,2014-03-21,2014-03-21 16:03:55,Q4,35000000.0,161000000,39000000.0,6000000.0,436000000.0,0.0,812000000.0,-263000000.0,1987000000.0,-288000000.0,383000000.0,-137000000.0,0.0,0.0,0.0,55000000.0,-82000000.0,-6000000.0,0.0,0.0,0.0,-1234000000.0,-13000000.0,0.0,288000000.0,439000000,151000000.0,383000000.0,-137000000.0,246000000.0,https://www.sec.gov/Archives/edgar/data/1166126/000116612614000017/jcp-0201201410k.htm,https://www.sec.gov/Archives/edgar/data/1166126/000116612614000017/jcp-0201201410k.htm
2013-11-02,JCP,2013-12-05 00:00:00,2013-12-05 17:25:04,Q3,-489000000.0,161000000,-14000000.0,6000000.0,-444000000.0,0.0,-592000000.0,-65000000.0,1964000000.0,49000000.0,-737000000.0,-161000000.0,0.0,0.0,0.0,33000000.0,-128000000.0,-238000000.0,786000000.0,786000000.0,0.0,-299000000.0,557000000.0,0.0,-308000000.0,-110000000,198000000.0,-737000000.0,-161000000.0,-898000000.0,https://www.sec.gov/Archives/edgar/data/1166126/000116612613000100/0001166126-13-000100-index.html,https://www.sec.gov/Archives/edgar/data/1166126/000116612613000100/jcp-11022013x10q.htm
2013-08-03,JCP,2013-09-10 00:00:00,2013-09-10 16:56:08,Q2,-586000000.0,143000000,-25000000.0,11000000.0,-356000000.0,0.0,-357000000.0,29000000.0,1488000000.0,116000000.0,-708000000.0,-439000000.0,0.0,0.0,0.0,56000000.0,-383000000.0,-4000000.0,0.0,2000000.0,0.0,2523000000.0,1805000000.0,0.0,714000000.0,877000000,163000000.0,-708000000.0,-439000000.0,-1147000000.0,https://www.sec.gov/Archives/edgar/data/1166126/000119312513362878/0001193125-13-362878-index.html,https://www.sec.gov/Archives/edgar/data/1166126/000119312513362878/d595705d10q.htm
2013-05-04,JCP,2013-06-11 00:00:00,2013-06-11 16:33:20,Q1,-348000000.0,136000000,-164000000.0,5000000.0,-421000000.0,0.0,-457000000.0,85000000.0,284000000.0,45000000.0,-752000000.0,-214000000.0,0.0,0.0,0.0,18000000.0,-196000000.0,-8000000.0,0.0,5000000.0,0.0,1668000000.0,839000000.0,0.0,-109000000.0,12000000,121000000.0,-752000000.0,-214000000.0,-966000000.0,https://www.sec.gov/Archives/edgar/data/1166126/000116612613000041/0001166126-13-000041-index.html,https://www.sec.gov/Archives/edgar/data/1166126/000116612613000041/jcp-20130504x10q.htm
2013-02-02,JCP,2013-03-20,2013-03-20 17:11:32,Q4,-552000000.0,157000000,-243000000.0,12000000.0,978000000.0,0.0,1021000000.0,-246000000.0,1100000000.0,305000000.0,645000000.0,-230000000.0,0.0,0.0,0.0,1000000.0,-229000000.0,-7000000.0,0.0,1000000.0,0.0,394000000.0,-11000000.0,0.0,405000000.0,546000000,141000000.0,645000000.0,-230000000.0,415000000.0,https://www.sec.gov/Archives/edgar/data/1166126/000116612613000016/jcp-20130202x10k.htm,https://www.sec.gov/Archives/edgar/data/1166126/000116612613000016/jcp-20130202x10k.htm
2012-10-27,JCP,2012-12-04 00:00:00,2012-12-04 16:51:18,Q3,-123000000.0,133000000,-27000000.0,12000000.0,99000000.0,0.0,-369000000.0,393000000.0,1856000000.0,-130000000.0,-48000000.0,-341000000.0,0.0,0.0,0.0,277000000.0,-62000000.0,-226000000.0,0.0,1000000.0,0.0,-390000000.0,-253000000.0,0.0,-363000000.0,-192000000,171000000.0,-48000000.0,-341000000.0,-389000000.0,https://www.sec.gov/Archives/edgar/data/1166126/000116612612000084/0001166126-12-000084-index.html,https://www.sec.gov/Archives/edgar/data/1166126/000116612612000084/jcp-20121027x10q.htm
2012-07-28,JCP,2012-09-04 00:00:00,2012-09-04 17:27:34,Q2,-147000000.0,128000000,-218000000.0,14000000.0,283000000.0,0.0,91000000.0,31000000.0,2252000000.0,-76000000.0,-30000000.0,-132000000.0,0.0,0.0,0.0,248000000.0,114000000.0,-2000000.0,0.0,1000000.0,-43000000.0,59000000.0,-35000000.0,0.0,49000000.0,233000000,184000000.0,-30000000.0,-132000000.0,-162000000.0,https://www.sec.gov/Archives/edgar/data/1166126/000116612612000077/0001166126-12-000077-index.html,https://www.sec.gov/Archives/edgar/data/1166126/000116612612000077/jcp-20120728x10q.htm
2012-04-28,JCP,2012-06-06,2012-06-05 17:40:15,Q1,-163000000.0,125000000,21000000.0,12000000.0,-612000000.0,0.0,-168000000.0,-38000000.0,2245000000.0,52000000.0,-577000000.0,-107000000.0,0.0,0.0,0.0,-9000000.0,-116000000.0,-2000000.0,0.0,68000000.0,-43000000.0,909000000.0,25000000.0,0.0,-668000000.0,-493000000,175000000.0,-577000000.0,-107000000.0,-684000000.0,https://www.sec.gov/Archives/edgar/data/1166126/000116612612000051/jcp-20120428x10q.htm,https://www.sec.gov/Archives/edgar/data/1166126/000116612612000051/jcp-20120428x10q.htm
2012-01-28,JCP,2012-03-28,2012-03-27 19:58:29,Q4,-87000000.0,135000000,-57000000.0,13000000.0,835000000.0,0.0,1460000000.0,-809000000.0,2325000000.0,127000000.0,953000000.0,-165000000.0,0.0,-36000000.0,0.0,-254000000.0,-455000000.0,-5000000.0,0.0,6000000.0,-43000000.0,-28000000.0,-76000000.0,0.0,422000000.0,627000000,205000000.0,953000000.0,-165000000.0,788000000.0,https://www.sec.gov/Archives/edgar/data/1166126/000119312512135077/d298119d10k.htm,https://www.sec.gov/Archives/edgar/data/1166126/000119312512135077/d298119d10k.htm
2011-10-29,JCP,2011-12-07 00:00:00,2011-12-07 16:11:46,Q3,-143000000.0,127000000,-60000000.0,7000000.0,-494000000.0,0.0,-804000000.0,445000000.0,2644000000.0,264000000.0,-306000000.0,-174000000.0,0.0,0.0,0.0,54000000.0,-120000000.0,15000000.0,0.0,1000000.0,-43000000.0,2000000.0,-41000000.0,0.0,-466000000.0,-222000000,244000000.0,-306000000.0,-174000000.0,-480000000.0,https://www.sec.gov/Archives/edgar/data/1166126/000116612611000069/0001166126-11-000069-index.html,https://www.sec.gov/Archives/edgar/data/1166126/000116612611000069/jcpenney10q3rd2011.htm
2011-07-30,JCP,2011-09-07 00:00:00,2011-09-07 16:38:44,Q2,14000000.0,128000000,-12000000.0,13000000.0,-40000000.0,0.0,-164000000.0,112000000.0,2884000000.0,31000000.0,121000000.0,-178000000.0,0.0,-167000000.0,0.0,167000000.0,-178000000.0,81000000.0,0.0,-114000000.0,-45000000.0,54000000.0,-158000000.0,0.0,-216000000.0,30000000,246000000.0,121000000.0,-178000000.0,-57000000.0,https://www.sec.gov/Archives/edgar/data/1166126/000116612611000055/0001166126-11-000055-index.html,https://www.sec.gov/Archives/edgar/data/1166126/000116612611000055/jcpenney10q2nd2011.htm
2011-04-30,JCP,2011-06-08 00:00:00,2011-06-08 11:48:21,Q1,64000000.0,128000000,-24000000.0,13000000.0,-160000000.0,0.0,-195000000.0,141000000.0,2963000000.0,44000000.0,52000000.0,-117000000.0,0.0,-733000000.0,0.0,733000000.0,-117000000.0,-15000000.0,0.0,-725000000.0,-47000000.0,5000000.0,-790000000.0,0.0,-855000000.0,-686000000,169000000.0,52000000.0,-117000000.0,-65000000.0,https://www.sec.gov/Archives/edgar/data/1166126/000116612611000036/0001166126-11-000036-index.html,https://www.sec.gov/Archives/edgar/data/1166126/000116612611000036/jcpenney10qfirst2011.htm
2011-01-29,JCP,2011-03-29,2011-03-29 17:04:09,Q4,271000000.0,132000000,47000000.0,17000000.0,591000000.0,0.0,1054000000.0,-633000000.0,3723000000.0,69000000.0,1110000000.0,-119000000.0,0.0,0.0,0.0,10000000.0,-109000000.0,0.0,0.0,1000000.0,-47000000.0,958000000.0,-45000000.0,0.0,956000000.0,1155000000,199000000.0,1110000000.0,-119000000.0,991000000.0,https://www.sec.gov/Archives/edgar/data/1166126/000119312511081412/d10k.htm,https://www.sec.gov/Archives/edgar/data/1166126/000119312511081412/d10k.htm
2010-10-30,JCP,2010-12-08 00:00:00,2010-12-08 16:44:48,Q3,44000000.0,128000000,-38000000.0,10000000.0,-334000000.0,0.0,-777000000.0,356000000.0,3394000000.0,61000000.0,-139000000.0,-151000000.0,0.0,0.0,0.0,0.0,-151000000.0,0.0,0.0,2000000.0,-48000000.0,-336000000.0,-47000000.0,0.0,-337000000.0,-111000000,226000000.0,-139000000.0,-151000000.0,-290000000.0,https://www.sec.gov/Archives/edgar/data/1166126/000116612610000055/0001166126-10-000055-index.html,https://www.sec.gov/Archives/edgar/data/1166126/000116612610000055/jcpenney10q3rd2010.htm
2010-07-31,JCP,2010-09-08 00:00:00,2010-09-08 17:01:10,Q2,14000000.0,126000000,120000000.0,14000000.0,-226000000.0,0.0,-276000000.0,107000000.0,3365000000.0,-328000000.0,-294000000.0,-113000000.0,0.0,0.0,0.0,0.0,-113000000.0,-300000000.0,0.0,1000000.0,-47000000.0,4000000.0,32000000.0,0.0,-375000000.0,-155000000,220000000.0,-294000000.0,-113000000.0,-407000000.0,https://www.sec.gov/Archives/edgar/data/1166126/000116612610000040/0001166126-10-000040-index.html,https://www.sec.gov/Archives/edgar/data/1166126/000116612610000040/jcpenney10q2nd2010.htm
2010-05-01,JCP,2010-06-09 00:00:00,2010-06-09 16:22:09,Q1,60000000.0,125000000,-3000000.0,12000000.0,-334000000.0,0.0,-190000000.0,77000000.0,3495000000.0,67000000.0,-85000000.0,-116000000.0,0.0,0.0,0.0,4000000.0,-112000000.0,-393000000.0,0.0,4000000.0,-47000000.0,2382000000.0,-436000000.0,0.0,-633000000.0,-470000000,163000000.0,-85000000.0,-116000000.0,-201000000.0,https://www.sec.gov/Archives/edgar/data/1166126/000116612610000028/0001166126-10-000028-index.html,https://www.sec.gov/Archives/edgar/data/1166126/000116612610000028/jcpenney10q1st2010.htm
2010-01-30,JCP,2010-03-30,2010-03-30 16:21:58,Q4,200000000.0,131000000,-40000000.0,16078000.0,734000000.0,30680000.0,994000000.0,32770000.0,3403000000.0,80000000.0,1105000000.0,-529412000.0,415343000.0,20803000.0,0.0,11539000.0,-176000000.0,-107900000.0,0.0,1000000.0,-47000000.0,-557131000.0,-47000000.0,0.0,882000000.0,1099000000,217000000.0,1105000000.0,-176000000.0,929000000.0,https://www.sec.gov/Archives/edgar/data/1166126/000119312510071527/d10k.htm,https://www.sec.gov/Archives/edgar/data/1166126/000119312510071527/d10k.htm
2009-10-31,JCP,2009-12-09 00:00:00,2009-12-09 17:11:21,Q3,27000000.0,123000000,27000000.0,9000000.0,-305000000.0,0.0,-760000000.0,492000000.0,3247000000.0,98000000.0,-30000000.0,0.0,0.0,0.0,0.0,0.0,-108000000.0,0.0,0.0,2000000.0,-47000000.0,0.0,-45000000.0,0.0,-183000000.0,68000000,251000000.0,-30000000.0,-120000000.0,-150000000.0,https://www.sec.gov/Archives/edgar/data/1166126/000116612609000060/0001166126-09-000060-index.html,https://www.sec.gov/Archives/edgar/data/1166126/000116612609000060/jcpenney10q3rd2009.htm
2009-08-01,JCP,2009-09-09 00:00:00,2009-09-09 16:40:08,Q2,-1000000.0,121000000,92000000.0,10000000.0,136000000.0,0.0,-21000000.0,108000000.0,3099000000.0,88000000.0,436000000.0,0.0,0.0,0.0,0.0,0.0,-148000000.0,-113000000.0,0.0,1000000.0,0.0,0.0,-114000000.0,0.0,174000000.0,394000000,220000000.0,436000000.0,-148000000.0,288000000.0,https://www.sec.gov/Archives/edgar/data/1166126/000116612609000048/0001166126-09-000048-index.html,https://www.sec.gov/Archives/edgar/data/1166126/000116612609000048/jcpenney10q2ndquater2009.htm
2009-05-02,JCP,2009-06-10 00:00:00,2009-06-10 16:35:14,Q1,25000000.0,120000000,-1000000.0,10000000.0,-176000000.0,0.0,22000000.0,0.0,2981000000.0,95000000.0,63000000.0,0.0,0.0,0.0,0.0,0.0,-156000000.0,0.0,0.0,0.0,-89000000.0,0.0,-121000000.0,0.0,-214000000.0,-47000000,167000000.0,63000000.0,-156000000.0,-93000000.0,https://www.sec.gov/Archives/edgar/data/1166126/000116612609000037/0001166126-09-000037-index.html,https://www.sec.gov/Archives/edgar/data/1166126/000116612609000037/jcpenney10qfirst2009.htm
2009-01-31,JCP,2009-03-31,2009-03-31 16:40:00,Q4,211000000.0,126000000,59000000.0,11000000.0,693000000.0,0.0,1212000000.0,0.0,3426000000.0,-86000000.0,1003000000.0,0.0,0.0,0.0,0.0,0.0,-231000000.0,0.0,0.0,0.0,-44000000.0,0.0,-44000000.0,0.0,728000000.0,2352000000,1624000000.0,1003000000.0,-231000000.0,772000000.0,https://www.sec.gov/Archives/edgar/data/1166126/000119312509069467/d10k.htm,https://www.sec.gov/Archives/edgar/data/1166126/000119312509069467/d10k.htm
2008-11-01,JCP,2008-12-10 00:00:00,2008-12-10 16:20:20,Q3,124000000.0,118000000,74000000.0,12000000.0,-477000000.0,46000000.0,-778000000.0,0.0,3341000000.0,-28000000.0,-189000000.0,0.0,0.0,0.0,0.0,0.0,-229000000.0,-201000000.0,0.0,0.0,0.0,0.0,-201000000.0,0.0,-619000000.0,1624000000,2243000000.0,-189000000.0,-242000000.0,-431000000.0,https://www.sec.gov/Archives/edgar/data/1166126/000116612608000044/0001166126-08-000044-index.html,https://www.sec.gov/Archives/edgar/data/1166126/000116612608000044/jcpenney10q3rd2008.htm
2008-08-02,JCP,2008-09-10 00:00:00,2008-09-10 16:23:09,Q2,117000000.0,115000000,-8000000.0,12000000.0,256000000.0,-21000000.0,1000000.0,0.0,3372000000.0,-6000000.0,474000000.0,0.0,0.0,0.0,0.0,0.0,-228000000.0,-1000000.0,0.0,1000000.0,-47000000.0,0.0,-47000000.0,0.0,199000000.0,2243000000,2044000000.0,474000000.0,-227000000.0,247000000.0,https://www.sec.gov/Archives/edgar/data/1166126/000116612608000033/0001166126-08-000033-index.html,https://www.sec.gov/Archives/edgar/data/1166126/000116612608000033/jcpenney10q2nd08.htm
2008-05-03,JCP,2008-06-10 00:00:00,2008-06-10 17:28:05,Q1,120000000.0,110000000,42000000.0,12000000.0,-391000000.0,-25000000.0,-53000000.0,0.0,3406000000.0,-12000000.0,-131000000.0,0.0,0.0,0.0,0.0,0.0,-269000000.0,-1000000.0,0.0,3000000.0,-87000000.0,0.0,-88000000.0,0.0,-488000000.0,1995000000,2483000000.0,-131000000.0,-269000000.0,-400000000.0,https://www.sec.gov/Archives/edgar/data/1166126/000116612608000025/0001166126-08-000025-index.html,https://www.sec.gov/Archives/edgar/data/1166126/000116612608000025/jcpenney10qfirstquarter08.htm
2008-02-02,JCP,2008-04-01,2008-04-01 16:37:42,Q4,430000000.0,116000000,34000000.0,9000000.0,623000000.0,114000000.0,1093000000.0,0.0,3413000000.0,-103000000.0,1100000000.0,0.0,0.0,0.0,0.0,0.0,-286000000.0,-111000000.0,0.0,1000000.0,-1000000.0,0.0,-109000000.0,0.0,705000000.0,2472000000,1767000000.0,1100000000.0,-304000000.0,796000000.0,https://www.sec.gov/Archives/edgar/data/1166126/000119312508072384/d10k.htm,https://www.sec.gov/Archives/edgar/data/1166126/000119312508072384/d10k.htm
2007-11-03,JCP,2007-12-12 00:00:00,2007-12-12 12:30:36,Q3,261000000.0,110000000,-10000000.0,8000000.0,-391000000.0,-44000000.0,-1084000000.0,0.0,3277000000.0,0.0,-30000000.0,0.0,0.0,0.0,0.0,0.0,-341000000.0,-2000000.0,0.0,3000000.0,-43000000.0,0.0,-38000000.0,0.0,-409000000.0,-263000000,146000000.0,-30000000.0,-341000000.0,-371000000.0,https://www.sec.gov/Archives/edgar/data/1166126/000116612607000044/0001166126-07-000044-index.html,https://www.sec.gov/Archives/edgar/data/1166126/000116612607000044/jcpenney10qthirdquarter2007.htm
2007-08-04,JCP,2007-09-12 00:00:00,2007-09-12 17:18:46,Q2,182000000.0,100000000,-15000000.0,14000000.0,-42000000.0,-36000000.0,-152000000.0,0.0,3451000000.0,-10000000.0,215000000.0,0.0,0.0,0.0,0.0,0.0,-369000000.0,-305000000.0,0.0,-385000000.0,-44000000.0,0.0,-734000000.0,0.0,-888000000.0,-764000000,124000000.0,215000000.0,-354000000.0,-139000000.0,https://www.sec.gov/Archives/edgar/data/1166126/000116612607000037/0001166126-07-000037-index.html,https://www.sec.gov/Archives/edgar/data/1166126/000116612607000037/jcpenney2ndquarter10q.htm
2007-06-13,JCP,2007-06-14,2007-06-13 17:49:32,Q1,238000000.0,100000000,28000000.0,14000000.0,838000000.0,-25000000.0,-98000000.0,0.0,3994000000.0,0.0,-29000000.0,0.0,0.0,0.0,0.0,0.0,-244000000.0,-328000000.0,0.0,0.0,-86000000.0,0.0,595000000.0,0.0,321000000.0,3068000000,2747000000.0,-29000000.0,0.0,-29000000.0,https://www.sec.gov/Archives/edgar/data/1166126/000116612607000028/0001166126-07-000028-index.htm,https://www.sec.gov/Archives/edgar/data/1166126/000116612607000028/jcpenney10q1stjune132007.htm
2007-05-05,JCP,2007-06-14 00:00:00,2007-06-13 17:49:32,Q1,238000000.0,100000000,28000000.0,0.0,-401000000.0,-238000000.0,-97000000.0,-131000000.0,0.0,7000000.0,-28000000.0,0.0,0.0,0.0,0.0,0.0,-246000000.0,0.0,0.0,26000000.0,-86000000.0,0.0,595000000.0,0.0,321000000.0,440000000,119000000.0,-28000000.0,-244000000.0,-272000000.0,https://www.sec.gov/Archives/edgar/data/1166126/000116612607000028/0001166126-07-000028-index.html,https://www.sec.gov/Archives/edgar/data/1166126/000116612607000028/jcpenney10q1stjune132007.htm
2007-02-03,JCP,2007-04-04,2007-04-04 15:41:57,Q4,477000000.0,115000000,-8000000.0,23000000.0,792000000.0,56000000.0,876000000.0,0.0,3156000000.0,-389000000.0,987000000.0,0.0,0.0,0.0,0.0,0.0,-201000000.0,-9000000.0,0.0,135000000.0,-40000000.0,0.0,-15000000.0,0.0,771000000.0,849000000,78000000.0,987000000.0,-212000000.0,775000000.0,https://www.sec.gov/Archives/edgar/data/1166126/000095013407007548/d44721e10vk.htm,https://www.sec.gov/Archives/edgar/data/1166126/000095013407007548/d44721e10vk.htm
2006-10-28,JCP,2006-12-06,2006-12-06 16:01:24,Q3,287000000.0,98000000,-13000000.0,-1000000.0,-328000000.0,17000000.0,-999000000.0,0.0,3267000000.0,48000000.0,92000000.0,0.0,0.0,0.0,0.0,0.0,-237000000.0,462000000.0,0.0,-312000000.0,-42000000.0,0.0,-253000000.0,0.0,-398000000.0,-321000000,77000000.0,92000000.0,-237000000.0,-145000000.0,https://www.sec.gov/Archives/edgar/data/1166126/000116612606000126/jcpenney10qthird2006.htm,https://www.sec.gov/Archives/edgar/data/1166126/000116612606000126/jcpenney10qthird2006.htm
2006-07-29,JCP,,,Q2,179000000.0,88000000,-17000000.0,0.0,31000000.0,-61000000.0,-106000000.0,-191000000.0,0.0,31000000.0,312000000.0,0.0,0.0,0.0,0.0,0.0,-224000000.0,0.0,0.0,-492000000.0,-42000000.0,0.0,-505000000.0,0.0,-417000000.0,-294000000,123000000.0,312000000.0,-197000000.0,115000000.0,,
2006-04-29,JCP,,,Q1,210000000.0,88000000,32000000.0,0.0,-468000000.0,1000000.0,-145000000.0,-48000000.0,0.0,13000000.0,-125000000.0,0.0,0.0,0.0,0.0,0.0,-122000000.0,0.0,0.0,54000000.0,-29000000.0,0.0,22000000.0,0.0,-225000000.0,-181000000,44000000.0,-125000000.0,-126000000.0,-251000000.0,,
2006-01-28,JCP,2006-04-06,2006-04-06 15:47:31,Q4,551000000.0,101000000,-23000000.0,15000000.0,633000000.0,-10000000.0,-54000000.0,0.0,3940000000.0,-58000000.0,1204000000.0,0.0,0.0,0.0,0.0,0.0,-141000000.0,382000000.0,0.0,-54000000.0,-30000000.0,0.0,-91000000.0,0.0,972000000.0,2947000000,1975000000.0,1204000000.0,-140000000.0,1064000000.0,https://www.sec.gov/Archives/edgar/data/1166126/000119312506074761/d10k.htm,https://www.sec.gov/Archives/edgar/data/1166126/000119312506074761/d10k.htm
2005-10-29,JCP,,,Q3,234000000.0,96000000,-40000000.0,0.0,-360000000.0,-67000000.0,-788000000.0,-331000000.0,0.0,58000000.0,-12000000.0,0.0,0.0,0.0,0.0,0.0,-163000000.0,0.0,0.0,-1136000000.0,-32000000.0,0.0,-1166000000.0,0.0,-1341000000.0,-1269000000,72000000.0,-12000000.0,-162000000.0,-174000000.0,,
2005-07-30,JCP,,,Q2,131000000.0,88000000,45000000.0,0.0,-86000000.0,62000000.0,-187000000.0,0.0,0.0,107000000.0,285000000.0,0.0,0.0,0.0,0.0,0.0,-27000000.0,0.0,0.0,-657000000.0,-34000000.0,0.0,-988000000.0,0.0,-730000000.0,3385000000,4115000000.0,285000000.0,-136000000.0,149000000.0,,
2005-04-30,JCP,,,Q1,172000000.0,87000000,33000000.0,0.0,-286000000.0,0.0,-116000000.0,0.0,0.0,-64000000.0,-58000000.0,0.0,0.0,0.0,0.0,0.0,-77000000.0,0.0,0.0,-243000000.0,-35000000.0,0.0,-399000000.0,0.0,-534000000.0,4052000000,4586000000.0,-58000000.0,-97000000.0,-155000000.0,,
2005-01-29,JCP,2005-04-08,2005-04-08 09:35:45,Q4,191000000.0,102000000,-70000000.0,14000000.0,884000000.0,-37000000.0,87000000.0,-94000000.0,4980000000.0,206000000.0,1313000000.0,0.0,0.0,0.0,0.0,0.0,-347000000.0,-406000000.0,0.0,-804000000.0,-34000000.0,0.0,-858000000.0,0.0,108000000.0,4585000000,4477000000.0,1313000000.0,-90000000.0,1223000000.0,https://www.sec.gov/Archives/edgar/data/1166126/000095013405007107/d23808e10vk.htm,https://www.sec.gov/Archives/edgar/data/1166126/000095013405007107/d23808e10vk.htm
2004-10-30,JCP,2004-12-07 00:00:00,2004-12-07 13:00:25,Q3,148000000.0,89000000,37000000.0,0.0,-374000000.0,5000000.0,-799000000.0,-390000000.0,0.0,-948000000.0,-1048000000.0,0.0,0.0,0.0,0.0,0.0,-129000000.0,0.0,0.0,-1018000000.0,-35000000.0,0.0,-1665000000.0,0.0,-2842000000.0,4453000000,7295000000.0,-1048000000.0,-129000000.0,-1177000000.0,https://www.sec.gov/Archives/edgar/data/1166126/000116612604000113/0001166126-04-000113-index.html,https://www.sec.gov/Archives/edgar/data/1166126/000116612604000113/jcp10q3rdquarter.txt
2004-07-31,JCP,2004-09-08 00:00:00,2004-09-08 13:31:31,Q2,67000000.0,81000000,25000000.0,0.0,53000000.0,93000000.0,-70000000.0,0.0,0.0,-141000000.0,85000000.0,0.0,0.0,0.0,0.0,0.0,4560000000.0,0.0,0.0,39000000.0,-47000000.0,0.0,-259000000.0,0.0,4386000000.0,7413000000,3027000000.0,85000000.0,-115000000.0,-30000000.0,https://www.sec.gov/Archives/edgar/data/1166126/000116612604000081/0001166126-04-000081-index.html,https://www.sec.gov/Archives/edgar/data/1166126/000116612604000081/penney10q9804.txt
2004-05-01,JCP,,,Q1,118000000.0,87000000,9000000.0,0.0,-248000000.0,-10000000.0,-182000000.0,0.0,0.0,3000000.0,-31000000.0,0.0,0.0,0.0,0.0,0.0,-45000000.0,0.0,0.0,130000000.0,-34000000.0,0.0,109000000.0,0.0,33000000.0,3027000000,2994000000.0,-31000000.0,-64000000.0,-95000000.0,,
2004-01-31,JCP,,,Q4,-1039000000.0,95000000,-152000000.0,0.0,1092000000.0,184000000.0,1038000000.0,389000000.0,0.0,1902000000.0,1898000000.0,0.0,0.0,0.0,0.0,0.0,-521000000.0,0.0,0.0,25000000.0,-46000000.0,0.0,-314000000.0,0.0,1063000000.0,2984000000,1921000000.0,1898000000.0,-116000000.0,1782000000.0,,
2003-10-25,JCP,2003-12-08 00:00:00,2003-12-08 16:47:05,Q3,94000000.0,92000000,208000000.0,0.0,-417000000.0,-150000000.0,-851000000.0,-508000000.0,0.0,-411000000.0,-434000000.0,0.0,0.0,0.0,0.0,0.0,-72000000.0,0.0,0.0,9000000.0,-34000000.0,0.0,-190000000.0,0.0,-696000000.0,1921000000,2617000000.0,-434000000.0,-93000000.0,-527000000.0,https://www.sec.gov/Archives/edgar/data/1166126/000116612603000029/0001166126-03-000029-index.html,https://www.sec.gov/Archives/edgar/data/1166126/000116612603000029/jcpcompany10q3rd.txt
2003-07-26,JCP,2003-09-08 00:00:00,2003-09-08 13:38:30,Q2,-3000000.0,98000000,5000000.0,0.0,-27000000.0,28000000.0,-17000000.0,0.0,0.0,30000000.0,103000000.0,0.0,0.0,0.0,0.0,0.0,-38000000.0,0.0,0.0,-2000000.0,-46000000.0,0.0,-77000000.0,0.0,-12000000.0,2617000000,2629000000.0,103000000.0,-83000000.0,20000000.0,https://www.sec.gov/Archives/edgar/data/1166126/000116612603000017/0001166126-03-000017-index.html,https://www.sec.gov/Archives/edgar/data/1166126/000116612603000017/jcpenneyco10q2nd03.txt
2003-04-26,JCP,2003-06-10 00:00:00,2003-06-10 11:07:07,Q1,20000000.0,101000000,75000000.0,0.0,-563000000.0,-71000000.0,-356000000.0,0.0,0.0,-2000000.0,-369000000.0,0.0,0.0,0.0,0.0,0.0,-44000000.0,0.0,0.0,-1000000.0,-34000000.0,0.0,568000000.0,0.0,155000000.0,2629000000,2474000000.0,-369000000.0,-67000000.0,-436000000.0,https://www.sec.gov/Archives/edgar/data/1166126/000116612603000013/0001166126-03-000013-index.html,https://www.sec.gov/Archives/edgar/data/1166126/000116612603000013/jcpcompany10q1st.txt
2003-01-25,JCP,,,Q4,174000000.0,95000000,-12000000.0,0.0,631000000.0,33000000.0,852000000.0,0.0,0.0,-30000000.0,858000000.0,0.0,0.0,0.0,0.0,0.0,-93000000.0,0.0,0.0,3000000.0,-47000000.0,0.0,-39000000.0,0.0,726000000.0,2474000000,1748000000.0,858000000.0,-99000000.0,759000000.0,,
2002-10-26,JCP,2002-12-06 00:00:00,2002-12-06 14:57:56,Q3,69000000.0,89000000,52000000.0,0.0,-427000000.0,-69000000.0,-788000000.0,0.0,0.0,65000000.0,-152000000.0,0.0,0.0,0.0,0.0,0.0,-73000000.0,0.0,0.0,-3000000.0,-34000000.0,0.0,-31000000.0,0.0,-256000000.0,1748000000,2004000000.0,-152000000.0,-87000000.0,-239000000.0,https://www.sec.gov/Archives/edgar/data/1166126/000116612602000076/0001166126-02-000076-index.html,https://www.sec.gov/Archives/edgar/data/1166126/000116612602000076/jcpcompany3rdq10q.txt
2002-07-27,JCP,2002-09-06 00:00:00,2002-09-06 13:12:28,Q2,-20000000.0,94000000,45000000.0,0.0,-129000000.0,26000000.0,-117000000.0,0.0,0.0,83000000.0,73000000.0,0.0,0.0,0.0,0.0,0.0,-73000000.0,0.0,0.0,2000000.0,-47000000.0,0.0,-270000000.0,0.0,-270000000.0,2004000000,2274000000.0,73000000.0,-79000000.0,-6000000.0,https://www.sec.gov/Archives/edgar/data/1166126/000116612602000048/0001166126-02-000048-index.html,https://www.sec.gov/Archives/edgar/data/1166126/000116612602000048/jcpcompany10q2ndq.txt
2002-04-27,JCP,2002-06-11 00:00:00,2002-06-11 13:11:33,Q1,62000000.0,91000000,11000000.0,0.0,-145000000.0,484000000.0,2013000000.0,0.0,0.0,175000000.0,194000000.0,0.0,0.0,0.0,0.0,0.0,-38000000.0,0.0,0.0,-2000000.0,-33000000.0,0.0,-722000000.0,0.0,-566000000.0,2160000000,2726000000.0,194000000.0,-50000000.0,144000000.0,https://www.sec.gov/Archives/edgar/data/1166126/000116612602000015/0001166126-02-000015-index.html,https://www.sec.gov/Archives/edgar/data/1166126/000116612602000015/jcpenneycompany10q.txt
2002-01-26,JCP,,,Q4,163000000.0,-153000000,1000000.0,0.0,636000000.0,126000000.0,1343000000.0,0.0,0.0,211000000.0,858000000.0,0.0,0.0,0.0,0.0,0.0,243000000.0,0.0,0.0,-5000000.0,-47000000.0,0.0,-52000000.0,0.0,1049000000.0,2716000000,1667000000.0,858000000.0,182000000.0,1040000000.0,,
2001-10-27,JCP,,,Q3,31000000.0,160000000,-7000000.0,0.0,-476000000.0,-87000000.0,-860000000.0,0.0,0.0,-19000000.0,-311000000.0,0.0,0.0,0.0,0.0,0.0,-180000000.0,0.0,0.0,1000000.0,-34000000.0,0.0,586000000.0,0.0,95000000.0,1546000000,1451000000.0,-311000000.0,-181000000.0,-492000000.0,,
2001-07-28,JCP,,,Q2,-53000000.0,170000000,25000000.0,0.0,-146000000.0,209000000.0,-41000000.0,0.0,0.0,13000000.0,9000000.0,0.0,0.0,0.0,0.0,0.0,1153000000.0,0.0,0.0,1000000.0,-47000000.0,0.0,-35000000.0,0.0,1128000000.0,1136000000,8000000.0,9000000.0,-152000000.0,-143000000.0,,
2001-04-28,JCP,,,Q1,41000000.0,192000000,-1000000.0,0.0,-119000000.0,-53000000.0,-103000000.0,0.0,0.0,-46000000.0,67000000.0,0.0,0.0,0.0,0.0,0.0,-164000000.0,0.0,0.0,-3000000.0,-33000000.0,0.0,-278000000.0,0.0,-376000000.0,568000000,944000000.0,67000000.0,-164000000.0,-97000000.0,,
2001-01-27,JCP,,,Q4,-323000000.0,191000000,-92000000.0,0.0,1527000000.0,27000000.0,1573000000.0,0.0,0.0,124000000.0,1427000000.0,0.0,0.0,0.0,0.0,0.0,-196000000.0,0.0,0.0,-3000000.0,-49000000.0,0.0,-412000000.0,0.0,819000000.0,944000000,125000000.0,1427000000.0,-228000000.0,1199000000.0,,
2000-10-28,JCP,,,Q3,-70000000.0,152000000,72000000.0,0.0,-323000000.0,-5000000.0,-801000000.0,0.0,0.0,117000000.0,-52000000.0,0.0,0.0,0.0,0.0,0.0,-174000000.0,0.0,0.0,-8000000.0,-75000000.0,0.0,-132000000.0,0.0,-358000000.0,125000000,483000000.0,-52000000.0,-174000000.0,-226000000.0,,
2000-07-29,JCP,,,Q2,-19000000.0,168000000,13000000.0,0.0,-72000000.0,-19000000.0,-145000000.0,0.0,0.0,-67000000.0,23000000.0,0.0,0.0,0.0,0.0,0.0,149000000.0,0.0,0.0,-1000000.0,-96000000.0,0.0,-195000000.0,0.0,-23000000.0,483000000,506000000.0,23000000.0,-131000000.0,-108000000.0,,
2000-04-29,JCP,,,Q1,-156000000.0,184000000,-88000000.0,0.0,-25000000.0,25000000.0,51000000.0,0.0,0.0,283000000.0,198000000.0,0.0,0.0,0.0,0.0,0.0,-127000000.0,0.0,0.0,-7000000.0,-74000000.0,0.0,-720000000.0,0.0,-649000000.0,506000000,1155000000.0,198000000.0,-145000000.0,53000000.0,,
2000-01-29,JCP,,,Q4,-174000000.0,191000000,-44000000.0,0.0,689000000.0,3387000000.0,1052000000.0,0.0,0.0,155000000.0,817000000.0,0.0,0.0,0.0,0.0,0.0,3039000000.0,0.0,0.0,20000000.0,-157000000.0,0.0,-3046000000.0,0.0,810000000.0,1202000000,392000000.0,817000000.0,-250000000.0,567000000.0,,
1999-10-30,JCP,,,Q3,142000000.0,162000000,-7000000.0,0.0,-659000000.0,-269000000.0,-691000000.0,0.0,0.0,0.0,-362000000.0,0.0,0.0,0.0,0.0,0.0,-165000000.0,0.0,0.0,4000000.0,-141000000.0,0.0,542000000.0,0.0,15000000.0,392000000,377000000.0,-362000000.0,-182000000.0,-544000000.0,,
1999-07-31,JCP,,,Q2,39000000.0,174000000,-6000000.0,0.0,-97000000.0,273000000.0,-259000000.0,0.0,0.0,0.0,110000000.0,0.0,0.0,0.0,0.0,0.0,-51000000.0,0.0,0.0,6000000.0,-164000000.0,0.0,150000000.0,0.0,209000000.0,377000000,168000000.0,110000000.0,-144000000.0,-34000000.0,,
1999-05-01,JCP,,,Q1,167000000.0,177000000,49000000.0,0.0,209000000.0,-44000000.0,11000000.0,0.0,0.0,0.0,602000000.0,0.0,0.0,0.0,0.0,0.0,-202000000.0,0.0,0.0,3000000.0,-136000000.0,0.0,-328000000.0,0.0,72000000.0,168000000,96000000.0,602000000.0,-146000000.0,456000000.0,,
1999-01-30,JCP,,,Q4,51000000.0,174000000,108000000.0,0.0,402000000.0,-695000000.0,957000000.0,0.0,0.0,-63000000.0,672000000.0,0.0,0.0,0.0,0.0,0.0,-323000000.0,0.0,0.0,-249000000.0,-156000000.0,0.0,-783000000.0,0.0,-434000000.0,118000000,552000000.0,672000000.0,-268000000.0,404000000.0,,
1998-10-31,JCP,,,Q3,186000000.0,145000000,32000000.0,0.0,-520000000.0,-215000000.0,-773000000.0,0.0,0.0,0.0,-157000000.0,0.0,0.0,0.0,0.0,0.0,-247000000.0,0.0,0.0,1000000.0,-139000000.0,0.0,817000000.0,0.0,413000000.0,552000000,139000000.0,-157000000.0,-196000000.0,-353000000.0,,
1998-08-01,JCP,,,Q2,27000000.0,147000000,4000000.0,0.0,-67000000.0,119000000.0,-323000000.0,0.0,0.0,0.0,111000000.0,0.0,0.0,0.0,0.0,0.0,-223000000.0,0.0,0.0,17000000.0,-31000000.0,0.0,-1000000.0,0.0,-113000000.0,139000000,252000000.0,111000000.0,-152000000.0,-41000000.0,,
1998-05-02,JCP,,,Q1,174000000.0,167000000,34000000.0,0.0,-116000000.0,342000000.0,241000000.0,0.0,0.0,0.0,259000000.0,0.0,0.0,0.0,0.0,0.0,-167000000.0,0.0,0.0,50000000.0,-260000000.0,0.0,-127000000.0,0.0,-35000000.0,252000000,287000000.0,259000000.0,-160000000.0,99000000.0,,
1998-01-31,JCP,,,Q4,224000000.0,174000000,-176000000.0,0.0,965000000.0,-67000000.0,1087000000.0,0.0,0.0,371000000.0,1558000000.0,0.0,0.0,0.0,0.0,0.0,-517000000.0,0.0,0.0,30000000.0,-154000000.0,0.0,-962000000.0,0.0,79000000.0,287000000,208000000.0,1558000000.0,-243000000.0,1315000000.0,,
1997-10-25,JCP,,,Q3,113000000.0,143000000,7000000.0,0.0,-724000000.0,-297000000.0,-1025000000.0,0.0,0.0,-52000000.0,-513000000.0,0.0,0.0,0.0,0.0,0.0,-595000000.0,0.0,0.0,19000000.0,-133000000.0,0.0,613000000.0,0.0,-495000000.0,208000000,703000000.0,-513000000.0,-94000000.0,-607000000.0,,
1997-07-26,JCP,,,Q2,90000000.0,118000000,42000000.0,0.0,-299000000.0,125000000.0,-394000000.0,0.0,0.0,0.0,-49000000.0,0.0,0.0,0.0,0.0,0.0,-257000000.0,0.0,0.0,19000000.0,-153000000.0,0.0,-1544000000.0,0.0,-1850000000.0,703000000,2553000000.0,-49000000.0,-292000000.0,-341000000.0,,
1997-04-26,JCP,,,Q1,139000000.0,149000000,128000000.0,0.0,-194000000.0,1066000000.0,-108000000.0,0.0,0.0,0.0,222000000.0,0.0,0.0,0.0,0.0,0.0,672000000.0,0.0,0.0,11000000.0,-118000000.0,0.0,1528000000.0,0.0,2422000000.0,2553000000,131000000.0,222000000.0,-195000000.0,27000000.0,,
1997-01-25,JCP,,,Q4,94000000.0,18000000,-81000000.0,0.0,133000000.0,341000000.0,26000000.0,0.0,0.0,310000000.0,474000000.0,0.0,0.0,0.0,0.0,0.0,-1760000000.0,0.0,0.0,-360000000.0,-139000000.0,0.0,1237000000.0,0.0,-49000000.0,131000000,180000000.0,474000000.0,-112000000.0,362000000.0,,
1996-10-26,JCP,,,Q3,236000000.0,190000000,17000000.0,0.0,-760000000.0,-424000000.0,-1111000000.0,0.0,0.0,0.0,-317000000.0,0.0,0.0,0.0,0.0,0.0,-365000000.0,0.0,0.0,7000000.0,-115000000.0,0.0,623000000.0,0.0,-59000000.0,180000000,239000000.0,-317000000.0,-297000000.0,-614000000.0,,
1996-07-27,JCP,,,Q2,93000000.0,91000000,-2000000.0,0.0,-301000000.0,193000000.0,-645000000.0,0.0,0.0,0.0,-119000000.0,0.0,0.0,0.0,0.0,0.0,-176000000.0,0.0,0.0,6000000.0,-138000000.0,0.0,389000000.0,0.0,94000000.0,239000000,145000000.0,-119000000.0,-172000000.0,-291000000.0,,
1996-04-27,JCP,,,Q1,142000000.0,82000000,48000000.0,0.0,72000000.0,451000000.0,-57000000.0,0.0,0.0,0.0,344000000.0,0.0,0.0,0.0,0.0,0.0,-157000000.0,0.0,0.0,14000000.0,-105000000.0,0.0,-215000000.0,0.0,-28000000.0,145000000,173000000.0,344000000.0,-123000000.0,221000000.0,,
1996-01-27,JCP,,,Q4,326000000.0,102000000,52000000.0,0.0,568000000.0,-470000000.0,1170000000.0,0.0,0.0,0.0,1048000000.0,0.0,0.0,0.0,0.0,0.0,-215000000.0,0.0,0.0,-22000000.0,-130000000.0,0.0,-981000000.0,0.0,-148000000.0,173000000,321000000.0,1048000000.0,-189000000.0,859000000.0,,
1995-10-28,JCP,,,Q3,240000000.0,78000000,3000000.0,0.0,-381000000.0,-311000000.0,-707000000.0,0.0,0.0,0.0,-60000000.0,0.0,0.0,0.0,0.0,0.0,-257000000.0,0.0,0.0,-182000000.0,-109000000.0,0.0,378000000.0,0.0,61000000.0,321000000,260000000.0,-60000000.0,-293000000.0,-353000000.0,,
1995-07-29,JCP,,,Q2,116000000.0,22000000,89000000.0,0.0,-261000000.0,242000000.0,-404000000.0,0.0,0.0,0.0,-34000000.0,0.0,0.0,0.0,0.0,0.0,-155000000.0,0.0,0.0,-98000000.0,-129000000.0,0.0,194000000.0,0.0,5000000.0,260000000,255000000.0,-34000000.0,-126000000.0,-160000000.0,,
1995-04-29,JCP,,,Q1,156000000.0,143000000,0.0,0.0,150000000.0,491000000.0,-118000000.0,0.0,0.0,0.0,449000000.0,0.0,0.0,0.0,0.0,0.0,-253000000.0,0.0,0.0,-10000000.0,-95000000.0,0.0,-202000000.0,0.0,-6000000.0,255000000,261000000.0,449000000.0,-109000000.0,340000000.0,,
1995-01-28,JCP,,,Q4,428000000.0,109000000,29000000.0,0.0,82000000.0,-541000000.0,957000000.0,0.0,0.0,0.0,648000000.0,0.0,0.0,0.0,0.0,0.0,-209000000.0,0.0,0.0,-210000000.0,-121000000.0,0.0,-492000000.0,0.0,-53000000.0,261000000,314000000.0,648000000.0,-185000000.0,463000000.0,,
1994-10-29,JCP,,,Q3,274000000.0,78000000,-5000000.0,0.0,-519000000.0,-555000000.0,-670000000.0,0.0,0.0,0.0,-172000000.0,0.0,0.0,0.0,0.0,0.0,-157000000.0,0.0,0.0,-67000000.0,-98000000.0,0.0,151000000.0,0.0,-178000000.0,314000000,492000000.0,-172000000.0,-154000000.0,-326000000.0,,
1994-07-30,JCP,,,Q2,132000000.0,73000000,2000000.0,0.0,-416000000.0,336000000.0,-590000000.0,0.0,0.0,0.0,-209000000.0,0.0,0.0,0.0,0.0,0.0,-165000000.0,0.0,0.0,-114000000.0,-119000000.0,0.0,495000000.0,0.0,121000000.0,492000000,371000000.0,-209000000.0,-105000000.0,-314000000.0,,
1994-04-30,JCP,,,Q1,223000000.0,68000000,3000000.0,0.0,177000000.0,280000000.0,-28000000.0,0.0,0.0,0.0,471000000.0,0.0,0.0,0.0,0.0,0.0,-208000000.0,0.0,0.0,-57000000.0,-83000000.0,0.0,-65000000.0,0.0,198000000.0,371000000,173000000.0,471000000.0,-106000000.0,365000000.0,,
1994-01-29,JCP,,,Q4,437000000.0,109000000,134000000.0,0.0,-648000000.0,-1833000000.0,872000000.0,0.0,0.0,344000000.0,376000000.0,0.0,0.0,0.0,0.0,0.0,-185000000.0,0.0,0.0,5000000.0,-106000000.0,0.0,-383000000.0,0.0,-192000000.0,123000000,315000000.0,376000000.0,-168000000.0,208000000.0,,
1993-10-30,JCP,,,Q3,185000000.0,88000000,24000000.0,0.0,-492000000.0,548000000.0,-768000000.0,0.0,0.0,-47000000.0,-242000000.0,0.0,0.0,0.0,0.0,0.0,-185000000.0,0.0,0.0,2000000.0,-85000000.0,0.0,508000000.0,0.0,81000000.0,365000000,284000000.0,-242000000.0,-113000000.0,-355000000.0,,
1993-07-31,JCP,,,Q2,112000000.0,82000000,-31000000.0,0.0,-155000000.0,93000000.0,-379000000.0,0.0,0.0,-259000000.0,-251000000.0,0.0,0.0,0.0,0.0,0.0,-144000000.0,0.0,0.0,6000000.0,-104000000.0,0.0,58000000.0,0.0,-337000000.0,284000000,621000000.0,-251000000.0,-109000000.0,-360000000.0,,
1993-05-01,JCP,,,Q1,206000000.0,85000000,-27000000.0,0.0,173000000.0,263000000.0,-12000000.0,0.0,0.0,-34000000.0,403000000.0,0.0,0.0,0.0,0.0,0.0,-114000000.0,0.0,0.0,6000000.0,-76000000.0,0.0,-94000000.0,0.0,195000000.0,621000000,426000000.0,403000000.0,-90000000.0,313000000.0,,
1993-01-30,JCP,,,Q4,375000000.0,103000000,62000000.0,0.0,389000000.0,-1266000000.0,671000000.0,0.0,0.0,0.0,929000000.0,0.0,0.0,0.0,0.0,0.0,-266000000.0,0.0,0.0,8000000.0,-95000000.0,0.0,-696000000.0,0.0,-33000000.0,400000000,433000000.0,929000000.0,-136000000.0,793000000.0,,
1992-10-24,JCP,,,Q3,186000000.0,87000000,-18000000.0,0.0,-263000000.0,-81000000.0,-601000000.0,0.0,0.0,0.0,-8000000.0,0.0,0.0,0.0,0.0,0.0,-128000000.0,0.0,0.0,5000000.0,-77000000.0,0.0,177000000.0,0.0,41000000.0,433000000,392000000.0,-8000000.0,-128000000.0,-136000000.0,,
1992-07-25,JCP,,,Q2,80000000.0,91000000,19000000.0,0.0,-59000000.0,396000000.0,-302000000.0,0.0,0.0,0.0,131000000.0,0.0,0.0,0.0,0.0,0.0,-125000000.0,0.0,0.0,5000000.0,-94000000.0,0.0,-205000000.0,0.0,-199000000.0,392000000,591000000.0,131000000.0,-105000000.0,26000000.0,,
1992-04-25,JCP,,,Q1,136000000.0,87000000,-15000000.0,0.0,314000000.0,1332000000.0,-129000000.0,0.0,0.0,0.0,522000000.0,0.0,0.0,0.0,0.0,0.0,-484000000.0,0.0,0.0,3000000.0,-76000000.0,0.0,442000000.0,0.0,480000000.0,617000000,137000000.0,522000000.0,-85000000.0,437000000.0,,
1992-01-25,JCP,,,Q4,37000000.0,112000000,-53000000.0,0.0,46000000.0,-1357000000.0,612000000.0,0.0,0.0,395000000.0,537000000.0,0.0,0.0,0.0,0.0,0.0,-188000000.0,0.0,0.0,-2000000.0,-95000000.0,0.0,-490000000.0,0.0,-141000000.0,127000000,268000000.0,537000000.0,-161000000.0,376000000.0,,
1991-10-26,JCP,,,Q3,116000000.0,85000000,9000000.0,0.0,-433000000.0,-72000000.0,-733000000.0,0.0,0.0,0.0,-223000000.0,0.0,0.0,0.0,0.0,0.0,-125000000.0,0.0,0.0,-1000000.0,-78000000.0,0.0,348000000.0,0.0,0.0,268000000,268000000.0,-223000000.0,-129000000.0,-352000000.0,,
1991-07-27,JCP,,,Q2,31000000.0,86000000,-3000000.0,0.0,-6000000.0,288000000.0,-126000000.0,0.0,0.0,0.0,108000000.0,0.0,0.0,0.0,0.0,0.0,-129000000.0,0.0,0.0,-2000000.0,-92000000.0,0.0,69000000.0,0.0,48000000.0,268000000,220000000.0,108000000.0,-130000000.0,-22000000.0,,
1991-04-27,JCP,,,Q1,-104000000.0,86000000,-112000000.0,0.0,319000000.0,730000000.0,7000000.0,0.0,0.0,300000000.0,489000000.0,0.0,0.0,0.0,0.0,0.0,-94000000.0,0.0,0.0,-1000000.0,-77000000.0,0.0,-312000000.0,0.0,83000000.0,220000000,137000000.0,489000000.0,-96000000.0,393000000.0,,
1991-01-26,JCP,,,Q4,206000000.0,97000000,-99000000.0,0.0,181000000.0,-864000000.0,861000000.0,0.0,0.0,0.0,385000000.0,0.0,0.0,0.0,0.0,0.0,-148000000.0,0.0,0.0,0.0,-95000000.0,0.0,-352000000.0,0.0,-115000000.0,137000000,252000000.0,385000000.0,-148000000.0,237000000.0,,
1990-10-27,JCP,,,Q3,134000000.0,84000000,-14000000.0,0.0,-30000000.0,235000000.0,-572000000.0,0.0,0.0,0.0,174000000.0,0.0,0.0,0.0,0.0,0.0,-188000000.0,0.0,0.0,-58000000.0,-73000000.0,0.0,10000000.0,0.0,-4000000.0,252000000,256000000.0,174000000.0,-188000000.0,-14000000.0,,
1990-07-28,JCP,,,Q2,83000000.0,84000000,-89000000.0,0.0,133000000.0,493000000.0,-259000000.0,0.0,0.0,0.0,211000000.0,0.0,0.0,0.0,0.0,0.0,-173000000.0,0.0,0.0,-164000000.0,-101000000.0,0.0,-207000000.0,0.0,-169000000.0,256000000,425000000.0,211000000.0,-173000000.0,38000000.0,,
1990-04-28,JCP,,,Q1,154000000.0,80000000,-44000000.0,0.0,53000000.0,697000000.0,-74000000.0,0.0,0.0,0.0,243000000.0,0.0,0.0,0.0,0.0,0.0,-125000000.0,0.0,0.0,-22000000.0,-66000000.0,0.0,-101000000.0,0.0,17000000.0,425000000,408000000.0,243000000.0,-128000000.0,115000000.0,,
1990-01-27,JCP,,,Q4,367000000.0,95000000,-75000000.0,0.0,454000000.0,-629000000.0,660000000.0,0.0,0.0,0.0,841000000.0,0.0,0.0,0.0,0.0,0.0,-180000000.0,0.0,0.0,-8000000.0,-86000000.0,0.0,-999000000.0,0.0,-338000000.0,408000000,746000000.0,841000000.0,-178000000.0,663000000.0,,
1989-10-28,JCP,,,Q3,209000000.0,73000000,-1000000.0,0.0,-576000000.0,-331000000.0,-562000000.0,0.0,0.0,0.0,-295000000.0,0.0,0.0,0.0,0.0,0.0,-137000000.0,0.0,0.0,-22000000.0,-68000000.0,0.0,727000000.0,0.0,295000000.0,746000000,451000000.0,-295000000.0,-141000000.0,-436000000.0,,
1989-07-29,JCP,,,Q2,226000000.0,153000000,-111000000.0,0.0,-326000000.0,0.0,0.0,0.0,0.0,32000000.0,-26000000.0,0.0,0.0,0.0,0.0,0.0,-162000000.0,0.0,0.0,-131000000.0,-147000000.0,0.0,-31000000.0,0.0,-219000000.0,-219000000,0.0,-26000000.0,-158000000.0,-184000000.0,,
