date,symbol,fillingDate,acceptedDate,period,netIncome,depreciationAndAmortization,deferredIncomeTax,stockBasedCompensation,changeInWorkingCapital,accountsReceivables,inventory,accountsPayables,otherWorkingCapital,otherNonCashItems,netCashProvidedByOperatingActivities,investmentsInPropertyPlantAndEquipment,acquisitionsNet,purchasesOfInvestments,salesMaturitiesOfInvestments,otherInvestingActivites,netCashUsedForInvestingActivites,debtRepayment,commonStockIssued,commonStockRepurchased,dividendsPaid,otherFinancingActivites,netCashUsedProvidedByFinancingActivities,effectOfForexChangesOnCash,netChangeInCash,cashAtEndOfPeriod,cashAtBeginningOfPeriod,operatingCashFlow,capitalExpenditure,freeCashFlow,link,finalLink
2020-06-30,MFA,2020-08-06 00:00:00,2020-08-06 12:55:30,Q2,96577999.99999997,388000.00000000035,0.0,1554000.0,43757000.0,0.0,0.0,0.0,814543000.0,-97293000.0,43430000.0,1013000.0,0.0,-1141000.0,2780716000.0,1802605000.0,4583193000.0,-19986000.0,37000.0,14077999.999999976,0.0,-3716489000.0,-4286138000.0,0.0,340485000.0,456950000.0,116465000.0,43430000.0,0.0,43430000.0,https://www.sec.gov/Archives/edgar/data/1055160/000105516020000030/0001055160-20-000030-index.htm,https://www.sec.gov/Archives/edgar/data/1055160/000105516020000030/mfa-06302020x10q.htm
2020-03-31,MFA,2020-06-22 00:00:00,2020-06-22 16:32:30,Q1,-908995000.0,3582000.0,0.0,1273000.0,-47464000.0,419583000.0,0.0,0.0,2043954000.0,966091000.0,13214000.0,-176000.0,0.0,-162607000.0,1009316000.0,-24291000.0,822242000.0,-37418000.0,687000.0,275687000.0,-90749000.0,-392773000.0,-636753000.0,0.0,198703000.0,269332000.0,70629000.0,13214000.0,-176000.0,13038000.0,https://www.sec.gov/Archives/edgar/data/1055160/000105516020000021/0001055160-20-000021-index.html,https://www.sec.gov/Archives/edgar/data/1055160/000105516020000021/mfa-03312020x10q.htm
2019-12-31,MFA,2020-02-21,2020-02-21 06:43:05,Q4,100621000.00000004,1361000.0,0.0,4515000.0,-2817999.9999999995,0.0,0.0,0.0,70629000.0,-36985000.0,62179000.0,0.0,0.0,-24393000.0,0.0,0.0,-570394000.0,-35036000.0,3464000.0,3463999.9999999986,-94363999.99999999,0.0,449688000.0000001,0.0,-58527000.0,95666000.0,154193000.0,62179000.0,-528000.0,61651000.0,https://www.sec.gov/Archives/edgar/data/1055160/000105516020000006/mfa-12312019x10k.htm,https://www.sec.gov/Archives/edgar/data/1055160/000105516020000006/mfa-12312019x10k.htm
2019-09-30,MFA,2019-11-06 00:00:00,2019-11-06 12:49:15,Q3,95598999.99999999,873000.0,0.0,1288000.0,9371000.0,0.0,0.0,0.0,4520070000.0,-38193999.99999999,67649000.0,-308000.0,0.0,-837591000.0,330972000.0,680957000.0,174029999.99999997,-21854000.0,7724000.0,7724000.0,-94150000.00000003,1825000.0,-168205000.00000003,0.0,73474000.0,162135000.0,88661000.0,67649000.0,-308000.00000000006,67341000.0,https://www.sec.gov/Archives/edgar/data/1055160/000105516019000025/0001055160-19-000025-index.html,https://www.sec.gov/Archives/edgar/data/1055160/000105516019000025/mfa-09302019x10q.htm
2019-06-30,MFA,2019-08-07,2019-08-07 12:25:16,Q2,93039999.99999999,652000.0000000001,0.0,2438000.0,-6783000.000000001,0.0,0.0,0.0,5258262000.0,-38044000.00000001,48865000.0,-652000.0,0.0,327221000.0,196490000.0,-763978000.0,-240918999.99999994,-31995000.0,586000.0,586000.0,-94103000.0,327055000.0,193192999.99999997,0.0,1138999.9999999993,77718000.0,76579000.0,48865000.0,-651999.9999999999,48213000.0,https://www.sec.gov/Archives/edgar/data/1055160/000105516019000021/mfa-06302019x10q.htm,https://www.sec.gov/Archives/edgar/data/1055160/000105516019000021/mfa-06302019x10q.htm
2019-03-31,MFA,2019-05-07 00:00:00,2019-05-07 16:15:07,Q1,88857000.0,432000.0,0.0,998000.0,-15479000.0,0.0,0.0,0.0,6276666000.0,-36728000.0,37082000.0,-391000.0,0.0,-327221000.0,208306000.0,-378152000.0,-497458000.0,-25501000.0,551000.0,551000.0,-93948000.0,681993000.0,490245000.0,0.0,29869000.0,81834000.0,51965000.0,37082000.0,-391000.0,36691000.0,https://www.sec.gov/Archives/edgar/data/1055160/000105516019000011/0001055160-19-000011-index.html,https://www.sec.gov/Archives/edgar/data/1055160/000105516019000011/mfa-03312019x10q.htm
2018-12-31,MFA,2019-02-21,2019-02-21 12:34:44,Q4,60878999.99999999,470999.9999999999,0.0,4116000.0,4530000.000000001,0.0,0.0,0.0,6688452000.0,-8248999.999999995,57631000.0,-124000.0,0.0,-582320000.0,197079000.0,-159456000.0,-544820999.9999999,-30024000.0,542000.0,541999.9999999732,-93886000.00000001,531928000.0,464545000.0000001,0.0,-22644999.99999998,81541000.00000001,104186000.0,57631000.0,-124000.00000000012,57507000.0,https://www.sec.gov/Archives/edgar/data/1055160/000105516019000005/mfa-12312018x10k.htm,https://www.sec.gov/Archives/edgar/data/1055160/000105516019000005/mfa-12312018x10k.htm
2018-09-30,MFA,2018-11-06 00:00:00,2018-11-06 11:24:59,Q3,87121999.99999999,554000.0,0.0,1082000.0,2215000.0000000033,0.0,0.0,0.0,6883245000.0,-43441000.0,46450000.0,-458000.0,0.0,-1698605000.0,143197000.0,-323819000.0,-1879654000.0,-39306000.0,390221000.0,390232000.0,-83673000.0,1664089000.0,1885715000.0,0.0,52510999.99999997,107510999.99999997,55000000.0,46450000.0,-408999.9999999999,46041000.0,https://www.sec.gov/Archives/edgar/data/1055160/000105516018000016/0001055160-18-000016-index.html,https://www.sec.gov/Archives/edgar/data/1055160/000105516018000016/mfa-09302018x10q.htm
2018-06-30,MFA,2018-08-02 00:00:00,2018-08-02 11:29:27,Q2,70400000.0,400000.0,0.0,2256000.0,1000000.0,0.0,0.0,0.0,6263838000.0,-33899999.99999999,37900000.0,-380000.0,0.0,-128981000.0,179030000.0,333122000.0,382800000.0,-15822000.0,481000.0,500000.0,-83699999.99999999,-648880000.0,-584300000.0,0.0,-163599999.99999997,51400000.00000003,215000000.0,37900000.0,-399999.99999999994,37500000.0,https://www.sec.gov/Archives/edgar/data/1055160/000105516018000012/0001055160-18-000012-index.html,https://www.sec.gov/Archives/edgar/data/1055160/000105516018000012/mfa-06302018x10q.htm
2018-03-31,MFA,2018-05-08 00:00:00,2018-05-08 11:12:37,Q1,83400000.0,400000.0,0.0,553000.0,-34200000.0,0.0,0.0,0.0,6969946000.0,-43700000.0,5900000.0,-171000.0,0.0,-194328000.0,19362000.0,58977000.0,-116200000.0,-12817000.0,1230000.0,1200000.0,-83500000.0,175042000.0,-131000000.0,0.0,-241300000.0,208700000.0,450000000.0,5900000.0,-200000.0,5700000.0,https://www.sec.gov/Archives/edgar/data/1055160/000105516018000009/0001055160-18-000009-index.html,https://www.sec.gov/Archives/edgar/data/1055160/000105516018000009/mfa-03312018x10q.htm
2017-12-31,MFA,2018-02-15,2018-02-15 11:19:11,Q4,100599999.99999997,300000.00000000006,0.0,2664000.0,15899999.999999998,0.0,0.0,0.0,7500222000.0,-61699999.99999999,55099999.99999999,-276000.0,0.0,-157413000.0,20938000.0,10628000.0,-126200000.00000004,-7422000.0,6292000.0,6299999.999999983,-83400000.00000003,-167069000.0,-88900000.00000009,0.0,-159800000.0,448200000.0,608000000.0,55099999.99999999,-300000.00000000006,54799999.99999999,https://www.sec.gov/Archives/edgar/data/1055160/000105516018000005/mfa-12312017x10k.htm,https://www.sec.gov/Archives/edgar/data/1055160/000105516018000005/mfa-12312017x10k.htm
2017-09-30,MFA,2017-11-02 00:00:00,2017-11-02 11:57:43,Q3,63800000.00000001,799999.9999999999,0.0,1910000.0,7899999.999999999,0.0,0.0,0.0,8218089000.0,-49300000.00000001,23100000.00000001,-263000.0,0.0,-536981000.0,44518000.0,583822000.0,93000000.0,-6488000.0,4266000.0,4599999.999999994,-83299999.99999999,-306769000.0,-249799999.99999994,0.0,-133700000.0,611300000.0,745000000.0,23100000.00000001,-300000.0,22800000.00000001,https://www.sec.gov/Archives/edgar/data/1055160/000105516017000017/0001055160-17-000017-index.html,https://www.sec.gov/Archives/edgar/data/1055160/000105516017000017/mfa-09302017x10q.htm
2017-06-30,MFA,2017-08-02 00:00:00,2017-08-02 12:08:23,Q2,79900000.0,200000.0,0.0,2353000.0,-2199999.999999999,0.0,0.0,0.0,9248746000.0,-24100000.0,53900000.0,-200000.0,0.0,-644154000.0,16928000.0,1748786000.0,1120300000.0,-2652000.0,182298000.0,182300000.0,-78500000.0,-631068000.0,-849400000.0,0.0,324700000.0,746700000.0,422000000.0,53900000.0,-199999.99999999997,53700000.0,https://www.sec.gov/Archives/edgar/data/1055160/000105516017000012/0001055160-17-000012-index.html,https://www.sec.gov/Archives/edgar/data/1055160/000105516017000012/mfa-06302017x10q.htm
2017-03-31,MFA,2017-05-04 00:00:00,2017-05-04 12:15:00,Q1,78100000.0,200000.0,0.0,1106000.0,-5400000.0,0.0,0.0,0.0,9909896000.0,-28500000.0,44400000.0,-133000.0,0.0,-244582000.0,160697000.0,814033000.0,729200000.0,0.0,3952000.0,4000000.0,-78400000.0,-119768000.0,-659600000.0,0.0,114000000.0,374000000.0,260000000.0,44400000.0,-100000.0,44300000.0,https://www.sec.gov/Archives/edgar/data/1055160/000105516017000008/0001055160-17-000008-index.html,https://www.sec.gov/Archives/edgar/data/1055160/000105516017000008/mfa-03312017x10q.htm
2016-12-31,MFA,2017-02-16,2017-02-16 12:05:14,Q4,72699999.99999999,300000.00000000006,0.0,5019000.0,26699999.999999996,0.0,0.0,0.0,10257070000.0,-23399999.99999999,76200000.0,-328000.0,0.0,-509740000.0,20526000.0,494462000.0,-84600000.00000001,0.0,3719000.0,3800000.0000000005,-78299999.99999999,22023000.0,-20099999.99999991,0.0,-28600000.00000001,260400000.0,289000000.0,76200000.0,-299999.99999999994,75900000.0,https://www.sec.gov/Archives/edgar/data/1055160/000105516017000004/mfa-12312016x10k.htm,https://www.sec.gov/Archives/edgar/data/1055160/000105516017000004/mfa-12312016x10k.htm
2016-09-30,MFA,2016-11-03 00:00:00,2016-11-03 12:03:57,Q3,83000000.0,99999.99999999999,0.0,1101000.0,7700000.000000003,0.0,0.0,0.0,10594530000.0,-28200000.000000004,62699999.99999999,-133000.0,0.0,-473901000.0,13249000.0,881230000.0,420400000.0,-22057000.0,341000.0,300000.00000000006,-78199999.99999999,-175095000.0,-377300000.00000006,0.0,105900000.0,288900000.0,183000000.0,62699999.99999999,-200000.0,62499999.99999999,https://www.sec.gov/Archives/edgar/data/1055160/000105516016000135/0001055160-16-000135-index.html,https://www.sec.gov/Archives/edgar/data/1055160/000105516016000135/mfa-09302016x10q.htm
2016-06-30,MFA,2016-08-03 00:00:00,2016-08-03 12:19:54,Q2,78900000.0,300000.0,0.0,1908000.0,-54400000.0,0.0,0.0,0.0,10896130000.0,-27700000.0,-2899999.9999999986,-191000.0,0.0,-549301000.0,19785000.0,794557000.0,264900000.00000003,-11924000.0,294000.0,300000.0,-78200000.0,-114731000.0,-225399999.99999997,0.0,36600000.0,182600000.0,146000000.0,-2899999.9999999986,-100000.0,-2999999.9999999986,https://www.sec.gov/Archives/edgar/data/1055160/000105516016000130/0001055160-16-000130-index.html,https://www.sec.gov/Archives/edgar/data/1055160/000105516016000130/mfa-06302016x10q.htm
2016-03-31,MFA,2016-05-04 00:00:00,2016-05-04 12:22:06,Q1,78100000.0,300000.0,0.0,1134000.0,-10100000.0,0.0,0.0,0.0,11036805000.0,-29300000.0,39000000.0,-56000.0,0.0,-375404000.0,32034000.0,680137000.0,336700000.0,-10133000.0,306000.0,300000.0,-78200000.0,-174126000.0,-394500000.0,0.0,-18800000.0,146200000.0,165000000.0,39000000.0,-100000.0,38900000.0,https://www.sec.gov/Archives/edgar/data/1055160/000105516016000125/0001055160-16-000125-index.html,https://www.sec.gov/Archives/edgar/data/1055160/000105516016000125/mfa-03312016x10q.htm
2015-12-31,MFA,2016-02-18,2016-02-18 12:34:01,Q4,73399999.99999999,300000.00000000006,0.0,4232000.0,66700000.0,1114000.0,0.0,0.0,11550652000.0,-21400000.000000007,118900000.00000003,-470000.0,0.0,-377096000.0,20047000.0,409698000.0,56200000.000000045,-10160000.0,292000.0,299999.99999999994,-78199999.99999999,-284377000.0,-184300000.00000006,0.0,-9099999.999999998,164900000.0,174000000.0,118900000.00000003,-500000.0,118400000.00000003,https://www.sec.gov/Archives/edgar/data/1055160/000105516016000119/mfa-12312015x10k.htm,https://www.sec.gov/Archives/edgar/data/1055160/000105516016000119/mfa-12312015x10k.htm
2015-09-30,MFA,2015-11-04 00:00:00,2015-11-04 13:14:47,Q3,79600000.00000001,300000.0,0.0,1031000.0,-16800000.0,2472000.0,0.0,0.0,11898942000.0,-24500000.0,38499999.999999985,-833000.0,0.0,-252685000.0,23523000.0,434167000.0,202099999.99999997,-30080000.0,303000.0,300000.00000000006,-78100000.0,-255188000.0,-285000000.0,0.0,-44400000.00000001,173600000.0,218000000.0,38499999.999999985,-800000.0,37699999.999999985,https://www.sec.gov/Archives/edgar/data/1055160/000105516015000107/0001055160-15-000107-index.html,https://www.sec.gov/Archives/edgar/data/1055160/000105516015000107/mfa-09302015x10q.htm
2015-06-30,MFA,2015-08-04 00:00:00,2015-08-04 11:57:00,Q2,77999999.99999999,199999.99999999997,0.0,1657000.0,10100000.0,1622000.0,0.0,0.0,12592029000.0,-18999999.999999996,69500000.0,-99000.0,0.0,-662395000.0,16332000.0,893155000.0,248500000.0,-28921000.0,311000.0,300000.0,-78100000.0,-144348000.0,-268099999.99999997,0.0,49800000.0,218800000.0,169000000.0,69500000.0,-99999.99999999999,69400000.0,https://www.sec.gov/Archives/edgar/data/1055160/000105516015000089/0001055160-15-000089-index.html,https://www.sec.gov/Archives/edgar/data/1055160/000105516015000089/mfa-06302015x10q.htm
2015-03-31,MFA,2015-05-05 00:00:00,2015-05-05 12:14:58,Q1,82200000.0,100000.0,0.0,912000.0,-9200000.0,-364000.0,0.0,0.0,12855302000.0,-21800000.0,51200000.0,-158000.0,0.0,-518127000.0,10845000.0,554180000.0,47300000.0,-19186000.0,312000.0,300000.0,-78000000.0,130386000.0,-112300000.0,0.0,-13700000.0,168300000.0,182000000.0,51200000.0,-200000.0,51000000.0,https://www.sec.gov/Archives/edgar/data/1055160/000105516015000052/0001055160-15-000052-index.html,https://www.sec.gov/Archives/edgar/data/1055160/000105516015000052/mfa-03312015x10q.htm
2014-12-31,MFA,2015-02-12,2015-02-12 12:22:50,Q4,79699999.99999999,299999.99999999994,0.0,4224000.0,19600000.0,1243000.0,0.0,0.0,10976316000.0,-21199999.99999999,78300000.00000001,-403000.0,0.0,-1261646000.0,20285000.0,622478000.0,-53899999.99999998,-45376000.0,9268000.0,9200000.000000004,-77799999.99999999,-201075000.0,-265800000.00000006,0.0,-241399999.99999997,182600000.00000003,424000000.0,78300000.00000001,-400000.0,77900000.00000001,https://www.sec.gov/Archives/edgar/data/1055160/000105516015000041/mfa-123114x10k.htm,https://www.sec.gov/Archives/edgar/data/1055160/000105516015000041/mfa-123114x10k.htm
2014-09-30,MFA,2014-11-04 00:00:00,2014-11-04 11:31:07,Q3,78900000.0,200000.00000000006,0.0,1271000.0,6500000.0,2174000.0,0.0,0.0,11393892000.0,-23200000.000000004,62500000.0,-162000.0,0.0,-20438000.0,61596000.0,422237000.0,483700000.0,-57406000.0,9525000.0,9599999.999999998,-77600000.0,-745485000.0,-466000000.0,0.0,80199999.99999999,424200000.0,344000000.0,62500000.0,-200000.0,62300000.0,https://www.sec.gov/Archives/edgar/data/1055160/000105516014000122/0001055160-14-000122-index.html,https://www.sec.gov/Archives/edgar/data/1055160/000105516014000122/mfa-09302014x10q.htm
2014-06-30,MFA,2014-08-04 00:00:00,2014-08-04 11:36:25,Q2,78700000.0,399999.99999999994,0.0,1602000.0,9500000.0,2007000.0,0.0,0.0,11929180000.0,-21800000.000000004,66700000.0,-136000.0,0.0,888106000.0,-411621000.0,-20560000.0,455700000.0,-78034000.0,9230000.0,9200000.000000002,-77300000.00000001,-320081000.0,-453500000.0,0.0,69000000.0,344000000.0,275000000.0,66700000.0,-100000.0,66600000.0,https://www.sec.gov/Archives/edgar/data/1055160/000105516014000096/0001055160-14-000096-index.html,https://www.sec.gov/Archives/edgar/data/1055160/000105516014000096/mfa-06302014x10q.htm
2014-03-31,MFA,2014-05-01 00:00:00,2014-05-01 11:12:44,Q1,76200000.0,300000.0,0.0,1484000.0,-6900000.0,-863000.0,0.0,0.0,12197540000.0,-21400000.0,48300000.0,-85000.0,0.0,-888106000.0,453650000.0,565370000.0,-434500000.0,-73262000.0,7616000.0,7600000.0,-77000000.0,435923000.0,95600000.0,0.0,-290700000.0,274300000.0,565000000.0,48300000.0,-100000.0,48200000.0,https://www.sec.gov/Archives/edgar/data/1055160/000105516014000053/0001055160-14-000053-index.html,https://www.sec.gov/Archives/edgar/data/1055160/000105516014000053/mfa-03312014x10q.htm
2013-12-31,MFA,2014-02-13,2014-02-13 11:23:45,Q4,78500000.0,2699999.9999999995,0.0,1212000.0,10600000.0,1987000.0,0.0,0.0,11972556000.0,-21000000.0,71000000.00000003,-101000.0,0.0,-227877000.0,620471000.0,16254000.0,408699999.9999998,-105998000.0,10216000.0,-6099999.999999966,-84600000.00000001,-331337000.0,-418199999.9999998,0.0,61500000.0,565500000.0,504000000.0,71000000.00000003,-100000.00000000003,70900000.00000003,https://www.sec.gov/Archives/edgar/data/1055160/000105516014000036/mfa-123113x10k.htm,https://www.sec.gov/Archives/edgar/data/1055160/000105516014000036/mfa-123113x10k.htm
2013-09-30,MFA,2013-11-04 00:00:00,2013-11-04 11:39:44,Q3,71399999.99999999,899999.9999999999,0.0,760000.0,21400000.0,3051000.0,0.0,0.0,12212723000.0,-7800000.0,85900000.0,-137000.0,0.0,-281283000.0,1025553000.0,27000.0,744200000.0,-100540000.0,27011000.0,26999999.99999997,-186100000.00000003,-1067412000.0,-774400000.0000001,0.0,55599999.99999999,503600000.0,448000000.0,85900000.0,-199999.99999999997,85700000.0,https://www.sec.gov/Archives/edgar/data/1055160/000105516013000074/0001055160-13-000074-index.html,https://www.sec.gov/Archives/edgar/data/1055160/000105516013000074/mfa-09302013x10q.htm
2013-06-30,MFA,2013-08-01 00:00:00,2013-08-01 12:42:07,Q2,75400000.0,1100000.0,0.0,1301000.0,-3900000.0000000005,1251000.0,0.0,0.0,489157000.0,-2600000.0,69999999.99999999,-81000.0,0.0,-682720000.0,781451000.0,0.0,98699999.99999999,-98266000.0,33120000.0,233100000.0,-263900000.0,-248681000.0,-322100000.0,0.0,-153300000.0,448700000.0,602000000.0,69999999.99999999,0.0,69999999.99999999,https://www.sec.gov/Archives/edgar/data/1055160/000105516013000068/0001055160-13-000068-index.html,https://www.sec.gov/Archives/edgar/data/1055160/000105516013000068/mfa-06302013x10q.htm
2013-03-31,MFA,2013-05-01 00:00:00,2013-05-01 11:32:52,Q1,77400000.0,1100000.0,0.0,885000.0,-8100000.0,1891000.0,0.0,0.0,643676000.0,900000.0,71200000.0,-54000.0,0.0,-569006000.0,918104000.0,401293000.0,349000000.0,-104802000.0,7278000.0,7300000.0,-74000000.0,446301000.0,-219900000.0,0.0,200300000.0,601300000.0,401000000.0,71200000.0,-100000.0,71100000.0,https://www.sec.gov/Archives/edgar/data/1055160/000110465913035797/0001104659-13-035797-index.html,https://www.sec.gov/Archives/edgar/data/1055160/000110465913035797/a13-8361_110q.htm
2012-12-31,MFA,2013-03-06,2013-03-06 13:10:35,Q4,69200000.00000001,1000000.0,0.0,2114000.0,3900000.0,838000.0,0.0,0.0,445326000.0,3600000.0,77799999.99999999,-76000.0,0.0,-3599694000.0,962630000.0,2768993000.0,131899999.99999999,-102655000.0,8640000.0,-1100000.0000000005,-77799999.99999996,-632440000.0,-258800000.0,0.0,-49100000.0,400900000.0,450000000.0,77799999.99999999,0.0,77799999.99999999,https://www.sec.gov/Archives/edgar/data/1055160/000110465913017869/a12-29785_110k.htm,https://www.sec.gov/Archives/edgar/data/1055160/000110465913017869/a12-29785_110k.htm
2012-09-30,MFA,2012-11-06 00:00:00,2012-11-06 11:51:59,Q3,78100000.0,1200000.0,0.0,1793000.0,-8300000.0,-1059000.0,0.0,0.0,495422000.0,800000.0,71900000.0,-66000.0,0.0,0.0,754704000.0,-1227181000.0,-472599999.99999994,-111784000.0,603000.0,600000.0000000005,-84600000.00000001,196834000.0,257700000.00000006,0.0,-143000000.0,450000000.0,593000000.0,71900000.0,-100000.00000000003,71800000.0,https://www.sec.gov/Archives/edgar/data/1055160/000110465912074557/0001104659-12-074557-index.html,https://www.sec.gov/Archives/edgar/data/1055160/000110465912074557/a12-19512_110q.htm
2012-06-30,MFA,2012-08-06 00:00:00,2012-08-06 13:02:18,Q2,74800000.0,900000.0,0.0,1480000.0,700000.0000000001,-1183000.0,0.0,0.0,637945000.0,4500000.0,80799999.99999999,-171000.0,0.0,0.0,664146000.0,-865252000.0,-201200000.0,-106167000.0,3344000.0,3300000.0,-88200000.0,640733000.0,339299999.99999994,0.0,218800000.0,593800000.0,375000000.0,80799999.99999999,-199999.99999999997,80599999.99999999,https://www.sec.gov/Archives/edgar/data/1055160/000110465912054501/0001104659-12-054501-index.html,https://www.sec.gov/Archives/edgar/data/1055160/000110465912054501/a12-12950_110q.htm
2012-03-31,MFA,2012-05-04,2012-05-04 12:01:56,Q1,84700000.0,400000.0,0.0,1101000.0,600000.0,244000.0,0.0,0.0,417291000.0,-5800000.0,79900000.0,-130000.0,0.0,0.0,558516000.0,-272825000.0,-108500000.0,-94789000.0,451000.0,500000.0,-98800000.0,480089000.0,9100000.0,0.0,-19400000.0,374600000.0,394000000.0,79900000.0,-100000.0,79800000.0,https://www.sec.gov/Archives/edgar/data/1055160/000110465912033031/a12-7155_110q.htm,https://www.sec.gov/Archives/edgar/data/1055160/000110465912033031/a12-7155_110q.htm
2011-12-31,MFA,2012-02-16,2012-02-16 13:26:03,Q4,70499999.99999997,400000.00000000035,0.0,1402000.0,3300000.0000000005,1503000.0,0.0,0.0,436764000.0,15100000.0,89299999.99999999,-339000.0,0.0,0.0,602633000.0,-317723000.0,284500000.0,-82886000.0,2038000.0,2000000.0,-91499999.99999997,-340481000.0,-400900000.0000001,0.0,-27000000.0,394000000.0,421000000.0,89299999.99999999,-299999.9999999998,88999999.99999999,https://www.sec.gov/Archives/edgar/data/1055160/000110465912010483/a11-31629_110k.htm,https://www.sec.gov/Archives/edgar/data/1055160/000110465912010483/a11-31629_110k.htm
2011-09-30,MFA,2011-11-07 00:00:00,2011-11-07 12:18:51,Q3,83700000.00000001,1400000.0,0.0,1027000.0,-1299999.9999999998,2308000.0,0.0,0.0,465064000.0,3700000.0,87500000.0,-977000.0,0.0,0.0,627488000.0,-365816000.0,-84500000.0,-103634000.0,373000.0,399999.99999997724,-91500000.0,-78320000.0,-85200000.00000027,0.0,-82200000.0,420800000.0,503000000.0,87500000.0,-1000000.0,86500000.0,https://www.sec.gov/Archives/edgar/data/1055160/000110465911061506/0001104659-11-061506-index.html,https://www.sec.gov/Archives/edgar/data/1055160/000110465911061506/a11-25854_110q.htm
2011-06-30,MFA,2011-08-03 00:00:00,2011-08-03 11:36:35,Q2,79299999.99999999,400000.0,0.0,1024000.0,5299999.999999999,-2717000.0,0.0,0.0,549616000.0,10500000.0,95500000.0,-516000.0,0.0,0.0,539236000.0,-1047473000.0,-508800000.0000002,-76193000.0,197000.0,199999.9999999318,-86000000.0,244677000.0,287100000.00000036,0.0,-126199999.99999999,502800000.0,629000000.0,95500000.0,-500000.0,95000000.0,https://www.sec.gov/Archives/edgar/data/1055160/000110465911042999/0001104659-11-042999-index.html,https://www.sec.gov/Archives/edgar/data/1055160/000110465911042999/a11-14100_110q.htm
2011-03-31,MFA,2011-05-03 00:00:00,2011-05-03 12:06:35,Q1,82900000.0,500000.0,0.0,932000.0,-10700000.0,-5716000.0,0.0,0.0,673354000.0,-10600000.0,62100000.0,-511000.0,0.0,0.0,521796000.0,-2595914000.0,-2074600000.0,-45955000.0,605195000.0,605200000.0,-68400000.0,2387333000.0,2296700000.0,0.0,284200000.0,629200000.0,345000000.0,62100000.0,-500000.0,61600000.0,https://www.sec.gov/Archives/edgar/data/1055160/000110465911025161/0001104659-11-025161-index.html,https://www.sec.gov/Archives/edgar/data/1055160/000110465911025161/a11-9523_110q.htm
2010-12-31,MFA,2011-02-14,2011-02-14 15:12:14,Q4,61600000.00000002,199999.99999999997,0.0,1093000.0,-2599999.9999999995,-3918000.0,0.0,0.0,383458000.0,-199999.9999999993,59099999.99999999,-162000.0,0.0,0.0,566855000.0,-621269000.0,-54600000.00000002,-25374000.0,239000.0,199999.99999999997,-65399999.99999998,207174000.0,69799999.99999996,0.0,74300000.00000001,345300000.0,271000000.0,59099999.99999999,-100000.00000000003,58999999.99999999,https://www.sec.gov/Archives/edgar/data/1055160/000110465911007328/a11-4073_110k.htm,https://www.sec.gov/Archives/edgar/data/1055160/000110465911007328/a11-4073_110k.htm
2010-09-30,MFA,2010-11-04 00:00:00,2010-11-04 11:32:06,Q3,77199999.99999999,200000.0,0.0,622000.0,3099999.9999999995,344000.0,0.0,0.0,305222000.0,-14000000.0,66300000.00000001,-48000.0,0.0,0.0,673749000.0,-547987000.0,89600000.00000001,0.0,97000.0,100000.00000000003,-55500000.0,-659063000.0,-416500000.0,0.0,-260600000.0,271400000.0,532000000.0,66300000.00000001,-99999.99999999999,66200000.00000001,https://www.sec.gov/Archives/edgar/data/1055160/000110465910055895/0001104659-10-055895-index.html,https://www.sec.gov/Archives/edgar/data/1055160/000110465910055895/a10-17632_110q.htm
2010-06-30,MFA,2010-08-03 00:00:00,2010-08-03 11:11:25,Q2,48300000.0,99999.99999999999,0.0,1568000.0,1600000.0000000005,458000.0,0.0,22390.0,566184000.0,10000000.0,60100000.0,-228000.0,0.0,0.0,1850272000.0,-1006461815.0,-460900000.0,-9143000.0,273000.0,199999.99999999997,-69600000.0,-404325621.0,163700000.00000006,0.0,-237100000.00000003,531900000.0,769000000.0,60100000.0,0.0,60100000.0,https://www.sec.gov/Archives/edgar/data/1055160/000110465910041333/0001104659-10-041333-index.html,https://www.sec.gov/Archives/edgar/data/1055160/000110465910041333/a10-13007_110q.htm
2010-03-31,MFA,2010-04-29 00:00:00,2010-04-29 14:43:49,Q1,82700000.0,200000.0,0.0,722000.0,-6700000.0,6676000.0,0.0,0.0,768656000.0,-15800000.0,60400000.0,0.0,0.0,0.0,0.0,0.0,1341300000.0,0.0,125000.0,100000.0,-77900000.0,0.0,-1286500000.0,0.0,115200000.0,768200000.0,653000000.0,60400000.0,-200000.0,60200000.0,https://www.sec.gov/Archives/edgar/data/1055160/000110465910023187/0001104659-10-023187-index.html,https://www.sec.gov/Archives/edgar/data/1055160/000110465910023187/a10-7814_110q.htm
2009-12-31,MFA,2010-02-11,2010-02-11 11:25:12,Q4,78600000.0,99999.99999999999,0.0,594000.0,8000000.0,2871000.0,0.0,0.0,644317000.0,-7000000.0,79900000.0,0.0,0.0,0.0,0.0,0.0,589399999.9999999,0.0,70000.0,99999.9999999659,-72299999.99999999,0.0,-502400000.0000001,0.0,166800000.0,653800000.0,487000000.0,79900000.0,-199999.99999999997,79700000.0,https://www.sec.gov/Archives/edgar/data/1055160/000119380510000390/e606416_10k-mfa.htm,https://www.sec.gov/Archives/edgar/data/1055160/000119380510000390/e606416_10k-mfa.htm
2009-09-30,MFA,2009-11-04 00:00:00,2009-11-04 11:00:46,Q3,66800000.0,200000.0,0.0,416000.0,500000.0,903000.0,0.0,0.0,486490000.0,1200000.0000000002,68600000.0,0.0,0.0,327588000.0,0.0,0.0,240700000.00000006,0.0,386786000.0,386800000.0,-57800000.00000001,0.0,-105099999.99999991,0.0,204200000.0,486200000.0,282000000.0,68600000.0,0.0,68600000.0,https://www.sec.gov/Archives/edgar/data/1055160/000119380509002132/0001193805-09-002132-index.html,https://www.sec.gov/Archives/edgar/data/1055160/000119380509002132/e606000_10q-mfa.htm
2009-06-30,MFA,2009-07-27 00:00:00,2009-07-27 12:15:20,Q2,69100000.0,100000.0,0.0,426000.0,3500000.0,2590000.0,0.0,0.0,282492000.0,-2100000.0000000005,70600000.0,0.0,0.0,-265554000.0,0.0,0.0,649200000.0,0.0,139000.0,100000.00000000143,-51199999.99999999,0.0,-842900000.0000001,0.0,-123100000.0,282900000.0,406000000.0,70600000.0,-300000.0,70300000.0,https://www.sec.gov/Archives/edgar/data/1055160/000119380509001470/0001193805-09-001470-index.html,https://www.sec.gov/Archives/edgar/data/1055160/000119380509001470/e605674_10q-mfa.htm
2009-03-31,MFA,2009-04-30 00:00:00,2009-04-30 11:31:59,Q1,53700000.0,100000.0,0.0,474000.0,-9100000.0,1585000.0,0.0,0.0,405567000.0,6200000.0,50900000.0,0.0,0.0,-62034000.0,0.0,0.0,295300000.0,0.0,16373000.0,16400000.0,-48400000.0,0.0,-301800000.0,0.0,44400000.0,405400000.0,361000000.0,50900000.0,-200000.0,50700000.0,https://www.sec.gov/Archives/edgar/data/1055160/000119380509000943/0001193805-09-000943-index.html,https://www.sec.gov/Archives/edgar/data/1055160/000119380509000943/e605387_10q-mfa.htm
2008-12-31,MFA,2009-02-13,2009-02-13 16:00:41,Q4,46699999.99999999,99999.99999999999,0.0,412000.0,4300000.000000001,1594000.0,0.0,0.0,361167000.0,3899999.999999977,54900000.00000001,0.0,0.0,-13151000.0,0.0,0.0,247899999.99999985,0.0,73407000.0,73399999.99999999,-47700000.0,0.0,-380299999.99999994,0.0,-77300000.0,361700000.0,439000000.0,54900000.00000001,-200000.0,54700000.00000001,https://www.sec.gov/Archives/edgar/data/1055160/000119380509000368/e605011_10k-mfa.htm,https://www.sec.gov/Archives/edgar/data/1055160/000119380509000368/e605011_10k-mfa.htm
2008-09-30,MFA,2008-11-03 00:00:00,2008-11-03 12:10:18,Q3,50000000.0,200000.0,0.0,305000.0,1200000.0000000002,-531000.0,0.0,0.0,438530000.0,5700000.000000017,57199999.99999999,0.0,0.0,-234838000.0,0.0,0.0,75200000.00000027,0.0,58412000.0,58399999.99999998,-41800000.0,0.0,74400000.00000009,0.0,206700000.0,438700000.0,232000000.0,57199999.99999999,0.0,57199999.99999999,https://www.sec.gov/Archives/edgar/data/1055160/000119380508002705/0001193805-08-002705-index.html,https://www.sec.gov/Archives/edgar/data/1055160/000119380508002705/e604493_10q-mfa.htm
2008-06-30,MFA,2008-07-30 00:00:00,2008-07-30 10:58:34,Q2,35000000.00000001,100000.0,0.0,297000.0,-20600000.0,-8633000.0,0.0,0.0,231857000.0,9899999.99999999,24400000.0,0.0,0.0,-2864738000.0,0.0,0.0,-2450400000.0,0.0,304890000.0,304900000.0,-29500000.0,0.0,2318000000.0,0.0,-108000000.0,232000000.0,340000000.0,24400000.0,0.0,24400000.0,https://www.sec.gov/Archives/edgar/data/1055160/000119380508001801/0001193805-08-001801-index.html,https://www.sec.gov/Archives/edgar/data/1055160/000119380508001801/e604066_10q-mfa.htm
2008-03-31,MFA,2008-04-30 00:00:00,2008-04-30 12:02:31,Q1,-85900000.0,100000.0,0.0,342000.0,13700000.0,1456000.0,0.0,0.0,339767000.0,122200000.0,50100000.0,0.0,0.0,-2089356000.0,0.0,0.0,156600000.0,0.0,253074000.0,253100000.0,-20000000.0,0.0,-101300000.0,0.0,105400000.0,339400000.0,234000000.0,50100000.0,-700000.0,49400000.0,https://www.sec.gov/Archives/edgar/data/1055160/000119380508001210/0001193805-08-001210-index.html,https://www.sec.gov/Archives/edgar/data/1055160/000119380508001210/e603764_10q-mfa.htm
2007-12-31,MFA,2008-02-14,2008-02-14 09:37:20,Q4,20600000.0,100000.00000000003,0.0,271000.0,-4999999.999999999,-7598000.0,0.0,0.0,234410000.0,4700000.000000003,20400000.000000007,0.0,0.0,-1836590000.0,0.0,0.0,-1385500000.0,-91000.0,198159000.0,198099999.99999997,-12600000.000000002,0.0,1393100000.0,0.0,28000000.0,234000000.0,206000000.0,20400000.000000007,-500000.0,19900000.000000007,https://www.sec.gov/Archives/edgar/data/1055160/000119380508000585/e603356_10k-mfa.htm,https://www.sec.gov/Archives/edgar/data/1055160/000119380508000585/e603356_10k-mfa.htm
2007-09-30,MFA,2007-11-01 00:00:00,2007-11-01 12:16:09,Q3,-10400000.0,99999.99999999999,0.0,240000.0,-5700000.0,-2830000.0,0.0,0.0,206395000.0,28499999.999999996,12500000.0,0.0,0.0,-2655870000.0,0.0,0.0,120899999.99999999,0.0,110769000.0,94400000.0,-9600000.000000002,0.0,18699999.999999933,0.0,152100000.0,206100000.0,54000000.0,12500000.0,0.0,12500000.0,https://www.sec.gov/Archives/edgar/data/1055160/000114544307003383/0001145443-07-003383-index.html,https://www.sec.gov/Archives/edgar/data/1055160/000114544307003383/d22138_10-q.htm
2007-06-30,MFA,2007-08-02 00:00:00,2007-08-02 08:57:03,Q2,10100000.0,100000.0,0.0,226000.0,2400000.0,-3170000.0,0.0,0.0,54329000.0,8200000.000000001,20900000.0,0.0,0.0,-1718186000.0,0.0,0.0,-643900000.0,0.0,16361000.0,15999999.999999998,-8600000.0,0.0,623700000.0,0.0,599999.9999999997,54600000.0,54000000.0,20900000.0,0.0,20900000.0,https://www.sec.gov/Archives/edgar/data/1055160/000114544307002355/0001145443-07-002355-index.html,https://www.sec.gov/Archives/edgar/data/1055160/000114544307002355/d21740_10q.htm
2007-03-31,MFA,2007-05-02 00:00:00,2007-05-02 12:05:56,Q1,9900000.0,100000.0,0.0,174000.0,-3400000.0,-255000.0,0.0,0.0,53697000.0,8600000.0,15100000.0,0.0,0.0,0.0,0.0,0.0,-42700000.0,0.0,364000.0,400000.0,-6900000.0,0.0,34000000.0,0.0,6500000.0,53500000.0,47000000.0,15100000.0,0.0,15100000.0,https://www.sec.gov/Archives/edgar/data/1055160/000114544307001341/0001145443-07-001341-index.html,https://www.sec.gov/Archives/edgar/data/1055160/000114544307001341/d21282_10q.htm
2006-12-31,MFA,2007-02-16,2007-02-16 09:18:08,Q4,6500000.000000001,99999.99999999999,0.0,179000.0,-12399999.999999998,-9067000.0,0.0,0.0,47200000.0,9500000.0,3599999.9999999995,0.0,0.0,0.0,0.0,0.0,-1743900000.0,1320000.0,11018000.0,10600000.0,-6000000.0,0.0,1734400000.0,0.0,-5900000.000000002,47100000.0,53000000.0,3599999.9999999995,0.0,3599999.9999999995,https://www.sec.gov/Archives/edgar/data/1055160/000114544307000425/d20709.htm,https://www.sec.gov/Archives/edgar/data/1055160/000114544307000425/d20709.htm
2006-09-30,MFA,2006-11-01,2006-11-01 08:46:31,Q3,7100000.0,99999.99999999999,0.0,20000.0,-3699999.999999999,-7691000.0,0.0,0.0,53143000.0,6799999.999999997,10300000.0,0.0,0.0,0.0,0.0,0.0,-1157000000.0,0.0,100000.0,100000.00000000052,-6000000.0,0.0,1144900000.0,0.0,-1799999.999999999,53200000.0,55000000.0,10300000.0,0.0,10300000.0,https://www.sec.gov/Archives/edgar/data/1055160/000119380506002620/e601167_10q-mfa.htm,https://www.sec.gov/Archives/edgar/data/1055160/000119380506002620/e601167_10q-mfa.htm
2006-06-30,MFA,2006-08-02,2006-08-02 08:46:02,Q2,-19800000.0,200000.0,0.0,340000.0,-7199999.999999999,3732000.0,0.0,0.0,54879000.0,32700000.0,5900000.0,0.0,0.0,0.0,0.0,0.0,1100700000.0,0.0,0.0,-2800000.0000000005,-6100000.0,0.0,-1126700000.0000002,0.0,-20000000.0,55000000.0,75000000.0,5900000.0,0.0,5900000.0,https://www.sec.gov/Archives/edgar/data/1055160/000119380506001881/e600854_10q-mfa.htm,https://www.sec.gov/Archives/edgar/data/1055160/000119380506001881/e600854_10q-mfa.htm
2006-03-31,MFA,2006-05-03,2006-05-03 08:54:22,Q1,15000000.0,200000.0,0.0,0.0,-18600000.0,4042000.0,0.0,0.0,74944000.0,-500000.0,-3900000.0,0.0,0.0,0.0,0.0,0.0,1176200000.0,0.0,0.0,-2900000.0,-6100000.0,0.0,-1161600000.0,0.0,10600000.0,74600000.0,64000000.0,-3900000.0,0.0,-3900000.0,https://www.sec.gov/Archives/edgar/data/1055160/000119380506001115/e600525_10q-mfa.htm,https://www.sec.gov/Archives/edgar/data/1055160/000119380506001115/e600525_10q-mfa.htm
2005-12-31,MFA,2006-03-10,2006-03-10 09:00:32,Q4,-30599999.999999996,200000.00000000006,0.0,0.0,-9000000.0,1555000.0,0.0,0.0,64301000.0,52600000.0,13299999.999999983,0.0,0.0,56515000.0,0.0,0.0,577900000.0,0.0,0.0,-10899999.999999998,-6199999.999999996,0.0,-659699999.9999999,0.0,-68500000.0,64500000.0,133000000.0,13299999.999999983,0.0,13299999.999999983,https://www.sec.gov/Archives/edgar/data/1055160/000119380506000680/e600137_10k-mfa.htm,https://www.sec.gov/Archives/edgar/data/1055160/000119380506000680/e600137_10k-mfa.htm
2005-09-30,MFA,2005-11-03,2005-11-03 08:50:00,Q3,6299999.999999997,199999.99999999997,0.0,0.0,13700000.0,2111000.0,0.0,0.0,132834000.0,17400000.000000004,37600000.00000001,0.0,0.0,0.0,0.0,0.0,600000000.0,0.0,0.0,-1800000.0,-12399999.999999998,0.0,-596800000.0,0.0,40900000.0,132900000.0,92000000.0,37600000.00000001,0.0,37600000.00000001,https://www.sec.gov/Archives/edgar/data/1055160/000119380505002207/e501106_10q-mfa.htm,https://www.sec.gov/Archives/edgar/data/1055160/000119380505002207/e501106_10q-mfa.htm
2005-06-30,MFA,2005-07-28,2005-07-28 09:52:58,Q2,12100000.000000002,200000.0,0.0,0.0,10799999.999999998,-457000.0,0.0,0.0,91982000.0,15000000.0,38099999.99999999,0.0,0.0,0.0,0.0,0.0,-19500000.0,0.0,0.0,0.0,-17000000.000000004,0.0,-4199999.999999989,0.0,14400000.000000002,92400000.0,78000000.0,38099999.99999999,0.0,38099999.99999999,https://www.sec.gov/Archives/edgar/data/1055160/000119380505001601/e500828_10q-mfa.htm,https://www.sec.gov/Archives/edgar/data/1055160/000119380505001601/e500828_10q-mfa.htm
2005-03-31,MFA,2005-04-28,2005-04-28 08:31:42,Q1,18900000.0,200000.0,0.0,0.0,15900000.0,-979000.0,0.0,0.0,77547000.0,12200000.0,47200000.0,0.0,0.0,0.0,0.0,0.0,-219500000.0,0.0,2998000.0,3000000.0,-20200000.0,0.0,181600000.0,0.0,9200000.0,77200000.0,68000000.0,47200000.0,0.0,47200000.0,https://www.sec.gov/Archives/edgar/data/1055160/000119380505000917/e500505_10q-mfa.htm,https://www.sec.gov/Archives/edgar/data/1055160/000119380505000917/e500505_10q-mfa.htm
2004-12-31,MFA,2005-02-11,2005-02-11 13:58:24,Q4,19799999.999999996,200000.00000000006,0.0,0.0,10500000.0,-170000.0,0.0,0.0,68341000.0,13099999.999999994,43600000.00000001,0.0,0.0,12192000.0,0.0,0.0,-692399999.9999999,0.0,19498000.0,63299999.99999998,-20300000.000000004,0.0,672000000.0,0.0,23099999.999999993,68100000.0,45000000.0,43600000.00000001,0.0,43600000.00000001,https://www.sec.gov/Archives/edgar/data/1055160/000114544305000224/d16237.htm,https://www.sec.gov/Archives/edgar/data/1055160/000114544305000224/d16237.htm
2004-09-30,MFA,2004-11-02 00:00:00,2004-11-02 08:50:13,Q3,18699999.999999996,600000.0,0.0,0.0,-15800000.0,-4499000.0,0.0,0.0,45213000.0,14000000.000000004,17500000.0,0.0,0.0,12545000.0,0.0,0.0,-771599999.9999999,0.0,13732000.0,13699999.999999989,-20800000.000000004,0.0,705199999.9999999,0.0,-49000000.0,45000000.0,94000000.0,17500000.0,0.0,17500000.0,https://www.sec.gov/Archives/edgar/data/1055160/000119380504001685/0001193805-04-001685-index.html,https://www.sec.gov/Archives/edgar/data/1055160/000119380504001685/e400878_10q-mfa.htm
2004-06-30,MFA,2004-07-27 00:00:00,2004-07-27 10:15:35,Q2,17700000.000000004,0.0,0.0,0.0,17100000.0,823000.0,0.0,0.0,94174000.0,14200000.0,49000000.0,0.0,0.0,14500000.0,0.0,0.0,293799999.99999994,0.0,38822000.0,87100000.00000001,-20400000.0,0.0,-317300000.00000006,0.0,25599999.999999993,94600000.0,69000000.0,49000000.0,0.0,49000000.0,https://www.sec.gov/Archives/edgar/data/1055160/000114544304001103/0001145443-04-001103-index.html,https://www.sec.gov/Archives/edgar/data/1055160/000114544304001103/d15065_10q.htm
2004-03-31,MFA,2004-04-27 00:00:00,2004-04-27 14:00:22,Q1,21900000.0,0.0,0.0,0.0,-12700000.0,-3773000.0,0.0,0.0,68608000.0,9000000.0,18200000.0,0.0,0.0,8420000.0,0.0,0.0,-1306000000.0,0.0,103770000.0,103800000.0,-15900000.0,0.0,1216700000.0,0.0,-71100000.0,68900000.0,140000000.0,18200000.0,0.0,18200000.0,https://www.sec.gov/Archives/edgar/data/1055160/000119380504000679/0001193805-04-000679-index.html,https://www.sec.gov/Archives/edgar/data/1055160/000119380504000679/e400426_10q-mfa.htm
2003-12-31,MFA,,,Q4,15299999.999999996,500000.0,0.0,0.0,9899999.999999998,0.0,0.0,0.0,0.0,11600000.000000002,37400000.00000001,0.0,0.0,0.0,0.0,0.0,-339500000.0,0.0,0.0,31299999.999999996,-16900000.000000007,0.0,274500000.0,0.0,-27700000.000000004,139300000.0,167000000.0,37400000.00000001,0.0,37400000.00000001,,
2003-09-30,MFA,2003-10-29 00:00:00,2003-10-29 09:40:16,Q3,11700000.0,0.0,0.0,0.0,2800000.0,0.0,0.0,0.0,0.0,15200000.000000004,29799999.999999996,0.0,0.0,0.0,0.0,0.0,99500000.0,0.0,0.0,53600000.00000001,-15199999.999999996,0.0,-19199999.999999933,0.0,110000000.0,167000000.0,57000000.0,29799999.999999996,0.0,29799999.999999996,https://www.sec.gov/Archives/edgar/data/1055160/000119380503001011/0001193805-03-001011-index.html,https://www.sec.gov/Archives/edgar/data/1055160/000119380503001011/e300736_10q-mfa.htm
2003-06-30,MFA,2003-07-29 00:00:00,2003-07-29 11:27:54,Q2,15500000.0,0.0,0.0,0.0,-3399999.9999999995,0.0,0.0,0.0,0.0,11099999.999999998,23100000.0,0.0,0.0,0.0,0.0,0.0,-667100000.0,0.0,0.0,67199999.99999999,-13100000.000000002,0.0,666400000.0,0.0,22500000.0,57500000.0,35000000.0,23100000.0,0.0,23100000.0,https://www.sec.gov/Archives/edgar/data/1055160/000119380503000600/0001193805-03-000600-index.html,https://www.sec.gov/Archives/edgar/data/1055160/000119380503000600/e300520_mfa-10q.txt
2003-03-31,MFA,2003-04-23 00:00:00,2003-04-23 09:08:34,Q1,15300000.0,0.0,0.0,0.0,-1700000.0,0.0,0.0,0.0,0.0,8800000.0,22400000.0,0.0,0.0,0.0,0.0,0.0,-60500000.0,0.0,0.0,400000.0,-15000000.0,0.0,8900000.0,0.0,-29200000.0,34800000.0,64000000.0,22400000.0,0.0,22400000.0,https://www.sec.gov/Archives/edgar/data/1055160/000119380503000302/0001193805-03-000302-index.html,https://www.sec.gov/Archives/edgar/data/1055160/000119380503000302/e300299_10-q.txt
2002-12-31,MFA,,,Q4,15000000.0,0.0,0.0,0.0,0.0,0.0,0.0,0.0,0.0,9000000.0,24000000.000000007,0.0,0.0,0.0,0.0,0.0,-45700000.000000045,0.0,0.0,0.0,-15000000.0,0.0,-27000000.0,0.0,-48699999.99999999,64300000.00000001,113000000.0,24000000.000000007,0.0,24000000.000000007,,
2002-09-30,MFA,2002-10-28 00:00:00,2002-10-28 10:55:25,Q3,17400000.000000004,0.0,0.0,0.0,1100000.0000000005,0.0,0.0,1000000.0,0.0,7599999.999999998,26000000.0,0.0,0.0,0.0,0.0,0.0,-58900000.00000009,0.0,0.0,99999.99999999432,-14000000.0,0.0,75300000.00000018,0.0,42400000.0,112400000.0,70000000.0,26000000.0,0.0,26000000.0,https://www.sec.gov/Archives/edgar/data/1055160/000119380502000020/0001193805-02-000020-index.html,https://www.sec.gov/Archives/edgar/data/1055160/000119380502000020/e200010_10-q.txt
2002-06-30,MFA,2002-07-25 00:00:00,2002-07-25 14:37:32,Q2,14100000.0,0.0,0.0,0.0,-500000.0,0.0,0.0,-1000000.0,0.0,6000000.0,19799999.999999996,0.0,0.0,0.0,0.0,0.0,-730499999.9999999,0.0,0.0,89100000.00000001,-10900000.000000002,0.0,736099999.9999999,0.0,25500000.0,70500000.0,45000000.0,19799999.999999996,0.0,19799999.999999996,https://www.sec.gov/Archives/edgar/data/1055160/000114544302000277/0001145443-02-000277-index.html,https://www.sec.gov/Archives/edgar/data/1055160/000114544302000277/d11184.txt
2002-03-31,MFA,2002-05-14 00:00:00,2002-05-14 14:08:14,Q1,9600000.0,0.0,0.0,0.0,-4700000.0,0.0,0.0,0.0,0.0,8800000.0,13600000.0,0.0,0.0,0.0,0.0,0.0,-718600000.0,0.0,0.0,58200000.0,-7700000.0,0.0,691500000.0,0.0,-13600000.0,45400000.0,59000000.0,13600000.0,0.0,13600000.0,https://www.sec.gov/Archives/edgar/data/1055160/000100547702002137/0001005477-02-002137-index.html,https://www.sec.gov/Archives/edgar/data/1055160/000100547702002137/d37347_10-q.txt
2001-12-31,MFA,,,Q4,-7600000.000000001,0.0,0.0,0.0,799999.9999999999,0.0,0.0,0.0,0.0,19500000.0,12799999.999999998,0.0,0.0,0.0,0.0,0.0,-568000000.0,0.0,0.0,59800000.00000001,-4399999.999999999,0.0,591199999.9999999,0.0,36100000.0,58100000.0,22000000.0,12799999.999999998,0.0,12799999.999999998,,
2001-09-30,MFA,2001-11-07 00:00:00,2001-11-07 00:00:00,Q3,5100000.000000001,-300000.0,0.0,0.0,199999.99999999997,0.0,0.0,0.0,0.0,1400000.0,6300000.000000001,0.0,0.0,0.0,0.0,0.0,-574400000.0,0.0,0.0,0.0,-3400000.0,0.0,527200000.0,0.0,-40800000.0,22200000.0,63000000.0,6300000.000000001,0.0,6300000.000000001,https://www.sec.gov/Archives/edgar/data/1055160/000105516001500043/0001055160-01-500043-index.html,https://www.sec.gov/Archives/edgar/data/1055160/000105516001500043/mfaq301.txt
2001-06-30,MFA,2001-08-14 00:00:00,2001-08-14 00:00:00,Q2,2200000.0,99999.99999999999,0.0,0.0,-400000.0,0.0,0.0,0.0,0.0,-1900000.0,0.0,0.0,0.0,0.0,0.0,0.0,-275600000.0,0.0,0.0,67100000.0,-1500000.0,0.0,323900000.0,0.0,48300000.0,63300000.0,15000000.0,0.0,0.0,0.0,https://www.sec.gov/Archives/edgar/data/1055160/000105516001500026/0001055160-01-500026-index.html,https://www.sec.gov/Archives/edgar/data/1055160/000105516001500026/mfaq201.txt
2001-03-31,MFA,2001-05-14 00:00:00,2001-05-14 00:00:00,Q1,4100000.0,400000.0,0.0,0.0,100000.0,0.0,0.0,0.0,0.0,500000.0,5100000.0,0.0,0.0,0.0,0.0,0.0,-30000000.0,0.0,0.0,0.0,-1400000.0,0.0,31500000.0,0.0,6500000.0,14500000.0,8000000.0,5100000.0,0.0,5100000.0,https://www.sec.gov/Archives/edgar/data/1055160/000105516001500022/0001055160-01-500022-index.html,https://www.sec.gov/Archives/edgar/data/1055160/000105516001500022/mfaq101.txt
2000-12-31,MFA,,,Q4,1700000.0000000002,200000.0,0.0,0.0,1800000.0,0.0,0.0,0.0,0.0,100000.00000000009,3800000.0000000005,0.0,0.0,0.0,0.0,0.0,17500000.0,0.0,0.0,-900000.0,-1400000.0,0.0,-26799999.999999996,0.0,-5600000.0,8400000.0,14000000.0,3800000.0000000005,0.0,3800000.0000000005,,
2000-09-30,MFA,2000-11-13 00:00:00,2000-11-13 00:00:00,Q3,3300000.0000000005,100000.0,0.0,0.0,-1600000.0,0.0,0.0,-1000000.0,0.0,-2200000.0,-599999.9999999999,0.0,0.0,0.0,0.0,0.0,-1500000.0,0.0,0.0,0.0,-1299999.9999999998,0.0,-199999.9999999993,0.0,-2200000.0,13800000.0,16000000.0,-599999.9999999999,0.0,-599999.9999999999,https://www.sec.gov/Archives/edgar/data/1055160/000077673400000047/0000776734-00-000047-index.html,https://www.sec.gov/Archives/edgar/data/1055160/000077673400000047/0000776734-00-000047-0001.txt
2000-06-30,MFA,2000-08-11 00:00:00,2000-08-11 00:00:00,Q2,1400000.0,100000.0,0.0,0.0,500000.0,0.0,0.0,0.0,0.0,199999.99999999997,2300000.0,0.0,0.0,0.0,0.0,0.0,18400000.000000004,0.0,0.0,-199999.99999999997,-1300000.0,0.0,-14000000.0,0.0,6600000.000000001,16600000.0,10000000.0,2300000.0,0.0,2300000.0,https://www.sec.gov/Archives/edgar/data/1055160/000077673400000033/0000776734-00-000033-index.html,https://www.sec.gov/Archives/edgar/data/1055160/000077673400000033/0000776734-00-000033-0001.txt
2000-03-31,MFA,2000-05-12 00:00:00,2000-05-12 00:00:00,Q1,1500000.0,0.0,0.0,0.0,-2500000.0,0.0,0.0,1000000.0,0.0,400000.0,-600000.0,0.0,0.0,0.0,0.0,0.0,-43700000.0,0.0,0.0,-400000.0,-1300000.0,0.0,33900000.0,0.0,-10300000.0,9700000.0,20000000.0,-600000.0,0.0,-600000.0,https://www.sec.gov/Archives/edgar/data/1055160/000077673400000018/0000776734-00-000018-index.html,https://www.sec.gov/Archives/edgar/data/1055160/0000776734-00-000018.txt
1999-12-31,MFA,,,Q4,1699999.9999999993,200000.0,0.0,0.0,1500000.0,0.0,0.0,0.0,0.0,-2300000.0,1099999.9999999995,0.0,0.0,0.0,0.0,0.0,-45900000.00000001,0.0,0.0,-400000.0,-1299999.9999999998,0.0,50900000.00000001,0.0,6100000.000000001,20100000.0,14000000.0,1099999.9999999995,0.0,1099999.9999999995,,
1999-09-30,MFA,1999-11-12 00:00:00,1999-11-12 00:00:00,Q3,3100000.0000000005,0.0,0.0,0.0,1100000.0,0.0,0.0,0.0,0.0,400000.0000000001,4600000.0,0.0,0.0,0.0,0.0,0.0,-21699999.99999999,0.0,0.0,0.0,-1099999.9999999995,0.0,24000000.0,0.0,6899999.999999999,13900000.0,7000000.0,4600000.0,0.0,4600000.0,https://www.sec.gov/Archives/edgar/data/1055160/000077562999000027/0000775629-99-000027-index.html,https://www.sec.gov/Archives/edgar/data/1055160/0000775629-99-000027.txt
1999-06-30,MFA,1999-08-13 00:00:00,1999-08-13 00:00:00,Q2,1499999.9999999998,0.0,0.0,0.0,-900000.0000000001,0.0,0.0,-1000000.0,0.0,499999.99999999994,1100000.0,0.0,0.0,0.0,0.0,0.0,-76500000.0,0.0,0.0,0.0,-2500000.0000000005,0.0,71100000.0,0.0,-4300000.0,6700000.0,11000000.0,1100000.0,0.0,1100000.0,https://www.sec.gov/Archives/edgar/data/1055160/000105516099000004/0001055160-99-000004-index.html,https://www.sec.gov/Archives/edgar/data/1055160/0001055160-99-000004.txt
1999-03-31,MFA,1999-05-17 00:00:00,1999-05-17 00:00:00,Q1,1300000.0,0.0,0.0,0.0,-200000.0,0.0,0.0,0.0,0.0,200000.0,1300000.0,0.0,0.0,0.0,0.0,0.0,-100500000.0,0.0,0.0,0.0,-2400000.0,0.0,104400000.0,0.0,5200000.0,11200000.0,6000000.0,1300000.0,0.0,1300000.0,https://www.sec.gov/Archives/edgar/data/1055160/000105516099000002/0001055160-99-000002-index.html,https://www.sec.gov/Archives/edgar/data/1055160/0001055160-99-000002.txt
1998-12-31,MFA,,,Q4,799999.9999999998,400000.0,0.0,0.0,-1799999.9999999998,0.0,0.0,0.0,0.0,0.0,-600000.0000000001,0.0,0.0,0.0,0.0,0.0,-41400000.00000001,0.0,0.0,0.0,-2399999.9999999995,0.0,40199999.99999999,0.0,-1700000.0000000002,6300000.0,8000000.0,-600000.0000000001,0.0,-600000.0000000001,,
1998-09-30,MFA,1998-11-16 00:00:00,1998-11-16 00:00:00,Q3,900000.0000000001,-200000.0,0.0,0.0,1299999.9999999998,0.0,0.0,1000000.0,0.0,0.0,2000000.0,0.0,0.0,0.0,0.0,0.0,-54099999.99999999,0.0,0.0,0.0,-2400000.0000000005,0.0,46100000.00000001,0.0,-6100000.0,7900000.0,14000000.0,2000000.0,0.0,2000000.0,https://www.sec.gov/Archives/edgar/data/1055160/000105516098000021/0001055160-98-000021-index.html,https://www.sec.gov/Archives/edgar/data/1055160/0001055160-98-000021.txt
1998-06-30,MFA,1998-08-14 00:00:00,1998-08-14 00:00:00,Q2,1200000.0,100000.0,0.0,0.0,-2000000.0,0.0,0.0,0.0,0.0,-400000.0,-1100000.0,0.0,0.0,0.0,0.0,0.0,-93600000.00000001,0.0,0.0,0.0,-799999.9999999998,0.0,98300000.0,0.0,3699999.9999999995,3699999.9999999995,0.0,-1100000.0,0.0,-1100000.0,https://www.sec.gov/Archives/edgar/data/1055160/000105516098000019/0001055160-98-000019-index.html,https://www.sec.gov/Archives/edgar/data/1055160/0001055160-98-000019.txt
1998-03-31,MFA,1998-05-15 00:00:00,1998-05-15 00:00:00,Q1,500000.0,0.0,0.0,0.0,600000.0,0.0,0.0,0.0,0.0,0.0,1100000.0,0.0,0.0,0.0,0.0,0.0,200000.0,0.0,0.0,0.0,-1500000.0,0.0,-1500000.0,0.0,-300000.0,70329000.0,70629000.0,1100000.0,0.0,1100000.0,https://www.sec.gov/Archives/edgar/data/1055160/000101158598000014/0001011585-98-000014-index.html,https://www.sec.gov/Archives/edgar/data/1055160/0001011585-98-000014.txt
1997-12-31,MFA,,,Q4,199999.99999999974,0.0,0.0,0.0,1800000.0,0.0,0.0,0.0,0.0,0.0,2000000.0,0.0,0.0,0.0,0.0,0.0,-299999.9999999998,0.0,0.0,0.0,-1500000.0,0.0,-1500000.0,0.0,200000.00000000017,70829000.0,70629000.0,2000000.0,0.0,2000000.0,,
1997-09-30,MFA,,,Q3,700000.0000000002,-100000.0,0.0,0.0,-800000.0,0.0,0.0,0.0,0.0,200000.0,-99999.99999999987,0.0,0.0,0.0,0.0,0.0,700000.0000000002,0.0,0.0,0.0,-1499999.9999999995,0.0,-1499999.9999999995,0.0,-1000000.0,69629000.0,70629000.0,-99999.99999999987,0.0,-99999.99999999987,,
1997-06-30,MFA,,,Q2,1500000.0,100000.0,0.0,0.0,-300000.0,0.0,0.0,0.0,0.0,-200000.0,1200000.0,0.0,0.0,0.0,0.0,0.0,4300000.0,0.0,0.0,0.0,-3100000.0,0.0,-3100000.0,0.0,2400000.0,73029000.0,70629000.0,1200000.0,0.0,1200000.0,,
