date,symbol,fillingDate,acceptedDate,period,netIncome,depreciationAndAmortization,deferredIncomeTax,stockBasedCompensation,changeInWorkingCapital,accountsReceivables,inventory,accountsPayables,otherWorkingCapital,otherNonCashItems,netCashProvidedByOperatingActivities,investmentsInPropertyPlantAndEquipment,acquisitionsNet,purchasesOfInvestments,salesMaturitiesOfInvestments,otherInvestingActivites,netCashUsedForInvestingActivites,debtRepayment,commonStockIssued,commonStockRepurchased,dividendsPaid,otherFinancingActivites,netCashUsedProvidedByFinancingActivities,effectOfForexChangesOnCash,netChangeInCash,cashAtEndOfPeriod,cashAtBeginningOfPeriod,operatingCashFlow,capitalExpenditure,freeCashFlow,link,finalLink
2020-06-30,MITT,2020-08-10 00:00:00,2020-08-10 15:51:34,Q2,3060999.9999999786,0.0,0.0,78000.0,3367999.9999999995,0.0,0.0,0.0,36804000.0,-13019000.000000006,-6590000.0,0.0,0.0,0.0,0.0,652148000.0,652147999.9999999,-3516000.0,3499000.0,3499000.0,0.0,-733939000.0,-709856000.0,-166999.99999999997,-64465000.0,27834000.0,92299000.0,-6590000.0,0.0,-6590000.0,https://www.sec.gov/Archives/edgar/data/1514281/000151428120000094/0001514281-20-000094-index.htm,https://www.sec.gov/Archives/edgar/data/1514281/000151428120000094/mitt-20200630.htm
2020-03-31,MITT,2020-06-12,2020-06-12 17:20:10,Q1,-485017000.0,0.0,0.0,215000.0,-7342000.0,0.0,0.0,0.0,92300000.0,499790000.0,7431000.0,0.0,0.0,-29599000.0,0.0,1976276000.0,1976276000.0,-5707000.0,0.0,0.0,-20401000.0,-1862553000.0,-1975294000.0,-83000.0,8330000.0,90022000.0,81692000.0,7431000.0,0.0,7431000.0,https://www.sec.gov/Archives/edgar/data/1514281/000151428120000070/mitt-20200331.htm,https://www.sec.gov/Archives/edgar/data/1514281/000151428120000070/mitt-20200331.htm
2019-12-31,MITT,2020-02-28,2020-02-28 16:39:52,Q4,35040000.0,0.0,0.0,74000.0,11457000.0,0.0,0.0,0.0,81692000.0,-11427000.000000002,31430000.0,0.0,0.0,-322787000.0,0.0,0.0,451116000.0,2474000.0,-66063000.0,60000.00000000228,-20398000.000000004,0.0,-424977000.0,-41000.0,57528000.00000001,88996000.0,31468000.0,31430000.0,0.0,31430000.0,https://www.sec.gov/Archives/edgar/data/1514281/000151428120000018/agmortgage10k12312019.htm,https://www.sec.gov/Archives/edgar/data/1514281/000151428120000018/agmortgage10k12312019.htm
2019-09-30,MITT,2019-11-05 00:00:00,2019-11-05 13:34:31,Q3,10049000.0,1013000.0000000003,0.0,100000.0,-730000.0000000003,0.0,0.0,0.0,7729924000.0,1700999.9999999986,12033000.000000002,0.0,0.0,-1060588000.0,0.0,-987141000.0,-987141000.0,-2474000.0,0.0,111183000.0,-19723000.0,940117000.0,949917000.0,82000.0,-25109000.0,34988000.0,60097000.0,12033000.000000002,0.0,12033000.000000002,https://www.sec.gov/Archives/edgar/data/1514281/000151428119000116/0001514281-19-000116-index.html,https://www.sec.gov/Archives/edgar/data/1514281/000151428119000116/agmortgage10-qx9302019.htm
2019-06-30,MITT,2019-08-06,2019-08-06 16:03:08,Q2,18677999.999999996,2627000.0,0.0,100000.0,-9085000.0,0.0,0.0,0.0,81500000.0,304000.00000000204,12524000.0,0.0,0.0,-62081000.0,0.0,235988000.0,235519000.0,0.0,99000.0,99000.00000000375,-19718000.0,-217568000.0,-243137999.99999997,0.0,4905000.000000001,55684000.0,50779000.0,12524000.0,0.0,12524000.0,https://www.sec.gov/Archives/edgar/data/1514281/000151428119000075/agmortgage10-qx6302019.htm,https://www.sec.gov/Archives/edgar/data/1514281/000151428119000075/agmortgage10-qx6302019.htm
2019-03-31,MITT,2019-05-03 00:00:00,2019-05-03 15:12:43,Q1,29155000.0,0.0,0.0,99000.0,-3441000.0,0.0,0.0,0.0,7617048000.0,-16463000.0,9251000.0,0.0,0.0,-645249000.0,0.0,-446926000.0,-446457000.0,0.0,65964000.0,65964000.0,-17739000.0,440080000.0,440893000.0,0.0,3687000.0,35266000.0,31579000.0,9251000.0,0.0,9251000.0,https://www.sec.gov/Archives/edgar/data/1514281/000151428119000046/0001514281-19-000046-index.html,https://www.sec.gov/Archives/edgar/data/1514281/000151428119000046/agmortgage10-qx33119.htm
2018-12-31,MITT,2019-02-27,2019-02-27 17:26:13,Q4,-38225000.0,-494000.0,0.0,100000.0,9114000.0,597000.0,0.0,0.0,7393213000.0,48169000.0,20900000.0,0.0,0.0,-569492000.0,0.0,130285000.0,130285000.0,0.0,0.0,0.0,-17735999.999999996,-127482000.0,-143089000.0,0.0,8096000.0,38437000.0,30341000.0,20900000.0,0.0,20900000.0,https://www.sec.gov/Archives/edgar/data/1514281/000151428119000022/agmortgage10k12312018.htm,https://www.sec.gov/Archives/edgar/data/1514281/000151428119000022/agmortgage10k12312018.htm
2018-09-30,MITT,2018-11-09 00:00:00,2018-11-09 12:16:24,Q3,23393000.0,494000.0,0.0,100529.0,3753000.0,19747000.0,0.0,0.0,7638591000.0,-7707999.999999998,19931999.999999996,0.0,0.0,1145700369000.0,0.0,-302204936.0,-300343000.0,0.0,9507419.0,9482000.0,-17487000.000000004,278379670.0,274558000.0,0.0,-5853000.000000002,25247000.0,31100000.0,19931999.999999996,0.0,19931999.999999996,https://www.sec.gov/Archives/edgar/data/1514281/000151428118000019/0001514281-18-000019-index.html,https://www.sec.gov/Archives/edgar/data/1514281/000151428118000019/agmortgage10-qx93018.htm
2018-06-30,MITT,2018-08-07 00:00:00,2018-08-07 15:15:50,Q2,8200000.0,0.0,0.0,99981.0,-4300000.000000001,-247774000.0,0.0,0.0,3154093145.0,8500000.0,12300000.000000004,0.0,0.0,-461249177000.0,0.0,199181825.0,207900000.00000003,0.0,-162274.0,-100000.0,-16700000.0,-186288215.0,-205700000.0,0.0,14500000.0,39800000.0,25300000.0,12300000.000000004,0.0,12300000.000000004,https://www.sec.gov/Archives/edgar/data/1514281/000114420418042392/0001144204-18-042392-index.html,https://www.sec.gov/Archives/edgar/data/1514281/000114420418042392/tv498954_10q.htm
2018-03-31,MITT,2018-05-03 00:00:00,2018-05-03 14:11:56,Q1,8200000.0,0.0,0.0,91490.0,4400000.0,227430000.0,0.0,0.0,3287294712.0,12200000.0,24900000.0,0.0,0.0,-686020111000.0,0.0,133780111.0,123200000.0,0.0,-63145.0,-100000.0,-16800000.0,-94589455.0,-133300000.0,0.0,14800000.0,30000000.0,15200000.0,24900000.0,0.0,24900000.0,https://www.sec.gov/Archives/edgar/data/1514281/000114420418025026/0001144204-18-025026-index.html,https://www.sec.gov/Archives/edgar/data/1514281/000114420418025026/tv491629_10q.htm
2017-12-31,MITT,2018-02-28,2018-02-28 16:53:00,Q4,24299999.999999996,0.0,0.0,59946.0,-2900000.0000000005,-766661000.0,0.0,0.0,3536091718.0,-6300000.000000004,15199999.999999996,0.0,0.0,-653074594000.0,0.0,-358338829.0,-356300000.00000006,0.0,-12273.0,0.0,-19600000.0,260373875.0,291299999.99999994,0.0,-49700000.0,12000000.0,61700000.0,15199999.999999996,0.0,15199999.999999996,https://www.sec.gov/Archives/edgar/data/1514281/000114420418011808/tv484756_10k.htm,https://www.sec.gov/Archives/edgar/data/1514281/000114420418011808/tv484756_10k.htm
2017-09-30,MITT,2017-11-01 00:00:00,2017-11-01 14:50:04,Q3,36000000.0,0.0,0.0,60202.0,4200000.0,-1612514000.0,0.0,0.0,3321300412.0,-22299999.999999996,17900000.000000004,0.0,0.0,-731521037000.0,0.0,-415543805.0,-414200000.00000006,0.0,6900244.0,6899999.999999999,-16500000.0,462928165.0,421800000.0,0.0,25300000.0,54500000.0,29200000.0,17900000.000000004,0.0,17900000.000000004,https://www.sec.gov/Archives/edgar/data/1514281/000114420417055461/0001144204-17-055461-index.html,https://www.sec.gov/Archives/edgar/data/1514281/000114420417055461/tv477356_10q.htm
2017-06-30,MITT,2017-08-09 00:00:00,2017-08-09 13:39:47,Q2,33199999.999999996,0.0,0.0,59967.0,-500000.0,-1405742000.0,0.0,0.0,3003199010.0,-19600000.0,13000000.0,0.0,0.0,-623035066000.0,0.0,-383876779.0,-356900000.0,0.0,1830184.0,1800000.0,-16600000.0,406085733.0,368700000.0,0.0,24900000.0,54500000.0,29600000.0,13000000.0,0.0,13000000.0,https://www.sec.gov/Archives/edgar/data/1514281/000114420417041540/0001144204-17-041540-index.html,https://www.sec.gov/Archives/edgar/data/1514281/000114420417041540/v471245_10q.htm
2017-03-31,MITT,2017-05-04 00:00:00,2017-05-04 16:40:47,Q1,25100000.0,0.0,0.0,59937.0,500000.0,-211830000.0,0.0,0.0,2409577796.0,-12900000.0,12800000.0,0.0,0.0,-218093692000.0,0.0,-9565543.0,1000000.0,0.0,0.0,0.0,-16500000.0,-16597600.0,-40500000.0,0.0,-26700000.0,25800000.0,52500000.0,12800000.0,0.0,12800000.0,https://www.sec.gov/Archives/edgar/data/1514281/000114420417024577/0001144204-17-024577-index.html,https://www.sec.gov/Archives/edgar/data/1514281/000114420417024577/v464895_10q.htm
2016-12-31,MITT,2017-03-01,2017-03-01 15:37:36,Q4,-1099999.9999999944,0.0,0.0,29996.0,-600000.0,301615000.0,0.0,0.0,2390638302.0,25600000.0,23799999.999999996,0.0,0.0,-40489202000.0,0.0,321354005.0,321300000.0,0.0,0.0,0.0,-16500000.0,-316973013.0,-330200000.0,0.0,6400000.0,52400000.0,46000000.0,23799999.999999996,0.0,23799999.999999996,https://www.sec.gov/Archives/edgar/data/1514281/000114420417012099/v459504_10k.htm,https://www.sec.gov/Archives/edgar/data/1514281/000114420417012099/v459504_10k.htm
2016-09-30,MITT,2016-11-04 00:00:00,2016-11-04 13:59:51,Q3,46199999.99999999,0.0,0.0,29969.0,1600000.0,981944000.0,0.0,0.0,2659223317.0,-28900000.0,18900000.000000007,0.0,0.0,-2862251.0,0.0,31157831.0,28300000.00000001,0.0,0.0,-2800000.000000001,-16599999.999999994,-26942472.0,-43000000.0,0.0,4200000.0,46100000.0,41900000.0,18900000.000000007,0.0,18900000.000000007,https://www.sec.gov/Archives/edgar/data/1514281/000114420416131656/0001144204-16-131656-index.html,https://www.sec.gov/Archives/edgar/data/1514281/000114420416131656/v450983_10q.htm
2016-06-30,MITT,2016-08-05,2016-08-05 14:17:24,Q2,21000000.0,0.0,0.0,29973.0,499999.9999999999,1323381000.0,0.0,0.0,2546951272.0,-3400000.0000000005,18199999.999999996,0.0,0.0,-4330042.0,0.0,309642997.0,305300000.0,0.0,0.0,-4399999.999999999,-16800000.000000004,-304540664.0,-322299999.99999994,0.0,1199999.9999999993,41900000.0,40700000.0,18199999.999999996,0.0,18199999.999999996,https://www.sec.gov/Archives/edgar/data/1514281/000114420416116847/v444845_10q.htm,https://www.sec.gov/Archives/edgar/data/1514281/000114420416116847/v444845_10q.htm
2016-03-31,MITT,2016-05-06 00:00:00,2016-05-06 12:11:46,Q1,-2400000.0,0.0,0.0,29964.0,-1400000.0,-21029000.0,0.0,0.0,2600519308.0,18500000.0,14600000.0,0.0,0.0,-2736322.0,0.0,-111579560.0,-114300000.0,0.0,0.0,-2700000.0,-16900000.0,110339163.0,94100000.0,0.0,-5600000.0,40700000.0,46300000.0,14600000.0,0.0,14600000.0,https://www.sec.gov/Archives/edgar/data/1514281/000114420416099465/0001144204-16-099465-index.html,https://www.sec.gov/Archives/edgar/data/1514281/000114420416099465/v437661_10q.htm
2015-12-31,MITT,2016-02-26,2016-02-26 17:51:31,Q4,-500000.0,0.0,0.0,29956.0,0.0,-476540000.0,0.0,0.0,2687964222.0,8799999.999999996,8200000.000000003,0.0,0.0,-472892.0,0.0,127193251.0,126700000.00000001,0.0,0.0,-500000.0,-20399999.99999999,-177219280.0,-146700000.0,0.0,-1900000.000000002,46200000.0,48100000.0,8200000.000000003,0.0,8200000.000000003,https://www.sec.gov/Archives/edgar/data/1514281/000114420416084692/v431646_10k.htm,https://www.sec.gov/Archives/edgar/data/1514281/000114420416084692/v431646_10k.htm
2015-09-30,MITT,2015-11-05 00:00:00,2015-11-05 14:42:06,Q3,-299999.99999999895,0.0,0.0,29979.0,700000.0,178139000.0,0.0,0.0,2902756939.0,500000.0,1000000.0,0.0,0.0,-102095225000.0,0.0,-62409169.0,-62400000.00000001,0.0,0.0,0.0,-20400000.000000007,7575111.0,16299999.999999955,0.0,-25600000.0,48200000.0,73800000.0,1000000.0,0.0,1000000.0,https://www.sec.gov/Archives/edgar/data/1514281/000114420415063028/0001144204-15-063028-index.html,https://www.sec.gov/Archives/edgar/data/1514281/000114420415063028/v422692_10q.htm
2015-06-30,MITT,2015-08-06 00:00:00,2015-08-06 12:03:02,Q2,1799999.999999999,0.0,0.0,29981.0,3200000.0,275716000.0,0.0,0.0,3054443045.0,17100000.0,22099999.999999996,0.0,0.0,-117105747000.0,0.0,176806191.0,176800000.0,0.0,0.0,0.0,-20400000.0,-121611737.0,-170399999.99999997,0.0,31700000.000000004,73800000.0,42100000.0,22099999.999999996,0.0,22099999.999999996,https://www.sec.gov/Archives/edgar/data/1514281/000114420415046795/0001144204-15-046795-index.html,https://www.sec.gov/Archives/edgar/data/1514281/000114420415046795/v416151_10q.htm
2015-03-31,MITT,2015-05-07 00:00:00,2015-05-07 15:42:26,Q1,12800000.0,0.0,0.0,29973.0,-2400000.0,490583000.0,0.0,0.0,3190929957.0,12900000.0,23300000.0,0.0,0.0,-270027414000.0,0.0,72984542.0,73000000.0,0.0,0.0,0.0,-20400000.0,-59394894.0,-118500000.0,0.0,-22300000.0,42100000.0,64400000.0,23300000.0,0.0,23300000.0,https://www.sec.gov/Archives/edgar/data/1514281/000114420415028352/0001144204-15-028352-index.html,https://www.sec.gov/Archives/edgar/data/1514281/000114420415028352/v408199_10q.htm
2014-12-31,MITT,2015-03-02,2015-03-02 16:28:01,Q4,14700000.000000004,0.0,0.0,39223.0,-700000.0000000002,-218532000.0,0.0,0.0,3187005295.0,-10100000.000000002,4000000.0,0.0,0.0,-249539241000.0,0.0,95975381.0,96000000.00000003,0.0,0.0,0.0,-20399999.99999999,-59191670.0,-96800000.00000001,0.0,20700000.0,64400000.0,43700000.0,4000000.0,0.0,4000000.0,https://www.sec.gov/Archives/edgar/data/1514281/000114420415013300/v401642_10k.htm,https://www.sec.gov/Archives/edgar/data/1514281/000114420415013300/v401642_10k.htm
2014-09-30,MITT,2014-11-06 00:00:00,2014-11-06 16:30:10,Q3,22299999.999999996,0.0,0.0,17719.0,-600000.0000000001,758337000.0,0.0,0.0,162847364.0,10800000.000000004,32400000.0,0.0,0.0,-213516233000.0,0.0,308634812.0,308600000.0,0.0,0.0,0.0,-20400000.000000007,-249566723.0,-299099999.99999994,0.0,32500000.0,43700000.0,11200000.0,32400000.0,0.0,32400000.0,https://www.sec.gov/Archives/edgar/data/1514281/000114420414065695/0001144204-14-065695-index.html,https://www.sec.gov/Archives/edgar/data/1514281/000114420414065695/v391935_10q.htm
2014-06-30,MITT,2014-08-11 00:00:00,2014-08-11 14:36:39,Q2,41200000.0,0.0,0.0,40325.0,-3300000.0000000005,-66242000.0,0.0,0.0,-31467331.0,-55300000.00000001,-17400000.000000004,0.0,0.0,-277300383000.0,0.0,110993216.0,110800000.00000001,0.0,0.0,0.0,-20400000.0,-163630038.0,-158600000.0,0.0,-22100000.0,11200000.0,33300000.0,-17400000.000000004,0.0,-17400000.000000004,https://www.sec.gov/Archives/edgar/data/1514281/000114420414048426/0001144204-14-048426-index.html,https://www.sec.gov/Archives/edgar/data/1514281/000114420414048426/v384480_10q.htm
2014-03-31,MITT,2014-05-07 00:00:00,2014-05-07 17:05:16,Q1,31200000.0,0.0,0.0,50103.0,-300000.0,-339191000.0,0.0,0.0,138735394.0,-7300000.0,23600000.0,0.0,0.0,-240437084000.0,0.0,-189021649.0,-188800000.0,0.0,0.0,0.0,-20400000.0,162611239.0,112300000.0,0.0,-52900000.0,33300000.0,86200000.0,23600000.0,0.0,23600000.0,https://www.sec.gov/Archives/edgar/data/1514281/000114420414028293/0001144204-14-028293-index.html,https://www.sec.gov/Archives/edgar/data/1514281/000114420414028293/v375934_10q.htm
2013-12-31,MITT,2014-02-28,2014-02-28 14:42:02,Q4,16900000.0,0.0,0.0,49614.0,-1199999.9999999998,1017168000.0,0.0,0.0,54067526.0,10100000.000000022,25800000.00000001,0.0,0.0,-438621633000.0,0.0,105450498.0,105399999.99999999,0.0,0.0,0.0,-20400000.000000007,-98188698.0,-80100000.00000001,0.0,51100000.0,86200000.0,35100000.0,25800000.00000001,0.0,25800000.00000001,https://www.sec.gov/Archives/edgar/data/1514281/000114420414012449/v368440_10k.htm,https://www.sec.gov/Archives/edgar/data/1514281/000114420414012449/v368440_10k.htm
2013-09-30,MITT,2013-11-05 00:00:00,2013-11-05 15:34:07,Q3,6000000.0,0.0,0.0,45845.0,3099999.9999999995,3635055000.0,0.0,0.0,87127889.0,-54800000.00000001,-45800000.00000001,0.0,0.0,-982349497000.0,0.0,988208754.0,988200000.0,0.0,6456.0,0.0,-26000000.0,-1063173771.0,-1050400000.0,0.0,-34900000.00000001,35599999.99999999,70500000.0,-45800000.00000001,0.0,-45800000.00000001,https://www.sec.gov/Archives/edgar/data/1514281/000114420413058805/0001144204-13-058805-index.html,https://www.sec.gov/Archives/edgar/data/1514281/000114420413058805/v357836_10q.htm
2013-06-30,MITT,2013-08-07 00:00:00,2013-08-07 16:58:47,Q2,-71300000.0,0.0,0.0,46003.0,2200000.0,387544000.0,0.0,0.0,518178772.0,183300000.0,114400000.0,0.0,0.0,-860298451000.0,0.0,121529113.0,121599999.99999997,0.0,18378087.0,18400000.000000004,-25400000.0,-100127466.0,-133600000.0,0.0,29300000.00000001,70000000.00000001,40700000.0,114400000.0,0.0,114400000.0,https://www.sec.gov/Archives/edgar/data/1514281/000114420413043654/0001144204-13-043654-index.html,https://www.sec.gov/Archives/edgar/data/1514281/000114420413043654/v350602_10q.htm
2013-03-31,MITT,2013-05-07 00:00:00,2013-05-07 17:21:28,Q1,16800000.0,0.0,0.0,40255.0,-1000000.0,-2137987000.0,0.0,0.0,164209008.0,20700000.0,36400000.0,0.0,0.0,-837247918000.0,0.0,-306371186.0,-306400000.0,0.0,14791745.0,14800000.0,-21900000.0,205513754.0,161100000.0,0.0,-108900000.0,40700000.0,149600000.0,36400000.0,0.0,36400000.0,https://www.sec.gov/Archives/edgar/data/1514281/000114420413026873/0001144204-13-026873-index.html,https://www.sec.gov/Archives/edgar/data/1514281/000114420413026873/v342354_10q.htm
2012-12-31,MITT,2013-03-06,2013-03-06 15:45:12,Q4,17800000.00000001,0.0,0.0,-83419.0,8300000.0,446683000.0,0.0,0.0,241995716.0,26199999.999999996,52400000.0,0.0,0.0,-1000.0,0.0,1971383222.0,-129500000.0,0.0,-58072896.0,97599999.99999997,-20699999.999999996,-1850003383.0,146099999.9999999,0.0,69100000.0,149600000.0,80500000.0,52400000.0,0.0,52400000.0,https://www.sec.gov/Archives/edgar/data/1514281/000114420413013218/v335530_10k.htm,https://www.sec.gov/Archives/edgar/data/1514281/000114420413013218/v335530_10k.htm
2012-09-30,MITT,2012-11-14 00:00:00,2012-11-14 20:15:53,Q3,61199999.99999999,0.0,0.0,41437.0,-7300000.000000001,-7522875000.0,0.0,0.0,89161812.0,-27400000.0,26500000.0,0.0,0.0,-2208761117000.0,0.0,-2029048290.0,-2029000000.0,0.0,146938502.0,308000000.0,-11500000.0,1853994417.0,2065600000.0000005,0.0,63000000.0,80500000.0,17500000.0,26500000.0,0.0,26500000.0,https://www.sec.gov/Archives/edgar/data/1514281/000114420412062930/0001144204-12-062930-index.html,https://www.sec.gov/Archives/edgar/data/1514281/000114420412062930/v324870_10q.htm
2012-06-30,MITT,2012-08-08 00:00:00,2012-08-08 17:04:36,Q2,44900000.0,0.0,0.0,40000.0,2500000.0,-620582000.0,0.0,0.0,158075794.0,-23000000.0,24400000.0,0.0,0.0,-406742824000.0,0.0,-135624330.0,-135599999.9999999,0.0,0.0,0.0,-11100000.000000002,115610999.0,107899999.99999987,0.0,-3399999.9999999986,17400000.0,20800000.0,24400000.0,0.0,24400000.0,https://www.sec.gov/Archives/edgar/data/1514281/000114420412043708/0001144204-12-043708-index.html,https://www.sec.gov/Archives/edgar/data/1514281/000114420412043708/v317156_10q.htm
2012-03-31,MITT,2012-05-15,2012-05-15 14:49:40,Q1,11000000.0,0.0,0.0,40005.0,-3600000.0,-3501463000.0,0.0,0.0,99189224.0,4100000.0,11500000.0,0.0,0.0,-1222126033000.0,0.0,-1168956276.0,-1169000000.0,0.0,109250000.0,109300000.0,-7000000.0,1060963520.0,1142400000.0,0.0,-15000000.0,20900000.0,35900000.0,11500000.0,0.0,11500000.0,https://www.sec.gov/Archives/edgar/data/1514281/000119312512234136/d333722d10q.htm,https://www.sec.gov/Archives/edgar/data/1514281/000119312512234136/d333722d10q.htm
2011-12-31,MITT,2012-03-19,2012-03-19 16:58:44,Q4,5800000.000000001,0.0,0.0,73892000.0,1500000.0,-107387000.0,0.0,0.0,39300548.0,3400000.0,10500000.0,0.0,0.0,-652517906000.0,0.0,-25607099.0,-94200000.00000004,0.0,0.0,0.0,-4000000.0,-25607099.0,58100000.000000134,0.0,-25600000.0,35900000.0,61500000.0,10500000.0,0.0,10500000.0,https://www.sec.gov/Archives/edgar/data/1514281/000119312512121710/d276752d10k.htm,https://www.sec.gov/Archives/edgar/data/1514281/000119312512121710/d276752d10k.htm
2011-09-30,MITT,2011-11-14 00:00:00,2011-11-14 14:39:36,Q3,13200000.0,0.0,0.0,102273000.0,-2400000.0,-4112253000.0,0.0,0.0,64275511.0,-6000000.0,4900000.0,0.0,0.0,-1551839634000.0,0.0,61457561.0,-1268000000.0,0.0,0.0,200100000.0,0.0,61457561.0,1324600000.0,0.0,61500000.0,61500000.0,0.0,4900000.0,0.0,4900000.0,https://www.sec.gov/Archives/edgar/data/1514281/000119312511310467/0001193125-11-310467-index.html,https://www.sec.gov/Archives/edgar/data/1514281/000119312511310467/d226641d10q.htm
2011-06-30,MITT,2011-08-12 00:00:00,2011-08-12 17:08:46,Q2,0.0,0.0,0.0,-399000.0,0.0,0.0,0.0,0.0,-14818.0,0.0,0.0,0.0,0.0,0.0,0.0,746963787.0,0.0,6901000.0,-66063000.0,0.0,0.0,-807033213.0,0.0,0.0,0.0,0.0,0.0,0.0,0.0,0.0,https://www.sec.gov/Archives/edgar/data/1514281/000119312511221561/0001193125-11-221561-index.html,https://www.sec.gov/Archives/edgar/data/1514281/000119312511221561/d10q.htm
