date,symbol,fillingDate,acceptedDate,period,netIncome,depreciationAndAmortization,deferredIncomeTax,stockBasedCompensation,changeInWorkingCapital,accountsReceivables,inventory,accountsPayables,otherWorkingCapital,otherNonCashItems,netCashProvidedByOperatingActivities,investmentsInPropertyPlantAndEquipment,acquisitionsNet,purchasesOfInvestments,salesMaturitiesOfInvestments,otherInvestingActivites,netCashUsedForInvestingActivites,debtRepayment,commonStockIssued,commonStockRepurchased,dividendsPaid,otherFinancingActivites,netCashUsedProvidedByFinancingActivities,effectOfForexChangesOnCash,netChangeInCash,cashAtEndOfPeriod,cashAtBeginningOfPeriod,operatingCashFlow,capitalExpenditure,freeCashFlow,link,finalLink
2020-06-30,NETE,,,Q2,-325272.0,772401.0,0,7499,991125.0,-1819889,0,880841,-1607833,0.0,-763654.0,0,0,0,0,25966,25966.0,-14392,0,-259140.0,0,1081843,808311.0,8620.0,79243.0,1340812.0,1261569,-763654.0,-67681.0,-695973.0,,
2020-03-31,NETE,,,Q1,-1366220.0,779440.0,0,38400,1465400.0,2520395,0,-1419019,-2598958,-430250.0,448370.0,0,0,0,0,-420982,-420980.0,-145040,0,0.0,0,863671,111960.0,5970.0,145310.0,631910.0,486600,448370.0,0.0,448370.0,,
2019-12-31,NETE,,,Q4,-2789460.0,765689.9999999998,0,15007,-518270.0000000002,-1005139,0,845439,-1743866,1786080.0,-755960.0,325628,0,0,0,-691180,-365549.9999999998,2538736,0,0.0,0,-1471173,1073610.0,15790.0,-32110.00000000008,460549.99999999994,492660,-755960.0,325630.0,-430330.0,,
2019-09-30,NETE,,,Q3,-1010630.0,755980.0000000001,0,15008,-1049019.9999999998,-423880,0,-1364108,-807803,504960.0,-798710.0,-463628,0,0,0,56083,-407540.00000000023,-2492099,0,0.0,0,3010409,865829.9999999999,-6550.0,-346989.9999999999,493180.0000000001,840170,-798710.0,4659.999999999997,-794050.0,,
2019-06-30,NETE,,,Q2,-1537440.0,747350.0000000001,0,2005841,-1000950.0,13976,0,-248683,-2199579,1430870.0,-360170.0,0,0,0,0,-614068,-614069.9999999999,-106384,0,0.0,0,1788644,1319080.0,18770.000000000004,363610.0,840600.0,476990,-360170.0,-55159.99999999999,-415330.0,,
2019-03-31,NETE,,,Q1,-1120850.0,851220.0,0,0,529650.0,1155900,0,1067010,0,-497830.0,-237810.0,0,0,0,0,0,-1064500.0,0,0,0.0,0,0,196990.0,-12500.0,-1117810.0,527670.0,1645480,-237810.0,-413130.0,-650940.0,,
2018-12-31,NETE,,,Q4,-1511190.0,625189.9999999999,0,15006,1101860.0,-1883356,0,3058618,-2682873,-210190.00000000003,5669.999999999842,0,0,0,0,-1561558,-1561560.0,-1326598,0,0.0,0,1253142,844170.0,-49440.0,-761150.0000000007,1801949.9999999993,2563100,5669.999999999842,109.99999999999899,5779.999999999841,,
2018-09-30,NETE,,,Q3,-914990.0000000003,459449.9999999999,0,22500,639989.9999999998,-191804,0,24352,-1536388,-587610.0,-383159.9999999997,-9898,0,0,0,-3088191,-3096640.0,-384944,0,0.0,0,-4087667,-497800.0,-4960.000000000001,-3982569.999999999,2557430.000000001,6540000,-383159.9999999997,-115040.0,-498199.9999999997,,
2018-06-30,NETE,,,Q2,-899999.9999999997,670000.0000000002,0,22500,-2070000.0,-461525,0,-1566462,-542077,570000.0,-1750000.0000000002,12291,0,0,0,-476466,-470000.0,-590785,0,0.0,0,-2513397,-449999.99999999994,20000.0,-2650000.0000000005,6540000.0,9190000,-1750000.0000000002,0.0,-1750000.0000000002,,
2018-03-31,NETE,,,Q1,-1610000.0,700000.0,0,82011,180000.0,1032930,0,-545306,2973286,-410000.0,-1140000.0,-2393,0,0,0,-401980,-400000.0,-482807,0,0.0,0,9124903,-550000.0,0.0,-2090000.0,9200000.0,11290000,-1140000.0,0.0,-1140000.0,,
2017-12-31,NETE,,,Q4,-4080000.0,669999.9999999997,0,2104206,-1670000.0,-418840,0,-552659,3719641,2619999.9999999995,-2460000.0000000005,-103341,0,-504437,0,72396,-540000.0,-647833,13734337,13730000.0,0,10648184,13369999.999999996,-40000.0,10340000.0,11260000.0,920000,-2460000.0000000005,-100000.0,-2560000.0000000005,,
2017-09-30,NETE,,,Q3,-1700000.0000000002,630000.0000000001,0,239814,330000.00000000006,1508130,0,-545334,4374686,840000.0000000001,90000.0000000003,0,0,-414514,0,-102993,-510000.0,273971,-287034,-290000.00000000006,0,-256762,80000.00000000007,-9999.999999999998,-350000.00000000006,920000.0,1270000,90000.0000000003,0.0,90000.0000000003,,
2017-06-30,NETE,,,Q2,-1639999.9999999998,570000.0,0,0,-380000.0,1402637,0,-2294445,-4536915,-310000.0,-1740000.0000000002,-355,0,-562562,0,180423,-390000.0,-475079,0,0.0,0,3553672,2620000.0,-30000.0,460000.0,1270000.0,810000,-1740000.0000000002,0.0,-1740000.0000000002,,
2017-03-31,NETE,,,Q1,-2490000.0,660000.0,0,596404,730000.0,510498,0,449284,-5243846,150000.0,-960000.0,355,0,-403585,0,0,-400000.0,-149839,1437132,1440000.0,0,1019399,1490000.0,60000.0,190000.0,810000.0,620000,-960000.0,0.0,-960000.0,,
2016-12-31,NETE,,,Q4,-2830000.0,970000.0000000002,0,355161,-2740000.0,-2140760,0,-368025,-6466151,2399999.9999999995,-2210000.0,1159629,0,-1319820,0,0,-159999.9999999999,-871361,0,300000.0,0,1858579,1749999.9999999995,-150000.00000000003,-760000.0,630000.0,1390000,-2210000.0,1160000.0,-1050000.0,,
2016-09-30,NETE,,,Q3,-3470000.0,770000.0,0,732701,1400000.0,-278818,0,3944788,-6276927,1690000.0,399999.9999999999,-605204,0,0,0,214046,-390000.0000000001,681832,0,0.0,0,620663,550000.0000000003,190000.0,750000.0,1380000.0,630000,399999.9999999999,-1140000.0,-740000.0000000002,,
2016-06-30,NETE,,,Q2,-5340000.0,840000.0,0,2014589,1960000.0,-768019,0,1086148,-4102391,2030000.0000000002,-520000.0,-344695,0,0,0,-214046,-559999.9999999999,0,0,0.0,0,1049082,1140000.0,-150000.0,-90000.00000000001,630000.0,720000,-520000.0,190000.00000000003,-329999.99999999994,,
2016-03-31,NETE,,,Q1,-1850000.0,890000.0,0,360984,-140000.0,436453,0,-865158,-4053632,150000.0,-950000.0,-396819,0,0,0,0,-400000.0,-910045,0,0.0,0,2619599,990000.0,60000.0,-300000.0,730000.0,1030000,-950000.0,-400000.0,-1350000.0,,
2015-12-31,NETE,,,Q4,-4730000.0,589999.9999999999,0,3103562,1920000.0000000002,-298776,0,1431700,-4127819,4029999.999999999,1819999.9999999998,-454835,0,0,0,-68277,-519999.9999999996,318727,0,0.0,0,72565,-319999.9999999994,-269999.99999999994,710000.0,1030000.0,320000,1819999.9999999998,-99999.99999999999,1719999.9999999998,,
2015-09-30,NETE,,,Q3,-4520000.0,849999.9999999999,0,0,49999.99999999999,-1469958,0,1221140,-3095375,2580000.0,-1039999.9999999997,-119475,0,0,0,-145881,-270000.0,-650000,0,0.0,0,856241,569999.9999999994,380000.0,-360000.0,320000.0,680000,-1039999.9999999997,-410000.0,-1449999.9999999995,,
2015-06-30,NETE,,,Q2,-1759999.9999999998,630000.0000000001,0,601371,-680000.0,152224,0,-160082,-3167235,-490000.00000000006,-2300000.0000000005,-303775,0,0,0,-3253654,-3550000.0000000005,133710,0,5500000.0,0,5243208,5460000.000000001,300000.00000000006,-90000.0,680000.0,770000,-2300000.0000000005,-60000.00000000001,-2360000.0000000005,,
2015-03-31,NETE,,,Q1,-2240000.0,440000.0,0,601371,1080000.0,114305,0,667819,-826401,560000.0,-170000.0,0,0,0,0,-6849,-10000.0,-133710,0,0.0,0,1666279,770000.0,-330000.0,260000.0,760000.0,500000,-170000.0,-10000.0,-180000.0,,
2014-12-31,NETE,,,Q4,-2979999.9999999995,459999.99999999994,0,2991836,-1389999.9999999998,-6624825,0,-27653,-1854596,3200000.0,-710000.0,0,0,0,0,-449223,-449999.99999999994,1551534,0,0.0,0,1208972,2760000.0,-2510000.0,-900000.0,510000.0,1410000,-710000.0,-740000.0,-1450000.0,,
2014-09-30,NETE,,,Q3,-4960000.0,679999.9999999999,0,522980,839999.9999999999,2503158,0,241407,-737903,3010000.0,-419999.99999999994,0,0,0,0,-82835,-80000.00000000007,-12099886,0,0.0,0,13113190,1010000.0000000002,-370000.0000000001,130000.00000000012,1400000.0000000002,1270000,-419999.99999999994,-10000.0,-429999.99999999994,,
2014-06-30,NETE,,,Q2,1340000.0,630000.0,0,700468,2990000.0,1283696,0,-299957,801222,-2310000.0,2639999.9999999995,97117,0,0,0,-1307393,-1210000.0,1287324,0,0.0,0,-5080531,-3790000.0,2850000.0,499999.9999999999,1280000.0,780000,2639999.9999999995,100000.0,2739999.9999999995,,
2014-03-31,NETE,,,Q1,-3590000.0,590000.0,0,52050,3720000.0,4487829,0,-252415,326823,20000.0,740000.0,-97117,0,0,0,46113,-50000.0,-754240,0,0.0,0,847239,90000.0,-130000.0,650000.0,780000.0,130000,740000.0,-100000.0,640000.0,,
2013-12-31,NETE,,,Q4,-20970000.000000004,790000.0000000003,0,16324820,-910000.0,-2182793,0,724748,-6247973,16650000.0,-4440000.0,0,0,-300417,0,-110150,-410000.0000000001,38591,0,0.0,0,-2626114,859999.9999999999,200000.0,-3800000.0,130000.0,3930000,-4440000.0,-380000.0,-4820000.0,,
2013-09-30,NETE,,,Q3,-3870000.000000001,799999.9999999999,0,75000,-70000.00000000006,1620499,0,869060,-7971665,829999.9999999983,-2320000.0000000005,0,0,-28113,0,73263,40000.00000000004,5062020,0,0.0,0,929068,4070000.0,140000.0,1950000.0000000002,3960000.0,2010000,-2320000.0000000005,20000.0,-2300000.0000000005,,
2013-06-30,NETE,,,Q2,-20240000.0,610000.0,0,150000,6300000.0,0,0,674425,-3070046,16490000.000000002,3160000.0,0,0,-200000,0,4668308,-610000.0000000003,-5175611,0,-10000.00000000001,0,5403470,-2390000.0,-170000.0,-20000.00000000002,2010000.0,2030000,3160000.0,-20000.0,3140000.0,,
2013-03-31,NETE,,,Q1,-3230000.0,40000.0,0,0,-4500000.0,0,0,0,541644,470000.0,-7210000.0,0,0,0,0,0,5080000.0,0,0,-470000.0,0,0,610000.0,-30000.0,-1550000.0,2000000.0,3550000,-7210000.0,0.0,-7210000.0,,
2012-12-31,NETE,,,Q4,-7480000.0,140000.0,0,0,-5500000.0,0,0,0,0,-3210000.0,-16049999.999999996,0,0,0,0,0,-7150000.0,0,0,4100000.0,0,0,23810000.0,280000.0,900000.0000000003,910000.0000000003,10000,-16049999.999999996,-170000.00000000003,-16219999.999999996,,
2012-09-30,NETE,,,Q3,-1810000.0000000005,-60000.0,0,0,-10379999.999999998,0,0,0,0,5990000.0,-6270000.000000001,0,0,0,0,0,30000.000000000025,0,0,0.0,0,0,7380000.0,10000.0,1140000.0,1160000.0,20000,-6270000.000000001,30000.000000000025,-6240000.000000001,,
2012-06-30,NETE,2012-08-09 00:00:00,2012-08-09 16:12:48,Q2,-2580000.0,120000.0,0,0,250000.0,0,0,121620,0,609999.9999999999,-1579999.9999999998,-60057,0,0,0,-68341,-130000.0,75000,0,0.0,0,3244149,2619999.9999999995,-10000.0,899999.9999999999,909999.9999999999,10000,-1579999.9999999998,-130000.0,-1709999.9999999998,https://www.sec.gov/Archives/edgar/data/1293330/000114420412044039/0001144204-12-044039-index.html,https://www.sec.gov/Archives/edgar/data/1293330/000114420412044039/v319251_10q.htm
2012-03-31,NETE,,,Q1,-4520000.0,70000.0,0,0,180000.0,0,0,160278,-2179474,3000000.0,-1280000.0,-21886,0,0,0,-168738,-190000.0,-75000,0,0.0,0,2775145,2020000.0,0.0,550000.0,630000.0,80000,-1280000.0,-190000.0,-1470000.0,,
2011-12-31,NETE,,,Q4,-24620000.0,310000.0,0,-1800,319999.99999999994,0,0,-293753,-2071946,19000000.0,-5000000.0,44941,0,-300000,0,1034595,-870000.0,306670,0,130000.0,0,1210883,3520000.0,0.0,-2350000.0,-2190000.0,160000,-5000000.0,-780000.0,-5780000.0,,
2011-09-30,NETE,2011-11-14 00:00:00,2011-11-14 11:57:58,Q3,-110000.00000000001,0.0,0,1800,90000.0,0,0,111271,-2483921,0.0,-20000.000000000004,-15708,0,0,0,-197547,0.0,-134069,0,0.0,0,2710880,0.0,0.0,-30000.000000000007,456600.0,486600,-20000.000000000004,0.0,-20000.000000000004,https://www.sec.gov/Archives/edgar/data/1293330/000114420411063797/0001144204-11-063797-index.html,https://www.sec.gov/Archives/edgar/data/1293330/000114420411063797/v239368_10q.htm
2011-06-30,NETE,2011-08-15 00:00:00,2011-08-12 19:43:40,Q2,-19999.99999999999,0.0,0,-2026000,-20000.000000000004,-4921000,0,11194116,-187553,0.0,-39999.99999999999,8074272,0,0,0,-7347393,0.0,31201336,-31057000,0.0,0,2490000,0.0,0.0,-40000.0,170000.0,210000,-39999.99999999999,0.0,-39999.99999999999,https://www.sec.gov/Archives/edgar/data/1293330/000114420411046312/0001144204-11-046312-index.html,https://www.sec.gov/Archives/edgar/data/1293330/000114420411046312/v231326_10q.htm
2011-03-31,NETE,2011-05-16 00:00:00,2011-05-16 14:01:41,Q1,-100000.0,0.0,0,0,80000.0,0,0,0,0,0.0,-20000.0,0,0,0,0,0,10000.0,0,0,0.0,0,0,0.0,0.0,0.0,486600.0,486600,-20000.0,0.0,-20000.0,https://www.sec.gov/Archives/edgar/data/1293330/000114420411029746/0001144204-11-029746-index.html,https://www.sec.gov/Archives/edgar/data/1293330/000114420411029746/v222773_10-q.htm
2010-12-31,NETE,,,Q4,-150000.0,0.0,0,0,-30000.0,0,0,-30000,0,0.0,-180000.0,0,0,0,0,0,-46180000.0,0,0,2170000.0000000005,0,0,46540000.0,0.0,180000.0,210000.0,30000,-180000.0,0.0,-180000.0,,
2010-06-22,NETE,2010-08-10 00:00:00,2010-08-10 16:55:36,Q3,-10000.0,0.0,0,0,10000.0,0,0,0,0,0.0,0.0,0,0,0,0,0,0.0,0,0,30000.0,0,0,30000.0,0.0,30000.0,30000.0,0,0.0,0.0,0.0,https://www.sec.gov/Archives/edgar/data/1293330/000114420410042595/0001144204-10-042595-index.html,https://www.sec.gov/Archives/edgar/data/1293330/000114420410042595/v192483_10q.htm
