date,symbol,fillingDate,acceptedDate,period,netIncome,depreciationAndAmortization,deferredIncomeTax,stockBasedCompensation,changeInWorkingCapital,accountsReceivables,inventory,accountsPayables,otherWorkingCapital,otherNonCashItems,netCashProvidedByOperatingActivities,investmentsInPropertyPlantAndEquipment,acquisitionsNet,purchasesOfInvestments,salesMaturitiesOfInvestments,otherInvestingActivites,netCashUsedForInvestingActivites,debtRepayment,commonStockIssued,commonStockRepurchased,dividendsPaid,otherFinancingActivites,netCashUsedProvidedByFinancingActivities,effectOfForexChangesOnCash,netChangeInCash,cashAtEndOfPeriod,cashAtBeginningOfPeriod,operatingCashFlow,capitalExpenditure,freeCashFlow,link,finalLink
2020-06-30,PEI,,,Q2,-23119000.0,31899000.0,0.0,0.0,-19293000.0,0.0,0.0,0.0,-263253000.0,-7606999.999999999,-18120000.0,0.0,0.0,0.0,0.0,-17842000.0,-17842000.0,177000.0,0.0,114000.00000000004,-8433000.0,110734000.0,73255000.0,0.0,37293000.0,42644000.0,5351000.0,-18120000.0,-23060999.999999996,-41180999.99999999,,
2020-03-31,PEI,2020-05-21 00:00:00,2020-05-21 16:17:08,Q1,-13549000.0,31257000.0,0.0,1624000.0,-1317000.0,0.0,0.0,0.0,-246720000.0,-1997000.0,14394000.0,0.0,0.0,0.0,0.0,-28792000.0,-28792000.0,-212000.0,0.0,424000.0,-23336000.0,28422000.0,6367000.0,0.0,-8031000.0,4180000.0,12211000.0,14394000.0,-27285000.0,-12891000.0,https://www.sec.gov/Archives/edgar/data/77281/000156459020026556/0001564590-20-026556-index.htm,https://www.sec.gov/Archives/edgar/data/77281/000156459020026556/pei-10q_20200331.htm
2019-12-31,PEI,2020-03-16,2020-03-13 18:57:54,Q4,-15413000.0,40874999.99999999,0.0,7000000.0,10044000.0,0.0,0.0,0.0,-201528000.0,-3786999.999999999,31718999.999999993,0.0,0.0,0.0,0.0,-43499000.0,-43498999.99999999,-177000.0,0.0,278000.0,-23139000.00000001,30313000.0,13516000.0,0.0,1736000.0000000007,13445000.0,11709000.0,31718999.999999993,-40681999.99999999,-8962999.999999996,https://www.sec.gov/Archives/edgar/data/77281/000156459020010906/pei-10k_20191231.htm,https://www.sec.gov/Archives/edgar/data/77281/000156459020010906/pei-10k_20191231.htm
2019-09-30,PEI,2019-11-04 00:00:00,2019-11-04 16:27:03,Q3,24716000.0,32468000.0,0.0,1822000.0,-4852000.0,0.0,0.0,0.0,-165917000.0,-35007000.0,17325000.000000004,0.0,0.0,0.0,0.0,-21601000.0,-21601000.0,-17000.0,0.0,335999.99999999994,-23126999.999999996,8419000.0,-4364000.0,0.0,-8640000.0,6587000.0,15227000.0,17325000.000000004,-30438000.000000004,-13112999.999999998,https://www.sec.gov/Archives/edgar/data/77281/000156459019039818/0001564590-19-039818-index.html,https://www.sec.gov/Archives/edgar/data/77281/000156459019039818/pei-10q_20190930.htm
2019-06-30,PEI,2019-08-02 00:00:00,2019-08-02 15:11:06,Q2,-6080000.000000002,33229000.0,0.0,1889000.0,14147000.0,0.0,0.0,0.0,-132622000.0,-1964000.0000000002,39332000.0,0.0,0.0,0.0,0.0,-27501000.0,-27500999.999999996,-65000.0,0.0,336000.0,-23123000.0,13213000.0,-7941000.0,0.0,3890000.0000000005,14306000.0,10416000.0,39332000.0,-43465000.0,-4133000.0,https://www.sec.gov/Archives/edgar/data/77281/000156459019028323/0001564590-19-028323-index.html,https://www.sec.gov/Archives/edgar/data/77281/000156459019028323/pei-10q_20190630.htm
2019-03-31,PEI,2019-05-07 00:00:00,2019-05-07 17:24:41,Q1,-16223000.0,36191000.0,0.0,1922000.0,-737000.0,0.0,0.0,0.0,-116240000.0,3785000.0,23016000.0,0.0,0.0,0.0,0.0,-38749000.0,-38749000.0,-13000.0,0.0,306000.0,-21773000.0,31289000.0,5930000.0,0.0,-9803000.0,8281000.0,18084000.0,23016000.0,-34521000.0,-11505000.0,https://www.sec.gov/Archives/edgar/data/77281/000007728119000034/0000077281-19-000034-index.html,https://www.sec.gov/Archives/edgar/data/77281/000007728119000034/a2019q110q03-31x19.htm
2018-12-31,PEI,2019-02-25,2019-02-25 17:11:07,Q4,-88834000.0,33359000.0,0.0,500000.0,10047000.0,8122000.0,0.0,0.0,-8002000.0,86078000.0,40650000.00000001,0.0,0.0,0.0,0.0,-41699000.0,-41699000.0,993000.0,0.0,291999.9999999998,-21640000.0,14063000.0,1469999.9999999988,0.0,421000.00000000006,19715000.0,19294000.0,40650000.00000001,-41856000.00000001,-1206000.000000004,https://www.sec.gov/Archives/edgar/data/77281/000007728119000017/a2018q410-k.htm,https://www.sec.gov/Archives/edgar/data/77281/000007728119000017/a2018q410-k.htm
2018-09-30,PEI,2018-11-01 00:00:00,2018-11-01 14:30:04,Q3,-1668999.999999997,34139000.0,0.0,1757000.0,-13772000.0,0.0,0.0,0.0,16095000.0,416000.00000000035,19114000.000000004,0.0,0.0,0.0,0.0,-52888000.0,-52868000.0,-8000.0,0.0,318000.00000000006,-21679999.999999993,934000.0,9024999.99999999,0.0,-24729000.0,17471000.0,42200000.0,19114000.000000004,-35733999.99999999,-16619999.99999999,https://www.sec.gov/Archives/edgar/data/77281/000007728118000084/0000077281-18-000084-index.html,https://www.sec.gov/Archives/edgar/data/77281/000007728118000084/a2018q310q9-30x18.htm
2018-06-30,PEI,2018-08-03 00:00:00,2018-08-03 15:16:21,Q2,-32300000.0,34000000.0,0.0,1711000.0,9700000.0,0.0,0.0,0.0,72906000.0,32600000.0,44099999.99999999,0.0,0.0,0.0,0.0,-56948000.0,-57000000.0,-6078000.0,0.0,300000.00000000006,-21600000.0,-60834000.0,-34700000.0,0.0,-47600000.00000001,41599999.99999999,89200000.0,44099999.99999999,-34300000.0,9799999.999999994,https://www.sec.gov/Archives/edgar/data/77281/000007728118000070/0000077281-18-000070-index.html,https://www.sec.gov/Archives/edgar/data/77281/000007728118000070/a2018q210q06-30x18.htm
2018-03-31,PEI,2018-05-04 00:00:00,2018-05-04 15:35:59,Q1,-3700000.0,34700000.0,0.0,1924000.0,3800000.0,0.0,0.0,0.0,124884000.0,-3700000.0,31000000.0,0.0,0.0,0.0,0.0,109968000.0,110000000.0,-436000.0,0.0,500000.0,-21600000.0,33790000.0,-70600000.0,0.0,70400000.0,85700000.0,15300000.0,31000000.0,-16700000.0,14300000.0,https://www.sec.gov/Archives/edgar/data/77281/000007728118000041/0000077281-18-000041-index.html,https://www.sec.gov/Archives/edgar/data/77281/000007728118000041/a2018q110q03-31x2018.htm
2017-12-31,PEI,2018-02-16,2018-02-16 14:09:30,Q4,8700000.000000004,34800000.00000001,0.0,500000.0,16600000.0,0.0,0.0,0.0,514000.0,-12899999.999999998,47199999.99999999,0.0,0.0,0.0,0.0,-18578000.0,-21500000.0,0.0,0.0,-109900000.0,-22399999.99999999,-133359000.0,-86500000.0,0.0,-60699999.99999999,16200000.000000004,76900000.0,47199999.99999999,-38699999.99999999,8500000.0,https://www.sec.gov/Archives/edgar/data/77281/000007728118000018/a2017q410-k.htm,https://www.sec.gov/Archives/edgar/data/77281/000007728118000018/a2017q410-k.htm
2017-09-30,PEI,2017-11-02 00:00:00,2017-11-02 14:51:21,Q3,12299999.999999996,30599999.999999996,0.0,1399000.0,-13600000.0,0.0,0.0,0.0,111687000.0,-5600000.000000001,23700000.000000004,0.0,0.0,0.0,0.0,-1390000.0,-7400000.000000006,0.0,0.0,116300000.00000001,-21700000.000000004,108954000.0,36400000.0,0.0,52599999.99999999,71600000.0,19000000.0,23700000.000000004,-49400000.00000001,-25700000.000000004,https://www.sec.gov/Archives/edgar/data/77281/000007728117000055/0000077281-17-000055-index.html,https://www.sec.gov/Archives/edgar/data/77281/000007728117000055/a2017q310q09-30x17.htm
2017-06-30,PEI,2017-08-09 00:00:00,2017-08-09 13:01:30,Q2,-53300000.0,33600000.0,0.0,1622000.0,-6299999.999999999,0.0,0.0,0.0,-3237000.0,57800000.0,31800000.000000004,0.0,0.0,0.0,0.0,-70850000.0,-69300000.0,-60000.0,0.0,800000.0000000114,-21700000.0,54845000.0,39800000.0,0.0,2299999.999999999,21000000.0,18700000.0,31800000.000000004,-51999999.99999999,-20199999.999999985,https://www.sec.gov/Archives/edgar/data/77281/000007728117000043/0000077281-17-000043-index.html,https://www.sec.gov/Archives/edgar/data/77281/000007728117000043/a2017q210q06-30x17.htm
2017-03-31,PEI,2017-04-27 00:00:00,2017-04-27 13:18:38,Q1,-500000.0,32500000.0,0.0,1497000.0,9700000.0,0.0,0.0,0.0,-85249000.0,-2300000.0,39400000.0,0.0,0.0,0.0,0.0,-7461000.0,-7200000.0,-11000.0,0.0,166700000.0,-20300000.0,11045000.0,-22300000.0,0.0,9900000.0,19700000.0,9800000.0,39400000.0,-29100000.0,10300000.0,https://www.sec.gov/Archives/edgar/data/77281/000007728117000025/0000077281-17-000025-index.html,https://www.sec.gov/Archives/edgar/data/77281/000007728117000025/a2017q110q03-31x17.htm
2016-12-31,PEI,2017-02-28,2017-02-28 14:49:31,Q4,-26700000.0,35100000.00000001,0.0,600000.0,-4600000.0,0.0,0.0,0.0,-98171000.0,39700000.0,43399999.99999999,0.0,0.0,0.0,0.0,-65909000.0,-65900000.0,-2000.0,0.0,400000.0,-18500000.0,5895000.0,6900000.000000006,0.0,-15600000.0,9800000.0,25400000.0,43399999.99999999,-57000000.0,-13600000.00000001,https://www.sec.gov/Archives/edgar/data/77281/000007728117000012/a2016q410-k.htm,https://www.sec.gov/Archives/edgar/data/77281/000007728117000012/a2016q410-k.htm
2016-09-30,PEI,2016-11-04 00:00:00,2016-11-04 13:57:18,Q3,2900000.0000000005,27499999.999999993,0.0,1587000.0,-14100000.0,0.0,0.0,0.0,-57895000.0,7600000.0,23900000.000000007,0.0,0.0,0.0,0.0,-20948000.0,-20899999.99999999,-13000.0,0.0,300000.00000000006,-18600000.0,28774000.0,5599999.999999994,0.0,8500000.0,25300000.0,16800000.0,23900000.000000007,-37899999.99999999,-13999999.999999983,https://www.sec.gov/Archives/edgar/data/77281/000007728116000134/0000077281-16-000134-index.html,https://www.sec.gov/Archives/edgar/data/77281/000007728116000134/a2016q310q09-30x16.htm
2016-06-30,PEI,2016-07-28 00:00:00,2016-07-28 16:05:26,Q2,9200000.0,32400000.000000007,0.0,1358000.0,2099999.9999999995,0.0,0.0,0.0,-37568000.0,-7899999.999999999,35800000.0,0.0,0.0,0.0,0.0,18072000.0,18000000.0,-2801000.0,0.0,300000.0,-18600000.0,-63706000.0,-67500000.0,0.0,-13600000.0,16900000.0,30500000.0,35800000.0,-25800000.000000004,9999999.999999996,https://www.sec.gov/Archives/edgar/data/77281/000007728116000123/0000077281-16-000123-index.html,https://www.sec.gov/Archives/edgar/data/77281/000007728116000123/a2016q210q06-30x16.htm
2016-03-31,PEI,2016-04-29 00:00:00,2016-04-29 16:12:53,Q1,1900000.0,34400000.0,0.0,1573000.0,8900000.0,0.0,0.0,0.0,-51985000.0,-700000.0,44500000.0,0.0,0.0,0.0,0.0,70756000.0,70800000.0,-521000.0,0.0,300000.0,-18500000.0,-62083000.0,-107600000.0,0.0,7600000.0,30500000.0,22900000.0,44500000.0,-17900000.0,26600000.0,https://www.sec.gov/Archives/edgar/data/77281/000007728116000108/0000077281-16-000108-index.html,https://www.sec.gov/Archives/edgar/data/77281/000007728116000108/a2016q110q03-31x16.htm
2015-12-31,PEI,2016-02-26,2016-02-26 16:32:18,Q4,-44800000.0,37100000.000000015,0.0,600000.0,-3099999.9999999995,0.0,0.0,0.0,-1821000.0,55299999.99999998,44699999.99999999,0.0,0.0,0.0,0.0,-23102000.0,-23100000.000000022,-240000000.0,0.0,299999.9999999998,-18500000.000000007,234386000.0,-20799999.99999998,0.0,699999.9999999993,22800000.0,22100000.0,44699999.99999999,-27899999.999999978,16800000.00000001,https://www.sec.gov/Archives/edgar/data/77281/000007728116000093/a2015q410-k.htm,https://www.sec.gov/Archives/edgar/data/77281/000007728116000093/a2015q410-k.htm
2015-09-30,PEI,2015-10-29 00:00:00,2015-10-29 15:41:52,Q3,-36199999.99999999,36699999.99999999,0.0,1451000.0,-10800000.0,0.0,0.0,0.0,-1114000.0,38500000.00000001,28100000.0,0.0,0.0,0.0,0.0,11915000.0,11899999.999999978,0.0,0.0,400000.0000000001,-18400000.0,-43810000.0,-49199999.99999999,0.0,-9200000.000000002,22100000.0,31300000.0,28100000.0,-24800000.00000001,3299999.99999999,https://www.sec.gov/Archives/edgar/data/77281/000007728115000072/0000077281-15-000072-index.html,https://www.sec.gov/Archives/edgar/data/77281/000007728115000072/a2015q310q09-30x15.htm
2015-06-30,PEI,2015-08-03 00:00:00,2015-08-03 14:43:24,Q2,-34700000.0,37500000.0,0.0,1424000.0,4000000.0,0.0,0.0,0.0,-54081000.0,29099999.999999996,36000000.0,0.0,0.0,0.0,0.0,-30942000.0,-30899999.999999978,0.0,0.0,399999.99999999994,-18500000.0,-2865000.0,-11200000.000000045,0.0,-6100000.0,31400000.0,37500000.0,36000000.0,-21300000.00000001,14699999.99999999,https://www.sec.gov/Archives/edgar/data/77281/000007728115000061/0000077281-15-000061-index.html,https://www.sec.gov/Archives/edgar/data/77281/000007728115000061/a2015q210q06-30x15.htm
2015-03-31,PEI,2015-05-04 00:00:00,2015-05-04 16:46:53,Q1,-13900000.0,33900000.0,0.0,1803000.0,-1800000.0,0.0,0.0,0.0,-135020000.0,8800000.0,26900000.0,0.0,0.0,0.0,0.0,-336970000.0,-337000000.0,120000000.0,0.0,300000.0,-18500000.0,239089000.0,307100000.0,0.0,-3000000.0,37400000.0,40400000.0,26900000.0,-329900000.0,-303000000.0,https://www.sec.gov/Archives/edgar/data/77281/000007728115000041/0000077281-15-000041-index.html,https://www.sec.gov/Archives/edgar/data/77281/000007728115000041/q11510q03-31x15.htm
2014-12-31,PEI,2015-02-23,2015-02-23 14:08:34,Q4,18999999.999999996,36900000.0,0.0,800000.0,3800000.0,0.0,0.0,0.0,80999000.0,-13200000.0,46599999.99999999,0.0,0.0,0.0,0.0,-33473000.0,-33399999.99999999,-260000000.0,0.0,199999.99999999974,-17699999.999999996,238713000.0,-24000000.0,0.0,-11000000.0,40400000.0,51400000.0,46599999.99999999,-42200000.0,4399999.999999994,https://www.sec.gov/Archives/edgar/data/77281/000007728115000010/q41410-k2014.htm,https://www.sec.gov/Archives/edgar/data/77281/000007728115000010/q41410-k2014.htm
2014-09-30,PEI,2014-10-31 00:00:00,2014-10-31 13:24:04,Q3,-899999.9999999986,34399999.99999999,0.0,1508000.0,-20500000.0,0.0,0.0,0.0,86829000.0,1800000.0000000007,14700000.000000004,0.0,0.0,0.0,0.0,104463000.0,104399999.99999999,0.0,0.0,399999.9999999999,-17700000.000000004,-64106000.0,-98600000.0,0.0,20700000.0,51400000.0,30700000.0,14700000.000000004,-34599999.99999999,-19899999.999999993,https://www.sec.gov/Archives/edgar/data/77281/000007728114000069/0000077281-14-000069-index.html,https://www.sec.gov/Archives/edgar/data/77281/000007728114000069/q31410q09-30x14.htm
2014-06-30,PEI,2014-08-01 00:00:00,2014-08-01 10:50:22,Q2,-24000000.0,36800000.00000001,0.0,3339000.0,21100000.0,0.0,0.0,0.0,68736000.0,19900000.0,53800000.0,0.0,0.0,0.0,0.0,-8783000.0,-8699999.999999996,0.0,0.0,800000.0000000003,-17700000.0,-34910000.0,-46800000.0,0.0,-1800000.0,30800000.0,32600000.0,53800000.0,-24800000.000000004,28999999.999999996,https://www.sec.gov/Archives/edgar/data/77281/000007728114000057/0000077281-14-000057-index.html,https://www.sec.gov/Archives/edgar/data/77281/000007728114000057/q21410q06-30x14.htm
2014-03-31,PEI,2014-04-25 00:00:00,2014-04-25 13:22:41,Q1,-8400000.0,36500000.0,0.0,2124000.0,-1500000.0,0.0,0.0,0.0,52542000.0,3300000.0,30000000.0,0.0,0.0,0.0,0.0,-30557000.0,-30600000.0,130000000.0,0.0,1900000.0,-17700000.0,-84798000.0,-1100000.0,0.0,-1700000.0,32500000.0,34200000.0,30000000.0,-32900000.0,-2900000.0,https://www.sec.gov/Archives/edgar/data/77281/000007728114000038/0000077281-14-000038-index.html,https://www.sec.gov/Archives/edgar/data/77281/000007728114000038/pei-20140331x10q.htm
2013-12-31,PEI,2014-02-28,2014-02-28 12:29:09,Q4,7800000.000000004,36999999.999999985,0.0,800000.0,5700000.0,0.0,0.0,0.0,-49331000.0,1199999.9999999958,51699999.99999999,0.0,0.0,0.0,0.0,-30481000.0,-30500000.000000004,0.0,211000.0,1900000.0000000056,-17600000.0,10892000.0,-11899999.999999978,0.0,9299999.999999998,34200000.0,24900000.0,51699999.99999999,-33399999.99999999,18300000.0,https://www.sec.gov/Archives/edgar/data/77281/000007728114000019/pei-20131231x10kxq4.htm,https://www.sec.gov/Archives/edgar/data/77281/000007728114000019/pei-20131231x10kxq4.htm
2013-09-30,PEI,2013-10-30 00:00:00,2013-10-30 15:28:31,Q3,12599999.999999998,36699999.99999999,0.0,1824000.0,-7500000.0,0.0,0.0,0.0,-29572000.0,-15000000.0,26700000.000000004,0.0,60879000.0,0.0,0.0,23131000.0,23100000.0,0.0,0.0,500000.0,-16300000.0,-22884000.0,-42500000.000000015,0.0,7400000.0,24900000.0,17500000.0,26700000.000000004,-24799999.999999996,1900000.000000006,https://www.sec.gov/Archives/edgar/data/77281/000007728113000022/0000077281-13-000022-index.html,https://www.sec.gov/Archives/edgar/data/77281/000007728113000022/pei-20130930x10q.htm
2013-06-30,PEI,2013-07-26 00:00:00,2013-07-26 11:08:43,Q2,-9000000.0,36400000.00000001,0.0,2209000.0,13500000.0,0.0,0.0,0.0,15007000.0,4100000.000000001,44900000.0,0.0,-60879000.0,0.0,0.0,-79846000.0,-79800000.00000001,-97500000.0,220300000.0,220400000.0,-16200000.000000004,-107794000.0,18899999.99999999,0.0,-16200000.0,17400000.0,33600000.0,44900000.0,-77100000.0,-32200000.0,https://www.sec.gov/Archives/edgar/data/77281/000007728113000008/0000077281-13-000008-index.html,https://www.sec.gov/Archives/edgar/data/77281/000007728113000008/pei-20130630x10q.htm
2013-03-31,PEI,2013-04-26 00:00:00,2013-04-26 14:41:44,Q1,25800000.0,36000000.0,0.0,2213000.0,-17500000.0,0.0,0.0,0.0,12005000.0,-31500000.0,12900000.0,0.0,0.0,0.0,0.0,117937000.0,117900000.0,-84500000.0,0.0,700000.0,-14100000.0,-2900000.0,-131200000.0,0.0,-300000.0,33700000.0,34000000.0,12900000.0,-8900000.0,4000000.0,https://www.sec.gov/Archives/edgar/data/77281/000119312513177263/0001193125-13-177263-index.html,https://www.sec.gov/Archives/edgar/data/77281/000119312513177263/d506179d10q.htm
2012-12-31,PEI,2013-03-01,2013-03-01 11:10:18,Q4,-6899999.999999999,37799999.99999998,0.0,500000.0,6900000.0,0.0,0.0,0.0,72463000.0,5600000.0,43399999.99999999,0.0,0.0,0.0,0.0,-25553000.0,-25600000.0,-56183000.0,0.0,77200000.0,-12500000.0,62722000.0,-10200000.0,0.0,7699999.999999999,33900000.0,26200000.0,43399999.99999999,-25500000.0,17899999.99999999,https://www.sec.gov/Archives/edgar/data/77281/000119312513086626/d444435d10k.htm,https://www.sec.gov/Archives/edgar/data/77281/000119312513086626/d444435d10k.htm
2012-09-30,PEI,2012-10-26 00:00:00,2012-10-26 15:45:16,Q3,-12900000.000000002,35300000.00000001,0.0,3517000.0,-10100000.0,0.0,0.0,0.0,48561000.0,1600000.0000000005,13900000.000000006,0.0,0.0,0.0,0.0,-20083000.0,-20100000.0,-1096000.0,0.0,1000000.0,-11900000.000000002,40170000.0,17900000.0,0.0,11700000.0,26300000.0,14600000.0,13900000.000000006,-26700000.0,-12799999.999999994,https://www.sec.gov/Archives/edgar/data/77281/000119312512437556/0001193125-12-437556-index.html,https://www.sec.gov/Archives/edgar/data/77281/000119312512437556/d410310d10q.htm
2012-06-30,PEI,2012-08-01 00:00:00,2012-08-01 10:48:37,Q2,-12400000.0,35300000.0,0.0,2649000.0,4200000.0,0.0,0.0,0.0,-18457000.0,3300000.0,30400000.0,0.0,0.0,0.0,0.0,-30132000.0,-30100000.0,-448000.0,0.0,111000000.0,-10399999.999999998,-13794000.0,-11799999.999999998,0.0,-11400000.0,14600000.0,26000000.0,30400000.0,-20100000.0,10300000.0,https://www.sec.gov/Archives/edgar/data/77281/000119312512327580/0001193125-12-327580-index.html,https://www.sec.gov/Archives/edgar/data/77281/000119312512327580/d355464d10q.htm
2012-03-31,PEI,2012-04-30 00:00:00,2012-04-30 17:17:35,Q1,-10400000.0,35800000.0,0.0,2042000.0,4800000.0,0.0,0.0,0.0,30344000.0,2500000.0,32600000.0,0.0,0.0,0.0,0.0,-12410000.0,-12400000.0,-273000.0,0.0,300000.0,-8300000.0,18673000.0,-15900000.0,0.0,4200000.0,26000000.0,21800000.0,32600000.0,-10200000.0,22400000.0,https://www.sec.gov/Archives/edgar/data/77281/000119312512196638/0001193125-12-196638-index.html,https://www.sec.gov/Archives/edgar/data/77281/000119312512196638/d328383d10q.htm
2011-12-31,PEI,2012-02-29,2012-02-29 15:33:38,Q4,-500000.0,37500000.0,0.0,2303000.0,-7699999.999999999,0.0,0.0,0.0,-33370000.0,2199999.999999996,31599999.999999993,0.0,0.0,0.0,0.0,-17824000.0,-17900000.000000004,0.0,0.0,100000.00000000009,-8399999.999999998,-22471000.0,-22299999.999999996,0.0,-8500000.0,21800000.0,30300000.0,31599999.999999993,-19400000.0,12199999.999999994,https://www.sec.gov/Archives/edgar/data/77281/000119312512088875/d277588d10k.htm,https://www.sec.gov/Archives/edgar/data/77281/000119312512088875/d277588d10k.htm
2011-09-30,PEI,2011-11-02 00:00:00,2011-11-02 16:13:35,Q3,-59500000.00000001,36200000.0,0.0,2126000.0,-7900000.0,0.0,0.0,0.0,10147000.0,53000000.0,21900000.000000007,0.0,0.0,0.0,0.0,-4065000.0,-4000000.0,0.0,0.0,7300000.000000001,-8300000.0,2835000.0,-11700000.000000004,0.0,6199999.999999999,30400000.0,24200000.0,21900000.000000007,-20000000.0,1900000.000000006,https://www.sec.gov/Archives/edgar/data/77281/000119312511292774/0001193125-11-292774-index.html,https://www.sec.gov/Archives/edgar/data/77281/000119312511292774/d241018d10q.htm
2011-06-30,PEI,2011-08-01 00:00:00,2011-08-01 13:47:54,Q2,-19000000.0,38500000.0,0.0,-2103000.0,9500000.0,370000.0,4689000.0,6323000.0,-16574000.0,2600000.0,31499999.999999996,2144000.0,0.0,0.0,0.0,117000.0,9200000.0,4548000.0,-3670000.0,-8900000.0,-8399999.999999998,-71587000.0,-54400000.0,0.0,-13799999.999999998,24100000.0,37900000.0,31499999.999999996,-13399999.999999998,18099999.999999996,https://www.sec.gov/Archives/edgar/data/77281/000119312511204277/0001193125-11-204277-index.html,https://www.sec.gov/Archives/edgar/data/77281/000119312511204277/d10q.htm
2011-03-31,PEI,2011-04-29 00:00:00,2011-04-29 15:06:56,Q1,-14900000.0,36100000.0,0.0,2198000.0,-4500000.0,0.0,0.0,0.0,75639000.0,3600000.0,20300000.0,0.0,0.0,0.0,0.0,0.0,-9100000.0,0.0,0.0,100000.0,-8300000.0,0.0,-15600000.0,0.0,-4400000.0,37900000.0,42300000.0,20300000.0,-9000000.0,11300000.0,https://www.sec.gov/Archives/edgar/data/77281/000119312511118245/0001193125-11-118245-index.html,https://www.sec.gov/Archives/edgar/data/77281/000119312511118245/d10q.htm
2010-12-31,PEI,2011-03-01,2011-03-01 16:44:56,Q4,-8600000.000000002,41399999.999999985,0.0,2114000.0,900000.0000000001,0.0,0.0,0.0,83059000.0,1500000.000000001,35200000.0,0.0,0.0,0.0,0.0,0.0,-22599999.999999993,0.0,0.0,900000.0000000057,-8300000.0,0.0,-14000000.0,0.0,-1399999.9999999986,42300000.0,43700000.0,35200000.0,-18000000.0,17200000.0,https://www.sec.gov/Archives/edgar/data/77281/000119312511052256/d10k.htm,https://www.sec.gov/Archives/edgar/data/77281/000119312511052256/d10k.htm
2010-09-30,PEI,2010-11-08 00:00:00,2010-11-08 15:24:00,Q3,-3599999.9999999944,45300000.0,0.0,2113000.0,-6800000.0,0.0,0.0,0.0,78543000.0,-15400000.0,19499999.999999993,0.0,0.0,0.0,0.0,0.0,118699999.99999999,0.0,0.0,0.0,-8300000.0,0.0,-123699999.99999999,0.0,14500000.0,43800000.0,29300000.0,19499999.999999993,-17700000.0,1799999.999999993,https://www.sec.gov/Archives/edgar/data/77281/000119312510251935/0001193125-10-251935-index.html,https://www.sec.gov/Archives/edgar/data/77281/000119312510251935/d10q.htm
2010-06-30,PEI,2010-08-06 00:00:00,2010-08-06 15:16:43,Q2,-23700000.000000004,46000000.00000001,0.0,2078000.0,12000000.0,0.0,0.0,0.0,-1733868000.0,3399999.9999999995,37700000.0,0.0,27000.0,0.0,0.0,0.0,-11399999.999999998,0.0,0.0,159899999.99999997,-8300000.0,0.0,-31299999.999999996,0.0,-5000000.0,29200000.0,34200000.0,37700000.0,-8700000.000000002,29000000.0,https://www.sec.gov/Archives/edgar/data/77281/000119312510181236/0001193125-10-181236-index.html,https://www.sec.gov/Archives/edgar/data/77281/000119312510181236/d10q.htm
2010-03-31,PEI,2010-04-29 00:00:00,2010-04-28 19:21:04,Q1,-18500000.0,43599999.99999999,0.0,1725000.0,-3400000.0,10000000.0,0.0,0.0,-1726018000.0,2700000.0,24400000.0,0.0,-27000.0,0.0,0.0,0.0,-3700000.0,0.0,0.0,300000.0,-6700000.0,0.0,-60700000.0,0.0,-40000000.0,34200000.0,74200000.0,24400000.0,-11600000.0,12800000.0,https://www.sec.gov/Archives/edgar/data/77281/000119312510097136/0001193125-10-097136-index.html,https://www.sec.gov/Archives/edgar/data/77281/000119312510097136/d10q.htm
2009-12-31,PEI,2010-03-16,2010-03-16 16:41:01,Q4,-64199999.99999999,47600000.00000001,0.0,1853000.0,99999.99999999964,0.0,0.0,0.0,129546000.0,55800000.00000001,39099999.99999999,0.0,331000.0,0.0,0.0,0.0,12899999.99999999,0.0,0.0,99999.99999999999,-6699999.999999999,0.0,-68100000.0,0.0,-16000000.0,74200000.0,90200000.0,39099999.99999999,-29200000.00000002,9899999.999999978,https://www.sec.gov/Archives/edgar/data/77281/000119312510058453/d10k.htm,https://www.sec.gov/Archives/edgar/data/77281/000119312510058453/d10k.htm
2009-09-30,PEI,2009-11-09 00:00:00,2009-11-09 15:31:58,Q3,-10200000.0,43200000.0,0.0,2061000.0,-9300000.0,0.0,0.0,0.0,-1657497000.0,-3699999.999999999,20200000.000000004,0.0,-199000.0,0.0,0.0,0.0,-12599999.999999994,0.0,0.0,200000.0,-6500000.0,0.0,52800000.0,0.0,60300000.0,90300000.0,30000000.0,20200000.000000004,-33099999.999999993,-12899999.99999999,https://www.sec.gov/Archives/edgar/data/77281/000119312509229266/0001193125-09-229266-index.html,https://www.sec.gov/Archives/edgar/data/77281/000119312509229266/d10q.htm
2009-06-30,PEI,2009-08-10 00:00:00,2009-08-10 14:20:31,Q2,-4199999.999999999,42900000.00000001,0.0,1686000.0,4900000.0,0.0,0.0,0.0,-1702190000.0,-6800000.000000001,36800000.0,0.0,-581000.0,0.0,0.0,0.0,-43000000.0,0.0,0.0,100000.0,-6299999.999999999,0.0,16800000.0,0.0,10700000.0,30000000.0,19300000.0,36800000.0,-48600000.0,-11800000.0,https://www.sec.gov/Archives/edgar/data/77281/000119312509170392/0001193125-09-170392-index.html,https://www.sec.gov/Archives/edgar/data/77281/000119312509170392/d10q.htm
2009-03-31,PEI,2009-05-11 00:00:00,2009-05-11 17:10:37,Q1,-11500000.0,41300000.0,0.0,2169000.0,8400000.0,0.0,0.0,0.0,-1677292000.0,1900000.0,40000000.0,0.0,-9000.0,0.0,0.0,0.0,-60700000.0,0.0,0.0,100000.0,-11400000.0,0.0,30200000.0,0.0,9500000.0,19300000.0,9800000.0,40000000.0,-57400000.0,-17400000.0,https://www.sec.gov/Archives/edgar/data/77281/000119312509107330/0001193125-09-107330-index.html,https://www.sec.gov/Archives/edgar/data/77281/000119312509107330/d10q.htm
2008-12-31,PEI,2009-03-02,2009-03-02 15:58:37,Q4,-599999.9999999979,41000000.0,0.0,2192000.0,-15000000.0,-10000000.0,0.0,0.0,-1688514000.0,4800000.0,30200000.000000004,0.0,795000.0,0.0,0.0,0.0,-92699999.99999999,0.0,0.0,200000.00000000017,-22400000.000000007,0.0,52799999.99999998,0.0,-9600000.000000002,9899999.999999998,19500000.0,30200000.000000004,-82100000.00000001,-51900000.000000015,https://www.sec.gov/Archives/edgar/data/77281/000119312509042504/d10k.htm,https://www.sec.gov/Archives/edgar/data/77281/000119312509042504/d10k.htm
2008-09-30,PEI,2008-11-07 00:00:00,2008-11-07 16:03:31,Q3,-8900000.0,35099999.99999999,0.0,2199000.0,-2300000.0000000005,0.0,0.0,0.0,-1616256000.0,3699999.9999999995,27700000.000000004,0.0,-8183000.0,0.0,0.0,0.0,-103800000.00000001,0.0,0.0,599999.9999999999,-22500000.0,0.0,72200000.00000001,0.0,-4000000.0,19400000.0,23400000.0,27700000.000000004,-112900000.0,-85200000.0,https://www.sec.gov/Archives/edgar/data/77281/000119312508229988/0001193125-08-229988-index.html,https://www.sec.gov/Archives/edgar/data/77281/000119312508229988/d10q.htm
2008-06-30,PEI,2008-08-11 00:00:00,2008-08-11 15:11:50,Q2,-3800000.0000000005,36300000.00000001,0.0,4243000.0,-5800000.000000001,0.0,0.0,0.0,-1690662000.0,700000.0000000002,27299999.999999996,0.0,-483000.0,0.0,0.0,0.0,-84799999.99999999,0.0,0.0,1200000.0000000002,-22400000.0,0.0,60199999.99999999,0.0,2800000.0,23500000.0,20700000.0,27299999.999999996,-78899999.99999999,-51599999.99999999,https://www.sec.gov/Archives/edgar/data/77281/000119312508173297/0001193125-08-173297-index.html,https://www.sec.gov/Archives/edgar/data/77281/000119312508173297/d10q.htm
2008-03-31,PEI,2008-05-09 00:00:00,2008-05-09 16:20:28,Q1,-3100000.0,34500000.0,0.0,0.0,5900000.0,0.0,0.0,0.0,-1634531000.0,2400000.0,39800000.0,0.0,-4043000.0,0.0,0.0,0.0,-71900000.0,0.0,0.0,600000.0,-22400000.0,0.0,24900000.0,0.0,-7300000.0,20600000.0,27900000.0,39800000.0,-71200000.0,-31400000.0,https://www.sec.gov/Archives/edgar/data/77281/000119312508109808/0001193125-08-109808-index.html,https://www.sec.gov/Archives/edgar/data/77281/000119312508109808/d10q.htm
2007-12-31,PEI,2008-02-29,2008-02-29 16:22:33,Q4,6600000.000000001,32999999.99999999,0.0,1863000.0,6700000.0,0.0,0.0,0.0,-1566103000.0,2100000.0,48400000.00000001,0.0,-377000.0,0.0,0.0,0.0,-98500000.0,0.0,0.0,10700000.000000004,-22199999.99999999,0.0,54400000.0,0.0,4399999.999999999,27900000.0,23500000.0,48400000.00000001,-88499999.99999997,-40099999.99999996,https://www.sec.gov/Archives/edgar/data/77281/000119312508043701/d10k.htm,https://www.sec.gov/Archives/edgar/data/77281/000119312508043701/d10k.htm
2007-09-30,PEI,2007-11-07 00:00:00,2007-11-07 14:35:22,Q3,1500000.0,30300000.000000004,0.0,1877000.0,-2400000.0,0.0,0.0,0.0,-1586918000.0,1800000.0,31199999.99999999,0.0,-593000.0,0.0,0.0,0.0,-66000000.0,0.0,0.0,-130500000.0,-23800000.000000004,0.0,48600000.0,0.0,13700000.0,23500000.0,9800000.0,31199999.99999999,-67500000.0,-36300000.00000001,https://www.sec.gov/Archives/edgar/data/77281/000119312507238270/0001193125-07-238270-index.html,https://www.sec.gov/Archives/edgar/data/77281/000119312507238270/d10q.htm
2007-06-30,PEI,2007-08-03 00:00:00,2007-08-03 16:01:44,Q2,3900000.0000000005,29900000.000000007,0.0,1785000.0,999999.9999999999,0.0,0.0,0.0,-1603581000.0,399999.9999999999,35200000.0,0.0,-262000.0,0.0,0.0,0.0,-37700000.0,0.0,0.0,1200000.0,-24600000.0,0.0,-5900000.0,0.0,-8400000.0,9800000.0,18200000.0,35200000.0,-43600000.00000001,-8400000.00000001,https://www.sec.gov/Archives/edgar/data/77281/000119312507170656/0001193125-07-170656-index.html,https://www.sec.gov/Archives/edgar/data/77281/000119312507170656/d10q.htm
2007-03-31,PEI,2007-05-10 00:00:00,2007-05-10 16:16:42,Q1,9100000.0,29100000.0,0.0,1546000.0,400000.0,0.0,0.0,0.0,-1447958000.0,-3900000.0,34700000.0,0.0,-10425000.0,0.0,0.0,0.0,-40200000.0,0.0,0.0,800000.0,-24500000.0,0.0,7900000.0,0.0,2400000.0,18200000.0,15800000.0,34700000.0,-59300000.0,-24600000.0,https://www.sec.gov/Archives/edgar/data/77281/000119312507110246/0001193125-07-110246-index.html,https://www.sec.gov/Archives/edgar/data/77281/000119312507110246/d10q.htm
2006-12-31,PEI,2007-03-01,2007-03-01 16:26:17,Q4,19000000.0,29400000.000000004,0.0,1203000.0,1099999.999999998,0.0,0.0,0.0,-1511035000.0,-799999.9999999998,48600000.00000001,0.0,-25889000.0,0.0,0.0,0.0,-76799999.99999999,0.0,0.0,3100000.0,-24400000.000000007,0.0,25700000.000000004,0.0,-2500000.0,14600000.0,17100000.0,48600000.00000001,-81699999.99999999,-33099999.99999998,https://www.sec.gov/Archives/edgar/data/77281/000089322007000542/w30894e10vk.htm,https://www.sec.gov/Archives/edgar/data/77281/000089322007000542/w30894e10vk.htm
2006-09-30,PEI,2006-11-08,2006-11-08 16:42:43,Q3,4500000.0,28399999.99999999,0.0,1258000.0,7100000.000000001,0.0,0.0,0.0,-1520179000.0,400000.00000000035,40500000.0,0.0,978000.0,0.0,0.0,0.0,7000000.0,0.0,0.0,1700000.0,-24400000.0,0.0,-53300000.0,0.0,-5900000.0,17100000.0,23000000.0,40500000.0,-54400000.00000001,-13900000.000000006,https://www.sec.gov/Archives/edgar/data/77281/000112528206006860/b415538_10q.htm,https://www.sec.gov/Archives/edgar/data/77281/000112528206006860/b415538_10q.htm
2006-06-30,PEI,2006-08-09,2006-08-09 13:00:46,Q2,3900000.0,27900000.000000004,0.0,197000.0,3499999.999999999,0.0,0.0,0.0,-1522184000.0,399999.9999999995,35599999.99999999,0.0,-35145000.0,0.0,0.0,0.0,-67700000.0,0.0,0.0,99999.99999999999,-24300000.0,0.0,29900000.0,0.0,-2200000.0,23000000.0,25200000.0,35599999.99999999,-65199999.99999999,-29599999.999999996,https://www.sec.gov/Archives/edgar/data/77281/000112528206004756/p414357_10q.htm,https://www.sec.gov/Archives/edgar/data/77281/000112528206004756/p414357_10q.htm
2006-03-31,PEI,2006-05-10,2006-05-10 16:42:08,Q1,600000.0,29600000.0,0.0,3202000.0,5700000.0,0.0,0.0,0.0,-1526960000.0,3700000.0,39700000.0,0.0,-802000.0,0.0,0.0,0.0,-50200000.0,0.0,0.0,600000.0,-24300000.0,0.0,14000000.0,0.0,3600000.0,26400000.0,22800000.0,39700000.0,-49900000.0,-10200000.0,https://www.sec.gov/Archives/edgar/data/77281/000095011606001533/b413134-10q.htm,https://www.sec.gov/Archives/edgar/data/77281/000095011606001533/b413134-10q.htm
2005-12-31,PEI,2006-03-13,2006-03-13 17:26:10,Q4,19400000.0,26400000.000000007,0.0,925000.0,-11600000.000000002,0.0,0.0,0.0,-1263932000.0,0.0,34199999.99999999,0.0,-158761000.0,0.0,0.0,0.0,-189399999.99999997,0.0,0.0,1000000.0,-24300000.00000001,0.0,149100000.0,0.0,-6200000.000000001,22800000.0,29000000.0,34199999.99999999,-209700000.0,-175500000.0,https://www.sec.gov/Archives/edgar/data/77281/000095011606000776/ten-k.htm,https://www.sec.gov/Archives/edgar/data/77281/000095011606000776/ten-k.htm
2005-09-30,PEI,2005-11-09,2005-11-09 17:07:16,Q3,17900000.000000004,23200000.0,0.0,909000.0,2399999.9999999995,0.0,0.0,0.0,-1221998000.0,-8700000.0,35000000.0,0.0,767000.0,0.0,0.0,0.0,-22500000.0,0.0,0.0,700000.0000000002,-24299999.999999996,0.0,-9200000.000000004,0.0,3200000.000000001,28900000.0,25700000.0,35000000.0,-33699999.99999999,1300000.00000001,https://www.sec.gov/Archives/edgar/data/77281/000095011605003483/ten-q.htm,https://www.sec.gov/Archives/edgar/data/77281/000095011605003483/ten-q.htm
2005-06-30,PEI,2005-08-09,2005-08-09 17:17:02,Q2,8900000.0,23099999.999999993,0.0,568000.0,6400000.0,0.0,0.0,0.0,-1054973000.0,400000.00000000035,38800000.0,0.0,-3863000.0,0.0,0.0,0.0,-41500000.0,0.0,0.0,999999.9999999999,-24199999.999999996,0.0,-1699999.9999999958,0.0,-4400000.0,26000000.0,30400000.0,38800000.0,-37900000.00000001,899999.999999994,https://www.sec.gov/Archives/edgar/data/77281/000095011605002705/ten_q.htm,https://www.sec.gov/Archives/edgar/data/77281/000095011605002705/ten_q.htm
2005-03-31,PEI,2005-05-10,2005-05-10 12:36:24,Q1,11400000.0,22100000.0,0.0,908000.0,-13500000.0,0.0,0.0,0.0,-1066385000.0,2300000.0,22200000.0,0.0,-61145000.0,0.0,0.0,0.0,-73000000.0,0.0,0.0,400000.0,-23100000.0,0.0,40800000.0,0.0,-9900000.0,30400000.0,40300000.0,22200000.0,-70600000.0,-48400000.0,https://www.sec.gov/Archives/edgar/data/77281/000095011605001793/ten-q.htm,https://www.sec.gov/Archives/edgar/data/77281/000095011605001793/ten-q.htm
2004-12-31,PEI,2005-03-16,2005-03-16 16:28:31,Q4,19199999.999999996,24700000.000000007,0.0,856000.0,3599999.9999999995,0.0,0.0,0.0,-179428000.0,-1200000.000000001,46200000.0,0.0,-162372000.0,0.0,0.0,0.0,-142300000.0,0.0,0.0,6899999.999999999,-23000000.0,0.0,106000000.0,0.0,9899999.999999998,40300000.0,30400000.0,46200000.0,-139100000.0,-92900000.0,https://www.sec.gov/Archives/edgar/data/77281/000095011605001038/tenk.htm,https://www.sec.gov/Archives/edgar/data/77281/000095011605001038/tenk.htm
2004-09-30,PEI,2004-11-09,2004-11-09 17:02:35,Q3,14200000.000000004,16500000.0,0.0,1175000.0,-2000000.0,0.0,0.0,0.0,-187635000.0,3800000.000000001,32600000.0,0.0,0.0,0.0,0.0,0.0,103700000.0,0.0,0.0,5200000.0,-22900000.000000007,0.0,-132200000.0,0.0,4100000.000000001,30300000.0,26200000.0,32600000.0,-14200000.000000004,18399999.999999996,https://www.sec.gov/Archives/edgar/data/77281/000095011604003332/ten-q.htm,https://www.sec.gov/Archives/edgar/data/77281/000095011604003332/ten-q.htm
2004-06-30,PEI,2004-08-06,2004-08-06 16:45:22,Q2,11399999.999999998,18199999.999999996,0.0,757000.0,-10800000.0,0.0,0.0,0.0,-189105000.0,3800000.0,22700000.000000004,0.0,0.0,0.0,0.0,0.0,-40400000.0,0.0,0.0,4300000.0,-23000000.0,0.0,11400000.0,0.0,-6400000.0,26200000.0,32600000.0,22700000.000000004,-37699999.99999999,-14999999.999999993,https://www.sec.gov/Archives/edgar/data/77281/000095011604002401/ten-q.htm,https://www.sec.gov/Archives/edgar/data/77281/000095011604002401/ten-q.htm
2004-03-31,PEI,,,Q1,9000000.0,20600000.0,0.0,0.0,-3200000.0,1600000.0,0.0,0.0,0.0,4700000.0,30900000.0,0.0,0.0,0.0,0.0,0.0,-25100000.0,0.0,0.0,1500000.0,-22500000.0,0.0,-16300000.0,0.0,-10400000.0,32600000.0,43000000.0,30900000.0,-17600000.0,13300000.0,,
2003-12-31,PEI,,,Q4,11500000.0,8399999.999999998,0.0,0.0,-18400000.0,-14400000.0,0.0,0.0,0.0,7900000.000000006,9299999.999999996,0.0,0.0,0.0,0.0,0.0,-308299999.99999994,0.0,0.0,8500000.0,-12600000.000000002,0.0,303500000.0,0.0,4599999.999999998,43000000.0,38400000.0,9299999.999999996,-299700000.0,-290400000.0,,
2003-09-30,PEI,,,Q3,34900000.00000001,9200000.0,0.0,0.0,5700000.000000001,600000.0,0.0,0.0,0.0,-30100000.000000022,19800000.000000004,0.0,0.0,0.0,0.0,0.0,2699999.9999999995,0.0,0.0,193500000.0,-12100000.000000002,0.0,7300000.000000001,0.0,29600000.0,38300000.0,8700000.0,19800000.000000004,-46800000.00000001,-27000000.000000007,,
2003-06-30,PEI,,,Q2,144600000.0,7000000.000000001,0.0,0.0,19100000.0,-4100000.0,0.0,0.0,0.0,-137100000.0,33699999.99999999,0.0,0.0,0.0,0.0,0.0,500000.0,0.0,0.0,3400000.0,-8399999.999999998,0.0,-33600000.0,0.0,600000.0000000005,8700000.0,8100000.0,33699999.99999999,-160000000.0,-126300000.0,,
2003-03-31,PEI,2003-05-15 00:00:00,2003-05-15 15:41:47,Q1,5000000.0,5800000.0,0.0,0.0,-10400000.0,3400000.0,0.0,0.0,0.0,400000.0,700000.0,0.0,0.0,0.0,0.0,0.0,-5300000.0,0.0,0.0,-100000.0,-8500000.0,0.0,-900000.0,0.0,-5400000.0,8200000.0,13600000.0,700000.0,-8000000.0,-7300000.0,https://www.sec.gov/Archives/edgar/data/77281/000095011603002715/0000950116-03-002715-index.html,https://www.sec.gov/Archives/edgar/data/77281/000095011603002715/tenq.htm
2002-12-31,PEI,,,Q4,7399999.999999999,5699999.999999999,0.0,0.0,6200000.000000001,-4100000.0,0.0,0.0,0.0,4500000.0,23800000.0,0.0,0.0,0.0,0.0,0.0,-20599999.999999996,0.0,0.0,2400000.0000000005,-8400000.000000002,0.0,200000.00000000017,0.0,3400000.0,13600000.0,10200000.0,23800000.0,-19400000.0,4400000.0,,
2002-09-30,PEI,,,Q3,8100000.000000001,5100000.0,0.0,0.0,-6600000.000000001,-700000.0,0.0,0.0,0.0,-3000000.0,3699999.999999999,0.0,0.0,0.0,0.0,0.0,9599999.999999998,0.0,0.0,3200000.0,-8400000.000000002,0.0,-11900000.0,0.0,1400000.0,10200000.0,8800000.0,3699999.999999999,500000.0,4199999.999999999,,
2002-06-30,PEI,2002-08-14 00:00:00,2002-08-14 13:59:34,Q2,4499999.999999999,5400000.0,0.0,0.0,-2800000.0000000005,-1600000.0,0.0,0.0,0.0,1000000.0,8000000.0,0.0,0.0,0.0,0.0,0.0,-20299999.999999996,0.0,0.0,3700000.0,-8299999.999999999,0.0,7700000.0,0.0,-4600000.0,8800000.0,13400000.0,8000000.0,-20400000.000000004,-12400000.000000002,https://www.sec.gov/Archives/edgar/data/77281/000095011602001881/0000950116-02-001881-index.html,https://www.sec.gov/Archives/edgar/data/77281/000095011602001881/ten-q.txt
2002-03-31,PEI,2002-05-14 00:00:00,2002-05-14 13:42:44,Q1,3700000.0,5000000.0,0.0,0.0,-2900000.0,3500000.0,0.0,0.0,0.0,700000.0,6500000.0,0.0,0.0,0.0,0.0,0.0,-3600000.0,0.0,0.0,1500000.0,-8100000.0,0.0,200000.0,0.0,3100000.0,13400000.0,10300000.0,6500000.0,-4200000.0,2300000.0,https://www.sec.gov/Archives/edgar/data/77281/000095011602001075/0000950116-02-001075-index.html,https://www.sec.gov/Archives/edgar/data/77281/000095011602001075/ten-q.txt
2001-12-31,PEI,,,Q4,6700000.000000001,5199999.999999999,0.0,0.0,-300000.00000000006,-1700000.0,0.0,0.0,0.0,3000000.0,14500000.000000004,0.0,0.0,0.0,0.0,0.0,-10200000.0,0.0,0.0,3099999.9999999944,-8000000.0,0.0,-1099999.9999999995,0.0,3200000.0,10300000.0,7100000.0,14500000.000000004,-17300000.000000004,-2800000.0,,
2001-09-30,PEI,2001-11-14 00:00:00,2001-11-14 00:00:00,Q3,4100000.0,4200000.000000001,0.0,0.0,1500000.0,-1300000.0,0.0,0.0,0.0,700000.0,10700000.0,0.0,0.0,0.0,0.0,0.0,-12399999.999999998,0.0,0.0,44700000.0,-7900000.0,0.0,-599999.9999999997,0.0,-2300000.0,7100000.0,9400000.0,10700000.0,-13299999.999999998,-2599999.999999999,https://www.sec.gov/Archives/edgar/data/77281/000095011601501128/0000950116-01-501128-index.html,https://www.sec.gov/Archives/edgar/data/77281/000095011601501128/ten-q.txt
2001-06-30,PEI,2001-08-14 00:00:00,2001-08-14 00:00:00,Q2,3900000.0000000005,4300000.0,0.0,0.0,-2600000.0,-300000.0,0.0,0.0,0.0,299999.99999999994,5800000.000000001,0.0,0.0,0.0,0.0,0.0,3200000.0,0.0,0.0,300000.0,-7000000.0,0.0,-9500000.0,0.0,-500000.0,9300000.0,9800000.0,5800000.000000001,-3799999.999999999,2000000.000000002,https://www.sec.gov/Archives/edgar/data/77281/000095011601500662/0000950116-01-500662-index.html,https://www.sec.gov/Archives/edgar/data/77281/000095011601500662/ten-q.txt
2001-03-31,PEI,2001-05-15 00:00:00,2001-05-15 00:00:00,Q1,5100000.0,4300000.0,0.0,0.0,1000000.0,500000.0,0.0,0.0,0.0,-1200000.0,9200000.0,0.0,0.0,0.0,0.0,0.0,-6000000.0,0.0,0.0,200000.0,-6900000.0,0.0,600000.0,0.0,3800000.0,9900000.0,6100000.0,9200000.0,-9300000.0,-100000.0,https://www.sec.gov/Archives/edgar/data/77281/000095011601500187/0000950116-01-500187-index.html,https://www.sec.gov/Archives/edgar/data/77281/000095011601500187/tenq.txt
2000-12-31,PEI,,,Q4,4699999.999999996,5000000.0,0.0,0.0,-1400000.0,-500000.0,0.0,0.0,0.0,2099999.9999999995,10200000.000000004,0.0,0.0,0.0,0.0,0.0,-15299999.999999996,0.0,0.0,-300000.0,-6899999.999999999,0.0,2000000.0,0.0,-3000000.0,6100000.0,9100000.0,10200000.000000004,-13200000.000000004,-3000000.0,,
2000-09-30,PEI,2000-11-14 00:00:00,2000-11-14 00:00:00,Q3,6100000.000000001,3499999.999999999,0.0,0.0,1600000.0,-1500000.0,0.0,0.0,0.0,0.0,11399999.999999998,0.0,0.0,0.0,0.0,0.0,-5100000.000000001,0.0,0.0,199999.99999999997,-6300000.000000001,0.0,-5999999.999999999,0.0,199999.99999999997,9100000.0,8900000.0,11399999.999999998,-14799999.999999996,-3399999.999999998,https://www.sec.gov/Archives/edgar/data/77281/000095011600002715/0000950116-00-002715-index.html,https://www.sec.gov/Archives/edgar/data/77281/000095011600002715/0000950116-00-002715-0001.txt
2000-06-30,PEI,2000-08-14 00:00:00,2000-08-14 00:00:00,Q2,15100000.0,3500000.0,0.0,0.0,0.0,200000.0,0.0,0.0,0.0,-3500000.0,14999999.999999998,0.0,0.0,0.0,0.0,0.0,-5800000.000000001,0.0,0.0,200000.0,-6200000.0,0.0,-8100000.0,0.0,1100000.0,5000000.0,3900000.0,14999999.999999998,-11100000.0,3899999.999999998,https://www.sec.gov/Archives/edgar/data/77281/000095011600001910/0000950116-00-001910-index.html,https://www.sec.gov/Archives/edgar/data/77281/000095011600001910/0000950116-00-001910-0001.txt
2000-03-31,PEI,2000-05-15 00:00:00,2000-05-15 00:00:00,Q1,6400000.0,3700000.0,0.0,0.0,-1900000.0,500000.0,0.0,0.0,0.0,-300000.0,7900000.0,0.0,0.0,0.0,0.0,0.0,-10200000.0,0.0,0.0,200000.0,-6300000.0,0.0,2900000.0,0.0,600000.0,7800000.0,7200000.0,7900000.0,-11400000.0,-3500000.0,https://www.sec.gov/Archives/edgar/data/77281/000095011600001189/0000950116-00-001189-index.html,https://www.sec.gov/Archives/edgar/data/77281/0000950116-00-001189.txt
1999-12-31,PEI,,,Q4,4799999.999999999,4000000.0,0.0,0.0,199999.9999999993,-2200000.0,0.0,0.0,0.0,799999.9999999998,9799999.999999996,0.0,0.0,0.0,0.0,0.0,-18400000.000000007,0.0,0.0,199999.99999999997,-6199999.999999999,0.0,8800000.0,0.0,299999.9999999998,2500000.0,2200000.0,9799999.999999996,-18500000.0,-8700000.000000004,,
1999-09-30,PEI,,,Q3,5100000.0,3400000.0000000005,0.0,0.0,-3099999.9999999995,200000.0,0.0,0.0,0.0,1100000.0,6500000.000000002,0.0,0.0,0.0,0.0,0.0,-5600000.000000001,0.0,0.0,0.0,-6300000.000000001,0.0,-3000000.0,0.0,-2200000.0,1600000.0,3800000.0,6500000.000000002,-5000000.0,1500000.000000002,,
1999-06-30,PEI,,,Q2,4900000.0,3300000.0,0.0,0.0,-2699999.9999999995,-800000.0,0.0,0.0,0.0,1299999.9999999998,6800000.0,0.0,0.0,0.0,0.0,0.0,-32300000.0,0.0,0.0,100000.0,-6200000.0,0.0,26800000.0,0.0,1300000.0,4300000.0,3000000.0,6800000.0,-31400000.0,-24600000.0,,
1999-03-31,PEI,,,Q1,5900000.0,3200000.0,0.0,0.0,-3400000.0,100000.0,0.0,0.0,0.0,600000.0,6300000.0,0.0,0.0,0.0,0.0,0.0,-8600000.0,0.0,0.0,0.0,-6300000.0,0.0,-800000.0,0.0,-3100000.0,3000000.0,6100000.0,6300000.0,-8900000.0,-2600000.0,,
1998-12-31,PEI,,,Q4,5399999.999999999,2900000.0000000005,0.0,0.0,2600000.0,-1800000.0,0.0,0.0,0.0,399999.9999999999,11300000.0,0.0,0.0,0.0,0.0,0.0,-32499999.999999985,0.0,0.0,0.0,-6199999.999999999,0.0,27600000.00000001,0.0,6400000.0,7700000.0,1300000.0,11300000.0,-36499999.999999985,-25199999.999999985,,
1998-09-30,PEI,1998-11-13 00:00:00,1998-11-13 00:00:00,Q3,7000000.0,2200000.0,0.0,0.0,-2100000.0,-500000.0,0.0,0.0,0.0,-2100000.0,5000000.0,0.0,0.0,0.0,0.0,0.0,-110000000.0,0.0,0.0,0.0,-6300000.000000001,0.0,105200000.0,0.0,200000.0,1300000.0,1100000.0,5000000.0,-107200000.0,-102200000.0,https://www.sec.gov/Archives/edgar/data/77281/000095011698002226/0000950116-98-002226-index.html,https://www.sec.gov/Archives/edgar/data/77281/0000950116-98-002226.txt
1998-06-30,PEI,1998-08-14 00:00:00,1998-08-14 00:00:00,Q2,6200000.000000001,2199999.9999999995,0.0,0.0,1300000.0,-600000.0,0.0,0.0,0.0,-1000000.0,8700000.0,0.0,0.0,0.0,0.0,0.0,-6699999.999999999,0.0,0.0,100000.0,-6300000.0,0.0,-1299999.9999999998,0.0,700000.0,1200000.0,500000.0,8700000.0,-3500000.0,5200000.0,https://www.sec.gov/Archives/edgar/data/77281/000095011698001730/0000950116-98-001730-index.html,https://www.sec.gov/Archives/edgar/data/77281/0000950116-98-001730.txt
1998-03-31,PEI,,,Q1,4600000.0,2100000.0,0.0,0.0,-1000000.0,-200000.0,0.0,0.0,0.0,600000.0,6300000.0,0.0,0.0,0.0,0.0,0.0,-10500000.0,0.0,0.0,100000.0,-6200000.0,0.0,3300000.0,0.0,-900000.0,400000.0,1300000.0,6300000.0,-9500000.0,-3200000.0,,
1997-12-31,PEI,,,Q4,6000000.0,2700000.0,0.0,0.0,-2700000.0,200000.0,0.0,0.0,0.0,-1600000.0,4300000.0,0.0,0.0,0.0,0.0,0.0,-57300000.0,0.0,0.0,96800000.0,-4100000.0,0.0,52900000.0,0.0,-100000.0,1300000.0,1400000.0,4300000.0,-49200000.0,-44900000.0,,
1997-08-31,PEI,,,Q3,1799999.999999999,1599999.9999999995,0.0,0.0,99999.99999999999,-200000.0,0.0,0.0,0.0,599999.9999999999,4100000.0,0.0,0.0,0.0,0.0,0.0,-7400000.0,0.0,0.0,200000.0,-4100000.000000001,0.0,1099999.999999998,0.0,-2100000.0,1500000.0,3600000.0,4100000.0,-1100000.0,3000000.0,,
1997-05-31,PEI,1997-07-15 00:00:00,1997-07-15 00:00:00,Q2,2800000.000000001,1600000.0,0.0,0.0,200000.00000000006,100000.0,0.0,0.0,0.0,0.0,4600000.0,0.0,0.0,0.0,0.0,0.0,-2699999.999999999,0.0,0.0,0.0,-4000000.0,0.0,-2699999.999999999,0.0,-799999.9999999998,3500000.0,4300000.0,4600000.0,-799999.9999999998,3800000.0,https://www.sec.gov/Archives/edgar/data/77281/000095011697001304/0000950116-97-001304-index.html,https://www.sec.gov/Archives/edgar/data/77281/0000950116-97-001304.txt
1997-02-28,PEI,1997-04-11 00:00:00,1997-04-11 00:00:00,Q1,2999999.9999999995,1600000.0,0.0,0.0,399999.9999999999,100000.0,0.0,0.0,0.0,-1400000.0,3500000.0,0.0,0.0,0.0,0.0,0.0,3300000.000000001,0.0,0.0,0.0,-4100000.0,0.0,-4399999.999999999,0.0,2300000.0,4300000.0,2000000.0,3500000.0,-1000000.0,2500000.0,https://www.sec.gov/Archives/edgar/data/77281/000095011697000706/0000950116-97-000706-index.html,https://www.sec.gov/Archives/edgar/data/77281/0000950116-97-000706.txt
1996-11-30,PEI,,,Q4,2600000.0,1500000.0,0.0,0.0,-1200000.0,0.0,0.0,0.0,0.0,0.0,3000000.0,0.0,0.0,0.0,0.0,0.0,14700000.0,0.0,0.0,0.0,-4100000.0,0.0,-16800000.0,0.0,1000000.0,2000000.0,1000000.0,3000000.0,-1000000.0,2000000.0,,
1996-08-31,PEI,,,Q3,2800000.000000001,1500000.0,0.0,0.0,-400000.0,-100000.0,0.0,0.0,0.0,-400000.0,3500000.0,0.0,0.0,0.0,0.0,0.0,-300000.00000000006,0.0,0.0,0.0,-4100000.000000001,0.0,-3099999.999999998,0.0,100000.0,1000000.0,900000.0,3500000.0,-1000000.0,2500000.0,,
1996-05-31,PEI,1996-07-12 00:00:00,1996-07-12 00:00:00,Q2,2999999.999999999,1500000.0000000005,0.0,0.0,1200000.0,-100000.0,0.0,0.0,0.0,-800000.0,5000000.0,0.0,0.0,0.0,0.0,0.0,1800000.0,0.0,0.0,0.0,-4000000.0,0.0,-7600000.000000001,0.0,-700000.0,900000.0,1600000.0,5000000.0,-1100000.0,3900000.0,https://www.sec.gov/Archives/edgar/data/77281/000095011696000640/0000950116-96-000640-index.html,https://www.sec.gov/Archives/edgar/data/77281/0000950116-96-000640.txt
1996-02-29,PEI,1996-04-12 00:00:00,1996-04-12 00:00:00,Q1,2400000.0000000005,1400000.0,0.0,0.0,399999.9999999999,0.0,0.0,0.0,0.0,0.0,3999999.9999999995,0.0,0.0,0.0,0.0,0.0,500000.0,0.0,0.0,0.0,-4100000.0,0.0,-4300000.000000001,0.0,99999.99999999999,1600000.0,1500000.0,3999999.9999999995,-600000.0000000001,3399999.9999999995,https://www.sec.gov/Archives/edgar/data/77281/000095011696000244/0000950116-96-000244-index.html,https://www.sec.gov/Archives/edgar/data/77281/0000950116-96-000244.txt
1995-11-30,PEI,1996-01-16 00:00:00,1996-01-16 00:00:00,Q4,2800000.0,1500000.0,0.0,0.0,-1700000.0,-100000.0,0.0,0.0,0.0,-100000.0,2600000.0,0.0,0.0,0.0,0.0,0.0,-800000.0,0.0,0.0,0.0,-4100000.0,0.0,-1400000.0,0.0,400000.0,1500000.0,1100000.0,2600000.0,-1000000.0,1600000.0,https://www.sec.gov/Archives/edgar/data/77281/000095011696000016/0000950116-96-000016-index.html,https://www.sec.gov/Archives/edgar/data/77281/0000950116-96-000016.txt
1995-08-31,PEI,,,Q3,2500000.0,1400000.0,0.0,0.0,500000.0,-100000.0,0.0,0.0,0.0,-99999.99999999999,4299999.999999999,0.0,0.0,0.0,0.0,0.0,-1500000.0,0.0,0.0,100000.0,-4100000.000000001,0.0,-3100000.0000000014,0.0,-400000.0000000001,1099999.9999999998,1500000.0,4299999.999999999,-1100000.0000000014,3199999.9999999977,,
1995-05-31,PEI,1995-07-14 00:00:00,1995-07-14 00:00:00,Q2,2499999.999999999,1400000.0,0.0,0.0,600000.0,200000.0,0.0,0.0,0.0,0.0,4500000.0,0.0,0.0,0.0,0.0,0.0,-2600000.0000000014,0.0,0.0,0.0,-4000000.0,0.0,-2199999.999999999,0.0,-299999.99999999994,1400000.0,1700000.0,4500000.0,-1600000.0000000014,2899999.9999999986,https://www.sec.gov/Archives/edgar/data/77281/000095011695000290/0000950116-95-000290-index.html,https://www.sec.gov/Archives/edgar/data/77281/0000950116-95-000290.txt
1995-02-28,PEI,1995-04-13 00:00:00,1995-04-13 00:00:00,Q1,2900000.0000000005,1300000.0,0.0,0.0,-600000.0,-100000.0,0.0,0.0,0.0,-200000.0,3400000.0000000005,0.0,0.0,0.0,0.0,0.0,-1600000.0000000014,0.0,0.0,0.0,-4100000.0,0.0,-2100000.0000000014,0.0,-300000.00000000006,1700000.0,2000000.0,3400000.0000000005,-1600000.0000000014,1799999.999999999,https://www.sec.gov/Archives/edgar/data/77281/000095011695000102/0000950116-95-000102-index.html,https://www.sec.gov/Archives/edgar/data/77281/0000950116-95-000102.txt
1994-11-30,PEI,1995-01-13 00:00:00,1995-01-13 00:00:00,Q4,3300000.0,1200000.0,0.0,0.0,0.0,0.0,0.0,0.0,0.0,0.0,4500000.0,0.0,0.0,0.0,0.0,0.0,-34400000.0,0.0,0.0,0.0,-4100000.0,0.0,29800000.0,0.0,-100000.0,2100000.0,2200000.0,4500000.0,-33800000.0,-29300000.0,https://www.sec.gov/Archives/edgar/data/77281/000095011695000003/0000950116-95-000003-index.html,https://www.sec.gov/Archives/edgar/data/77281/0000950116-95-000003.txt
1994-08-31,PEI,,,Q3,500000.0,899999.9999999999,0.0,0.0,899999.9999999999,100000.0,0.0,0.0,0.0,1599999.9999999995,3900000.0000000005,0.0,0.0,0.0,0.0,0.0,-20800000.0,0.0,0.0,0.0,-4100000.000000001,0.0,17300000.0,0.0,499999.99999999994,2200000.0,1700000.0,3900000.0000000005,-22700000.000000004,-18800000.000000004,,
1994-05-31,PEI,,,Q2,2300000.000000001,1000000.0,0.0,0.0,500000.0000000001,100000.0,0.0,0.0,0.0,99999.99999999964,3900000.0000000005,0.0,0.0,0.0,0.0,0.0,-600000.0000000001,0.0,0.0,0.0,-4000000.0,0.0,-4199999.999999999,0.0,-1000000.0,1700000.0,2700000.0,3900000.0000000005,-14400000.0,-10500000.0,,
1994-02-28,PEI,,,Q1,2699999.999999999,800000.0,0.0,0.0,300000.0,-100000.0,0.0,0.0,0.0,99999.99999999964,3899999.9999999995,0.0,0.0,0.0,0.0,0.0,-11100000.0,0.0,0.0,199999.99999999997,-4100000.0,0.0,8399999.999999998,0.0,1300000.0,2700000.0,1400000.0,3899999.9999999995,0.0,3899999.9999999995,,
1993-11-30,PEI,,,Q4,15200000.0,800000.0,0.0,0.0,300000.0,0.0,0.0,0.0,0.0,-12100000.0,4200000.0,0.0,0.0,0.0,0.0,0.0,14000000.0,0.0,0.0,100000.0,-3900000.0,0.0,-18200000.0,0.0,-100000.0,1400000.0,1500000.0,4200000.0,-1000000.0,3200000.0,,
1993-08-31,PEI,,,Q3,2800000.000000001,799999.9999999998,0.0,0.0,399999.99999999994,-100000.0,0.0,0.0,0.0,100000.00000000009,4199999.999999999,0.0,0.0,0.0,0.0,0.0,-14200000.000000004,0.0,0.0,0.0,-3900000.0000000005,0.0,10299999.999999998,0.0,400000.0,1500000.0,1100000.0,4199999.999999999,-11799999.999999996,-7599999.999999998,,
1993-05-31,PEI,,,Q2,2199999.999999999,800000.0,0.0,0.0,200000.00000000006,100000.0,0.0,0.0,0.0,100000.00000000009,3200000.000000001,0.0,0.0,0.0,0.0,0.0,800000.0000000007,0.0,0.0,100000.0,-3900000.0000000005,0.0,-3900000.0000000005,0.0,100000.0,1100000.0,1000000.0,3200000.000000001,-399999.9999999986,2800000.0000000023,,
1993-02-28,PEI,,,Q1,2599999.9999999995,700000.0,0.0,0.0,-800000.0,-100000.0,0.0,0.0,0.0,99999.99999999964,2599999.9999999995,0.0,0.0,0.0,0.0,0.0,-25700000.0,0.0,0.0,0.0,-3899999.9999999995,0.0,23300000.0,0.0,99999.99999999999,1000000.0,900000.0,2599999.9999999995,-34600000.0,-32000000.0,,
1992-11-30,PEI,,,Q4,6400000.0,500000.0,0.0,0.0,-100000.0,0.0,0.0,0.0,0.0,-3800000.0,3000000.0,0.0,0.0,0.0,0.0,0.0,400000.0,0.0,0.0,0.0,-3700000.0,0.0,-3800000.0,0.0,-300000.0,900000.0,1200000.0,3000000.0,-1500000.0,1500000.0,,
1992-08-31,PEI,,,Q3,1899999.9999999995,500000.0,0.0,0.0,0.0,1600000.0,0.0,0.0,0.0,-1900000.0,500000.0,0.0,0.0,0.0,0.0,0.0,3699999.999999999,0.0,0.0,0.0,-3699999.999999999,0.0,-3800000.0,0.0,399999.9999999999,1100000.0,700000.0,500000.0,-200000.00000000017,299999.9999999998,,
1992-05-31,PEI,,,Q2,2099999.9999999995,600000.0000000001,0.0,0.0,-200000.00000000006,0.0,0.0,0.0,0.0,2000000.0,4600000.000000001,0.0,0.0,0.0,0.0,0.0,-1299999.999999999,0.0,0.0,0.0,-3700000.0,0.0,-3800000.0,0.0,-500000.0,800000.0,1300000.0,4600000.000000001,-599999.9999999999,4000000.0000000005,,
1992-02-29,PEI,,,Q1,2300000.0000000005,500000.0,0.0,0.0,-300000.0,-200000.0,0.0,0.0,0.0,-600000.0000000001,1800000.0000000002,0.0,0.0,0.0,0.0,0.0,-700000.000000001,0.0,0.0,9200000.0,-3700000.0,0.0,-1000000.0,0.0,100000.00000000009,1300000.0,1200000.0,1800000.0000000002,-899999.9999999999,900000.0000000003,,
1991-11-30,PEI,,,Q4,2400000.0,500000.0,0.0,0.0,-300000.0,-100000.0,0.0,0.0,0.0,800000.0,3400000.0,0.0,0.0,0.0,0.0,0.0,-14700000.0,0.0,0.0,0.0,0.0,0.0,8600000.0,0.0,-2700000.0,1200000.0,3900000.0,3400000.0,-800000.0,2600000.0,,
1991-08-31,PEI,,,Q3,2300000.000000001,500000.0,0.0,0.0,800000.0,-100000.0,0.0,0.0,0.0,-2600000.0,1100000.0000000014,0.0,0.0,0.0,0.0,0.0,2199999.999999999,0.0,0.0,0.0,-7000000.0,0.0,-7099999.999999998,0.0,-3800000.0,3900000.0,7700000.0,1100000.0000000014,-1000000.0,100000.0000000014,,
1991-05-31,PEI,,,Q2,3399999.9999999995,600000.0,0.0,0.0,-199999.99999999997,-100000.0,0.0,0.0,0.0,-800000.0,2799999.999999999,0.0,0.0,0.0,0.0,0.0,1900000.0000000005,0.0,0.0,0.0,0.0,0.0,-100000.00000000143,0.0,4600000.0,7600000.0,3000000.0,2799999.999999999,-199999.99999999997,2599999.999999999,,
1991-02-28,PEI,,,Q1,2000000.0,400000.0,0.0,0.0,0.0,-100000.0,0.0,0.0,0.0,1100000.0,3600000.0000000005,0.0,0.0,0.0,0.0,0.0,5300000.0,0.0,0.0,0.0,-7000000.0,0.0,-8799999.999999998,0.0,99999.99999999987,3100000.0,3000000.0,3600000.0000000005,-100000.00000000003,3500000.0000000005,,
1990-11-30,PEI,,,Q4,2700000.0,500000.0,0.0,0.0,-400000.0,-300000.0,0.0,0.0,0.0,1000000.0,3800000.0,0.0,0.0,0.0,0.0,0.0,2700000.0,0.0,0.0,-1300000.0,0.0,0.0,-5400000.0,0.0,1100000.0,3000000.0,1900000.0,3800000.0,-300000.0,3500000.0,,
1990-08-31,PEI,,,Q3,2199999.999999999,500000.0,0.0,0.0,1200000.0,400000.0,0.0,0.0,0.0,799999.9999999998,4700000.000000001,0.0,0.0,0.0,0.0,0.0,2100000.0,0.0,0.0,-3800000.0,-7000000.0,0.0,-7199999.999999999,0.0,-400000.0,1900000.0,2300000.0,4700000.000000001,-899999.9999999999,3800000.000000001,,
1990-05-31,PEI,,,Q2,2500000.0,500000.0,0.0,0.0,-500000.0,-400000.0,0.0,0.0,0.0,500000.0,3099999.9999999995,0.0,0.0,0.0,0.0,0.0,1200000.0,0.0,0.0,0.0,0.0,0.0,-3899999.9999999995,0.0,300000.00000000006,2200000.0,1900000.0,3099999.9999999995,-500000.0,2599999.9999999995,,
1990-02-28,PEI,,,Q1,2700000.0,400000.0,0.0,0.0,-99999.99999999999,0.0,0.0,0.0,0.0,400000.0,3399999.9999999995,0.0,0.0,0.0,0.0,0.0,4000000.0,0.0,0.0,0.0,-7100000.0,0.0,-7200000.0,0.0,299999.99999999994,2000000.0,1700000.0,3399999.9999999995,-200000.0,3199999.9999999995,,
1989-11-30,PEI,,,Q4,2700000.0,400000.0,0.0,0.0,-400000.0,-400000.0,0.0,0.0,0.0,600000.0,3200000.0,0.0,0.0,0.0,0.0,0.0,-3800000.0,0.0,0.0,0.0,0.0,0.0,-100000.0,0.0,-700000.0,1700000.0,2400000.0,3200000.0,-300000.0,2900000.0,,
1989-08-31,PEI,,,Q3,10800000.0,1700000.0,0.0,0.0,600000.0,0.0,0.0,0.0,0.0,1400000.0,14400000.0,0.0,0.0,0.0,0.0,0.0,1100000.0,0.0,0.0,0.0,-13600000.0,0.0,-14000000.0,0.0,1500000.0,1500000.0,0.0,14400000.0,-1000000.0,13400000.0,,
