date,symbol,fillingDate,acceptedDate,period,netIncome,depreciationAndAmortization,deferredIncomeTax,stockBasedCompensation,changeInWorkingCapital,accountsReceivables,inventory,accountsPayables,otherWorkingCapital,otherNonCashItems,netCashProvidedByOperatingActivities,investmentsInPropertyPlantAndEquipment,acquisitionsNet,purchasesOfInvestments,salesMaturitiesOfInvestments,otherInvestingActivites,netCashUsedForInvestingActivites,debtRepayment,commonStockIssued,commonStockRepurchased,dividendsPaid,otherFinancingActivites,netCashUsedProvidedByFinancingActivities,effectOfForexChangesOnCash,netChangeInCash,cashAtEndOfPeriod,cashAtBeginningOfPeriod,operatingCashFlow,capitalExpenditure,freeCashFlow,link,finalLink
2020-06-30,PEIX,2020-08-13 00:00:00,2020-08-13 16:01:23,Q2,14854000.0,9047000.0,0.0,576000.0,-3044999.9999999944,3411000.0,3429000.0,-7713000.0,-15164000.0,-2102000.0000000005,18754000.0,-1265000.0,0.0,0.0,0.0,19896000.0,18631000.0,-25500000.0,0.0,0.0,0.0,-5877000.0,-34381000.0,0.0,3003999.9999999995,29783000.0,26779000.0,18754000.0,-1264999.9999999998,17489000.0,https://www.sec.gov/Archives/edgar/data/778164/000121390020021853/0001213900-20-021853-index.htm,https://www.sec.gov/Archives/edgar/data/778164/000121390020021853/f10q0620_pacificethanol.htm
2020-03-31,PEIX,2020-05-14 00:00:00,2020-05-14 16:51:43,Q1,-27156000.0,9759000.0,0.0,865000.0,39483000.0,22024000.0,4223000.0,-1512000.0,11122000.0,4815000.0,26901000.0,-1245000.0,0.0,0.0,0.0,0.0,-1245000.0,0.0,282000.0,282000.0,0.0,0.0,-17874000.0,0.0,7782000.0,26779000.0,18997000.0,26901000.0,-1245000.0,25656000.0,https://www.sec.gov/Archives/edgar/data/778164/000121390020012307/0001213900-20-012307-index.htm,https://www.sec.gov/Archives/edgar/data/778164/000121390020012307/f10q0320_pacificethanol.htm
2019-12-31,PEIX,2020-03-30,2020-03-30 16:13:31,Q4,-49757999.99999999,11964999.999999996,2000.0,706000.0,2825999.9999999986,-6328000.0,1909000.0,3736000.0,71666000.0,38805000.0,3840000.0,-1137000.0,0.0,0.0,0.0,0.0,-1137000.0,0.0,0.0,0.0,0.0,-2551000.0,-2626999.999999999,0.0,76000.00000000051,18997000.0,18921000.0,3840000.0,-1137000.0,2703000.0,https://www.sec.gov/Archives/edgar/data/778164/000121390020007976/f10k2019_pacificethanol.htm,https://www.sec.gov/Archives/edgar/data/778164/000121390020007976/f10k2019_pacificethanol.htm
2019-09-30,PEIX,2019-11-12 00:00:00,2019-11-12 16:36:56,Q3,-29073000.0,12029000.000000004,0.0,585000.0,11214000.000000002,-1283000.0,14981000.0,2080000.0,-66495000.0,4381000.0,-1448999.999999998,-608000.0,0.0,0.0,0.0,0.0,-608000.0000000001,-5000000.0,0.0,0.0,-318999.99999999994,12192000.0,4465000.0,0.0,2408000.0000000005,18921000.0,16513000.0,-1448999.999999998,-608000.0000000001,-2056999.9999999981,https://www.sec.gov/Archives/edgar/data/778164/000121390019022941/0001213900-19-022941-index.html,https://www.sec.gov/Archives/edgar/data/778164/000121390019022941/f10q0919_pacificethanolinc.htm
2019-06-30,PEIX,2019-08-07,2019-08-07 16:35:24,Q2,-8290000.000000001,11789000.0,0.0,718000.0,-10290000.000000002,10883000.0,-14759000.0,-8676000.0,-51881000.0,-3936000.0,-10727000.000000002,-424000.0,0.0,0.0,0.0,0.0,-423999.99999999994,-1500000.0,0.0,0.0,-315000.0,2490000.0,5912999.999999998,0.0,-5238000.0,16513000.0,21751000.0,-10727000.000000002,-423999.99999999994,-11151000.000000002,https://www.sec.gov/Archives/edgar/data/778164/000121390019014812/f10q0619_pacificethanol.htm,https://www.sec.gov/Archives/edgar/data/778164/000121390019014812/f10q0619_pacificethanol.htm
2019-03-31,PEIX,2019-05-03 00:00:00,2019-05-03 16:16:55,Q1,-14161000.0,12126000.0,0.0,800000.0,-14217000.0,-9970000.0,-4911000.0,273000.0,-59472000.0,1225000.0,-15027000.0,-1112000.0,0.0,0.0,0.0,0.0,-1112000.0,-5248000.0,3670000.0,3670000.0,-312000.0,34904000.0,11263000.0,0.0,-4876000.0,21751000.0,26627000.0,-15027000.0,-1112000.0,-16139000.0,https://www.sec.gov/Archives/edgar/data/778164/000161577419007047/0001615774-19-007047-index.html,https://www.sec.gov/Archives/edgar/data/778164/000161577419007047/s117704_10q.htm
2018-12-31,PEIX,2019-03-18,2019-03-18 16:44:01,Q4,-34531000.00000001,10213999.999999994,590000.0,859000.0,-3973000.0000000023,12707000.0,-2704000.0,1798000.0,-63055000.0,3189000.0,-24511000.000000004,-4280000.0,0.0,0.0,0.0,0.0,-4279999.999999999,-1772000.0,2057000.0,2057000.0,-318999.99999999994,-30107000.0,-674999.999999999,0.0,-29465999.999999996,26627000.000000004,56093000.0,-24511000.000000004,-4279999.999999999,-28791000.000000004,https://www.sec.gov/Archives/edgar/data/778164/000161577419004168/s116597_10k.htm,https://www.sec.gov/Archives/edgar/data/778164/000161577419004168/s116597_10k.htm
2018-09-30,PEIX,2018-11-02 00:00:00,2018-11-02 16:32:24,Q3,-9305000.0,10215000.0,-2999.9999999998918,884000.0,18052000.0,1000.0,12539000.0,1304000.0,93246000.0,2198000.0000000005,21167000.0,-3534000.0,0.0,0.0,0.0,0.0,-3534000.000000001,-11000000.0,0.0,0.0,-315999.99999999994,-19294000.0,-24128999.999999996,0.0,-6486000.0,56114000.0,62600000.0,21167000.0,-3534000.000000001,17633000.0,https://www.sec.gov/Archives/edgar/data/778164/000161577418012003/0001615774-18-012003-index.html,https://www.sec.gov/Archives/edgar/data/778164/000161577418012003/s113524_10q.htm
2018-06-30,PEIX,2018-08-09 00:00:00,2018-08-09 16:30:40,Q2,-14600000.000000002,10260000.000000002,0.0,959000.0,-3840000.0,2000.0,2957000.0,-7505000.0,121063000.0,4190000.0,-4000000.0,-2983000.0,0.0,0.0,0.0,0.0,-2979999.9999999995,-1500000.0,0.0,0.0,-320000.0,19204000.0,12190000.0,0.0,5200000.0,62600000.0,57400000.0,-4000000.0,-2979999.9999999995,-6979999.999999999,https://www.sec.gov/Archives/edgar/data/778164/000161577418007803/0001615774-18-007803-index.html,https://www.sec.gov/Archives/edgar/data/778164/000161577418007803/s111921_10q.htm
2018-03-31,PEIX,2018-05-10 00:00:00,2018-05-10 16:34:49,Q1,-9500000.0,10160000.0,-560000.0,736000.0,6920000.0,-47000.0,-8712000.0,8508000.0,118676000.0,1890000.0,8910000.0,-4357000.0,0.0,0.0,0.0,0.0,-4360000.0,-5000000.0,0.0,0.0,-310000.0,66030000.0,3340000.0,0.0,7890000.0,57390000.0,49500000.0,8910000.0,-4360000.0,4550000.0,https://www.sec.gov/Archives/edgar/data/778164/000161577418003578/0001615774-18-003578-index.html,https://www.sec.gov/Archives/edgar/data/778164/000161577418003578/s110012_10q.htm
2017-12-31,PEIX,2018-03-15,2018-03-15 17:17:05,Q4,-14110000.0,10160000.0,170000.0,843000.0,180000.00000000326,17566000.0,6961000.0,-1543000.0,112540000.0,5100000.0,1509999.999999998,-8518000.0,-653000.0,0.0,0.0,0.0,-9169999.999999994,-5626000.0,0.0,0.0,-320000.00000000006,3070000.0,4560000.000000001,0.0,-3099999.9999999995,53800000.0,56900000.0,1509999.999999998,-8520000.000000002,-7010000.000000003,https://www.sec.gov/Archives/edgar/data/778164/000161577418001920/s109336_10k.htm,https://www.sec.gov/Archives/edgar/data/778164/000161577418001920/s109336_10k.htm
2017-09-30,PEIX,2017-11-09 00:00:00,2017-11-09 16:21:52,Q3,-539999.9999999991,10079999.999999998,0.0,827000.0,8979999.999999996,-2000.0,1382000.0,10278000.0,120422000.0,1390000.0000000007,19910000.0,-6119000.0,-28921000.0,0.0,0.0,0.0,-35040000.00000001,-50427000.0,0.0,510000.0,-319999.99999999994,-3185000.0,-19400000.0,0.0,-34530000.0,56970000.0,91500000.0,19910000.0,-6119999.999999999,13790000.000000002,https://www.sec.gov/Archives/edgar/data/778164/000168316817002885/0001683168-17-002885-index.html,https://www.sec.gov/Archives/edgar/data/778164/000168316817002885/peix_10q-093017.htm
2017-06-30,PEIX,2017-08-09 00:00:00,2017-08-09 16:11:05,Q2,-9930000.000000002,9300000.0,0.0,937000.0,3750000.000000002,5000.0,-3212000.0,-6060000.0,152780000.0,-110000.00000000032,3000000.0,-2118000.0,0.0,0.0,0.0,0.0,-2120000.0,-3500000.0,0.0,649999.9999999999,-320000.0,38374000.0,16840000.0,0.0,17720000.0,91420000.0,73700000.0,3000000.0,-2120000.0,880000.0,https://www.sec.gov/Archives/edgar/data/778164/000168316817002011/0001683168-17-002011-index.html,https://www.sec.gov/Archives/edgar/data/778164/000168316817002011/paceth_10q-063017.htm
2017-03-31,PEIX,2017-05-10 00:00:00,2017-05-10 16:16:01,Q1,-13490000.0,9110000.0,0.0,1221000.0,13600000.0,-7000.0,-61000.0,-8213000.0,141314000.0,2870000.0,12090000.0,-4111000.0,0.0,0.0,0.0,0.0,-4110000.0,-1000000.0,0.0,40000.0,-310000.0,72209000.0,-2840000.0,0.0,5140000.0,73740000.0,68600000.0,12090000.0,-4110000.0,7980000.0,https://www.sec.gov/Archives/edgar/data/778164/000168316817001160/0001683168-17-001160-index.html,https://www.sec.gov/Archives/edgar/data/778164/000168316817001160/peix_10q-033117.htm
2016-12-31,PEIX,2017-03-15,2017-03-15 16:31:38,Q4,13190000.0,8909999.999999996,-1120000.0,728000.0,-5080000.0,19000.0,4918000.0,12068000.0,156360000.0,6290000.000000001,22199999.999999996,-5126000.0,0.0,0.0,0.0,461000.0,-4670000.0,-162159000.0,0.0,1160000.0,-320000.00000000006,197678000.0,7250000.000000002,0.0,24780000.0,65380000.0,40600000.0,22199999.999999996,-5120000.000000001,17079999.999999996,https://www.sec.gov/Archives/edgar/data/778164/000168316817000577/peix_10k-123116.htm,https://www.sec.gov/Archives/edgar/data/778164/000168316817000577/peix_10k-123116.htm
2016-09-30,PEIX,2016-11-08 00:00:00,2016-11-08 16:37:10,Q3,-3519999.9999999995,8860000.0,0.0,707000.0,8290000.0,-39000.0,940000.0,982000.0,-15881000.0,300000.0000000007,13920000.0,-6560000.0,0.0,0.0,0.0,103000.0,-6449999.999999999,-1072000.0,0.0,0.0,-319999.99999999994,10785000.0,1500000.0,0.0,8969999.999999998,40670000.0,31700000.0,13920000.0,-6560000.000000001,7359999.999999999,https://www.sec.gov/Archives/edgar/data/778164/000168316816000513/0001683168-16-000513-index.html,https://www.sec.gov/Archives/edgar/data/778164/000168316816000513/paceth_10q-093016.htm
2016-06-30,PEIX,2016-08-05 00:00:00,2016-08-05 17:01:48,Q2,5090000.0,9020000.000000002,0.0,598000.0,-14250000.0,-30000.0,-13550000.0,-4187000.0,137883000.0,6419999.999999999,6270000.000000001,-2519000.0,0.0,0.0,0.0,4010000.0,1489999.9999999998,-1051000.0,0.0,0.0,-310000.0,17488000.0,4709999.999999997,0.0,12469999.999999998,31670000.0,19200000.0,6270000.000000001,-2520000.0000000005,3750000.0,https://www.sec.gov/Archives/edgar/data/778164/000101968716007097/0001019687-16-007097-index.html,https://www.sec.gov/Archives/edgar/data/778164/000101968716007097/peix_10q-063016.htm
2016-03-31,PEIX,2016-05-09 00:00:00,2016-05-09 17:24:08,Q1,-13230000.0,8650000.0,0.0,583000.0,-4950000.0,-256000.0,8442000.0,416000.0,112677000.0,4360000.0,-5160000.0,-4966000.0,0.0,0.0,0.0,0.0,-4970000.0,-17003000.0,0.0,0.0,-320000.0,13148000.0,-23380000.0,0.0,-33510000.0,19190000.0,52700000.0,-5160000.0,-4970000.0,-10130000.0,https://www.sec.gov/Archives/edgar/data/778164/000149315216009560/0001493152-16-009560-index.html,https://www.sec.gov/Archives/edgar/data/778164/000149315216009560/form10-q.htm
2015-12-31,PEIX,2016-03-15,2016-03-15 16:32:16,Q4,-750000.0,8530000.0,-1900000.0,2019000.0,-17500000.0,6334000.0,-13091000.0,-1025000.0,125033000.0,2220000.0,-9399999.999999998,-2827000.0,0.0,0.0,0.0,0.0,-2830000.0,-1660000.0,0.0,0.0,-320000.00000000006,13522000.0,11890000.0,0.0,-339999.9999999999,52760000.0,53100000.0,-9399999.999999998,-2830000.000000002,-12230000.000000002,https://www.sec.gov/Archives/edgar/data/778164/000101968716005470/peix_10k-123115.htm,https://www.sec.gov/Archives/edgar/data/778164/000101968716005470/peix_10k-123115.htm
2015-09-30,PEIX,2015-11-06 00:00:00,2015-11-06 16:46:21,Q3,-14660000.0,8350000.0,-120000.0,550000.0,-22780000.0,-11998000.0,116000.0,-7920000.0,107321000.0,410000.0000000001,-28810000.000000004,-5514000.0,18756000.0,0.0,0.0,14182000.0,8670000.0,-14442000.0,0.0,0.0,-319999.99999999994,42486000.0,23930000.0,0.0,3790000.000000001,53090000.0,49300000.0,-28810000.000000004,-5510000.0,-34320000.0,https://www.sec.gov/Archives/edgar/data/778164/000101968715003940/0001019687-15-003940-index.html,https://www.sec.gov/Archives/edgar/data/778164/000101968715003940/paceth_10q-093015.htm
2015-06-30,PEIX,2015-08-10 00:00:00,2015-08-10 16:31:02,Q2,1049999.9999999998,3340000.0,0.0,409000.0,-780000.0000000002,-1252000.0,-1030000.0,-268000.0,91724000.0,429999.99999999994,4039999.999999999,-3988000.0,0.0,0.0,0.0,0.0,-3990000.0,-1483000.0,0.0,180000.0,-320000.0,15721000.0,6940000.000000001,0.0,6989999.999999998,49290000.0,42300000.0,4039999.999999999,-3990000.0,49999.999999999,https://www.sec.gov/Archives/edgar/data/778164/000101968715003026/0001019687-15-003026-index.html,https://www.sec.gov/Archives/edgar/data/778164/000101968715003026/peix_10q-063015.htm
2015-03-31,PEIX,2015-05-11 00:00:00,2015-05-11 16:15:20,Q1,-4510000.0,3410000.0,0.0,506000.0,7450000.0,7270000.0,709000.0,-832000.0,87726000.0,970000.0,7330000.0,-8178000.0,0.0,0.0,0.0,0.0,-8180000.0,-1307000.0,0.0,190000.0,-310000.0,24935000.0,-18960000.0,0.0,-19810000.0,42290000.0,62100000.0,7330000.0,-8180000.0,-850000.0,https://www.sec.gov/Archives/edgar/data/778164/000101968715001849/0001019687-15-001849-index.html,https://www.sec.gov/Archives/edgar/data/778164/000101968715001849/paceth_10q-033115.htm
2014-12-31,PEIX,2015-03-16,2015-03-16 17:03:14,Q4,13100000.0,3410000.0,4939999.999999999,1838000.0,-8560000.0,-4136000.0,1465000.0,3900000.0,114104000.0,-809999.9999999952,12079999.999999998,-3263000.0,0.0,0.0,0.0,0.0,-3260000.0000000014,-5558000.0,-26073000.0,1019999.999999996,-2510000.0,36981000.0,-2990000.0,0.0,5820000.0,62120000.0,56300000.0,12079999.999999998,-3260000.0,8819999.999999998,https://www.sec.gov/Archives/edgar/data/778164/000101968715000988/paceth_10k-123114.htm,https://www.sec.gov/Archives/edgar/data/778164/000101968715000988/paceth_10k-123114.htm
2014-09-30,PEIX,2014-11-12 00:00:00,2014-11-12 16:37:42,Q3,4750000.0,3339999.999999999,-2680000.0,568000.0,14000000.0,12595000.0,6595000.0,-7329000.0,93320000.0,5519999.999999996,24920000.0,-3461000.0,0.0,0.0,0.0,-6000000.0,-9460000.0,-1322000.0,0.0,24420000.0,-319999.99999999994,46848000.0,14870000.0,0.0,30340000.0,56240000.0,25900000.0,24920000.0,-3460000.0,21460000.0,https://www.sec.gov/Archives/edgar/data/778164/000101968714004201/0001019687-14-004201-index.html,https://www.sec.gov/Archives/edgar/data/778164/000101968714004201/peix_10q-093014.htm
2014-06-30,PEIX,2014-08-14 00:00:00,2014-08-14 16:10:40,Q2,16970000.0,3270000.0000000005,-399999.9999999999,376000.0,6529999.999999999,8363000.0,814000.0,-143000.0,79133000.0,2090000.0000000035,28450000.0,-4702000.0,0.0,0.0,0.0,0.0,-4710000.0,-18331000.0,73000.0,32180000.0,-320000.0,30975000.0,-5669999.999999998,0.0,18070000.0,25870000.0,7800000.0,28450000.0,-4710000.0,23740000.0,https://www.sec.gov/Archives/edgar/data/778164/000101968714003187/0001019687-14-003187-index.html,https://www.sec.gov/Archives/edgar/data/778164/000101968714003187/peix_10q-063014.htm
2014-03-31,PEIX,2014-05-09 00:00:00,2014-05-09 16:05:51,Q1,-8820000.0,3170000.0,3270000.0,367000.0,-12620000.0,-16096000.0,-5008000.0,5425000.0,64088000.0,37870000.0,22880000.0,-1833000.0,0.0,0.0,0.0,0.0,-1830000.0,-34231000.0,26000000.0,12130000.0,-310000.0,-1959000.0,-18350000.0,0.0,2700000.0,7900000.0,5200000.0,22880000.0,-1830000.0,21050000.0,https://www.sec.gov/Archives/edgar/data/778164/000101968714001742/0001019687-14-001742-index.html,https://www.sec.gov/Archives/edgar/data/778164/000101968714001742/paceth_10q-033114.htm
2013-12-31,PEIX,2014-03-31,2014-03-31 16:31:28,Q4,9750000.0,3160000.0,0.0,1724000.0,-8770000.0,-8132000.0,-4657000.0,5751000.0,51161000.0,5180000.0,9320000.0,-2057000.0,0.0,0.0,0.0,-504000.0,-2560000.0,-19195000.0,0.0,0.0,-320000.00000000006,4713000.0,-10780000.0,0.0,-4030000.0,5170000.0,9200000.0,9320000.0,-2050000.0000000002,7270000.0,https://www.sec.gov/Archives/edgar/data/778164/000101968714001140/peix_10k-123113.htm,https://www.sec.gov/Archives/edgar/data/778164/000101968714001140/peix_10k-123113.htm
2013-09-30,PEIX,2013-11-12 00:00:00,2013-11-12 16:30:51,Q3,-5440000.0,3020000.0000000005,0.0,345000.0,6209999.999999999,-11615000.0,-406000.0,-1891000.0,44235000.0,4819999.999999999,8620000.000000002,-1018000.0,0.0,0.0,0.0,0.0,-1020000.0,-1366000.0,0.0,0.0,-319999.99999999994,-1531000.0,-5410000.0,0.0,2190000.0,9190000.0,7000000.0,8620000.000000002,-1020000.0,7600000.000000001,https://www.sec.gov/Archives/edgar/data/778164/000101968713004209/0001019687-13-004209-index.html,https://www.sec.gov/Archives/edgar/data/778164/000101968713004209/paceth_10q-093013.htm
2013-06-30,PEIX,2013-08-07 00:00:00,2013-08-07 08:32:03,Q2,1130000.0,2990000.0,0.0,335000.0,-3979999.9999999995,10333000.0,2913000.0,5029000.0,50541000.0,2580000.0,2700000.0,-918000.0,0.0,0.0,0.0,-1836000.0,-800000.0,-4402000.0,0.0,0.0,-320000.0,17908000.0,890000.0000000006,0.0,2790000.0,6990000.0,4200000.0,2700000.0,-610000.0000000001,2090000.0,https://www.sec.gov/Archives/edgar/data/778164/000101968713002893/0001019687-13-002893-index.html,https://www.sec.gov/Archives/edgar/data/778164/000101968713002893/paceth_10q-063013.htm
2013-03-31,PEIX,2013-05-15 00:00:00,2013-05-15 16:12:11,Q1,-6600000.0,2970000.0,0.0,630000.0,-5370000.0,-6326000.0,-1300000.0,6428000.0,42266000.0,2540000.0,-6450000.0,-309000.0,0.0,0.0,0.0,0.0,-1950000.0,0.0,0.0,2060000.0,-310000.0,0.0,5010000.0,0.0,-3390000.0,4210000.0,7600000.0,-6450000.0,-310000.0,-6760000.0,https://www.sec.gov/Archives/edgar/data/778164/000101968713001906/0001019687-13-001906-index.html,https://www.sec.gov/Archives/edgar/data/778164/000101968713001906/paceth_10q-033113.htm
2012-12-31,PEIX,2013-04-01,2013-04-01 16:18:58,Q4,-9619999.999999996,2990000.0,0.0,101000.0,-4880000.0,1453000.0,541000.0,-5363000.0,45017000.0,2070000.0,-9430000.000000002,-158000.0,0.0,0.0,0.0,0.0,-150000.00000000035,0.0,-70000.0,-69999.99999999673,-320000.00000000006,0.0,-1500000.0,0.0,-11090000.0,7610000.0,18700000.0,-9430000.000000002,-149999.9999999999,-9580000.0,https://www.sec.gov/Archives/edgar/data/778164/000101968713001143/peix_10k-123112.htm,https://www.sec.gov/Archives/edgar/data/778164/000101968713001143/peix_10k-123112.htm
2012-09-30,PEIX,2012-11-14 00:00:00,2012-11-14 17:00:28,Q3,-9720000.000000002,2990000.0,0.0,155000.0,160000.00000000015,-3219000.0,447000.0,2576000.0,6816000.0,1500000.0,-5080000.0,-510000.0,0.0,0.0,0.0,0.0,-10510000.0,0.0,20994000.0,20990000.0,-319999.99999999994,0.0,28590000.0,0.0,13010000.0,18710000.0,5700000.0,-5080000.0,-510000.0,-5590000.0,https://www.sec.gov/Archives/edgar/data/778164/000101968712004082/0001019687-12-004082-index.html,https://www.sec.gov/Archives/edgar/data/778164/000101968712004082/paceth_10q-093012.htm
2012-06-30,PEIX,2012-08-14 00:00:00,2012-08-14 17:01:10,Q2,-10030000.0,3100000.0000000005,0.0,254000.0,4330000.0,-984000.0,1696000.0,-3600000.0,-4410000.0,-990000.0,-3590000.0,896000.0,0.0,0.0,0.0,0.0,-710000.0000000001,0.0,0.0,0.0,-310000.0,-5011000.0,4990000.0,0.0,680000.0000000002,5680000.0,5000000.0,-3590000.0,-710000.0000000001,-4300000.0,https://www.sec.gov/Archives/edgar/data/778164/000101968712002814/0001019687-12-002814-index.html,https://www.sec.gov/Archives/edgar/data/778164/000101968712002814/peix_10q-06302012.htm
2012-03-31,PEIX,2012-05-11 00:00:00,2012-05-11 16:20:25,Q1,-13990000.0,3130000.0,0.0,296000.0,7750000.0,984000.0,-1696000.0,3600000.0,46113000.0,360000.0,-2750000.0,-896000.0,0.0,0.0,0.0,0.0,-900000.0,0.0,0.0,0.0,-320000.0,5011000.0,-290000.0,0.0,-3930000.0,4970000.0,8900000.0,-2750000.0,-900000.0,-3650000.0,https://www.sec.gov/Archives/edgar/data/778164/000101968712001720/0001019687-12-001720-index.html,https://www.sec.gov/Archives/edgar/data/778164/000101968712001720/peix_10q-033112.htm
2011-12-31,PEIX,2012-03-08,2012-03-08 16:18:33,Q4,770000.0000000005,3160000.0,0.0,300000.0,-3349999.9999999995,137000.0,6408000.0,-6278000.0,57766000.0,3050000.0,3609999.9999999995,-906000.0,-9117000.0,0.0,0.0,0.0,-10020000.0,-500000.0,7364000.0,7360000.0,0.0,-16239000.0,-1480000.0000000005,0.0,-7890000.000000001,8909999.999999998,16800000.0,3609999.9999999995,-910000.0000000001,2699999.999999999,https://www.sec.gov/Archives/edgar/data/778164/000101968712000858/peix_10k-123111.htm,https://www.sec.gov/Archives/edgar/data/778164/000101968712000858/peix_10k-123111.htm
2011-09-30,PEIX,2011-11-04 00:00:00,2011-11-04 16:23:18,Q3,4560000.0,3170000.0,0.0,-1525000.0,2469999.999999999,6082000.0,-1735000.0,-884000.0,53677000.0,-3780000.0,6440000.0,-95000.0,0.0,0.0,0.0,0.0,-99999.99999999987,0.0,0.0,0.0,0.0,7608000.0,629999.999999999,0.0,6970000.000000001,16770000.000000002,9800000.0,6440000.0,-99999.99999999987,6340000.0,https://www.sec.gov/Archives/edgar/data/778164/000101968711003381/0001019687-11-003381-index.html,https://www.sec.gov/Archives/edgar/data/778164/000101968711003381/peix_10q-093011.htm
2011-06-30,PEIX,2011-08-11 00:00:00,2011-08-11 16:41:27,Q2,-4670000.0,3180000.0,0.0,1525000.0,-5659999.999999999,-8286000.0,-3545000.0,4804000.0,34142000.0,-930000.0,-8100000.0,-1364000.0,0.0,0.0,0.0,0.0,-1080000.0,0.0,0.0,0.0,0.0,26291000.0,10560000.0,0.0,1390000.0,9890000.0,8500000.0,-8100000.0,-1080000.0,-9180000.0,https://www.sec.gov/Archives/edgar/data/778164/000101968711002552/0001019687-11-002552-index.html,https://www.sec.gov/Archives/edgar/data/778164/000101968711002552/peix_10q-063011.htm
2011-03-31,PEIX,2011-05-13 00:00:00,2011-05-13 16:38:08,Q1,-4680000.0,3140000.0,0.0,769000.0,-4210000.0,-6354000.0,-1177000.0,2529000.0,20868000.0,-160000.0,-5900000.0,-280000.0,0.0,0.0,0.0,0.0,-280000.0,0.0,0.0,0.0,0.0,0.0,5900000.0,0.0,-290000.0,8410000.0,8700000.0,-5900000.0,-280000.0,-6180000.0,https://www.sec.gov/Archives/edgar/data/778164/000101968711001635/0001019687-11-001635-index.html,https://www.sec.gov/Archives/edgar/data/778164/000101968711001635/paceth_10q-033111.htm
2010-12-31,PEIX,2011-03-31,2011-03-31 16:51:15,Q4,-16060000.000000002,3149999.9999999995,0.0,1072000.0,-21760000.0,-689000.0,-626000.0,-16531000.0,10131000.0,11390000.0,-23270000.000000004,-310000.0,0.0,0.0,0.0,0.0,-1300000.0000000007,-2909000.0,0.0,0.0,0.0,0.0,31670000.0,0.0,7090000.0,8690000.0,1600000.0,-23270000.000000004,-310000.0,-23580000.000000004,https://www.sec.gov/Archives/edgar/data/778164/000101968711001041/peix_10k-123110.htm,https://www.sec.gov/Archives/edgar/data/778164/000101968711001041/peix_10k-123110.htm
2010-09-30,PEIX,2010-11-15 00:00:00,2010-11-15 16:12:15,Q3,-12119999.99999999,250000.0,0.0,508000.0,-7220000.0,-6447000.0,0.0,4607000.0,7436000.0,13390000.0,-5690000.0,-56000.0,0.0,0.0,0.0,0.0,-59999.99999999872,0.0,0.0,0.0,0.0,0.0,5419999.999999999,0.0,-330000.00000000006,1670000.0,2000000.0,-5690000.0,-49999.99999999999,-5740000.0,https://www.sec.gov/Archives/edgar/data/778164/000101968710004100/0001019687-10-004100-index.html,https://www.sec.gov/Archives/edgar/data/778164/000101968710004100/paceth_10q-093010.htm
2010-06-30,PEIX,2010-08-16 00:00:00,2010-08-16 17:05:49,Q2,108560000.0,2850000.0,0.0,891000.0,6210000.0,-6229000.0,-445000.0,8013000.0,-19462000.0,-118720000.00000001,-1110000.0000000002,-245000.0,0.0,0.0,0.0,0.0,-1560000.0000000005,0.0,0.0,0.0,0.0,0.0,1720000.0000000002,0.0,-950000.000000001,1949999.9999999988,2900000.0,-1110000.0000000002,-270000.0,-1380000.0000000002,https://www.sec.gov/Archives/edgar/data/778164/000101968710003060/0001019687-10-003060-index.html,https://www.sec.gov/Archives/edgar/data/778164/000101968710003060/pacethanol_10q-063010.htm
2010-03-31,PEIX,2010-05-14 00:00:00,2010-05-14 17:09:05,Q1,-10900000.0,2860000.0,0.0,0.0,-490000.0,-424000.0,581000.0,1943000.0,-62171000.0,1680000.0,-6850000.0,-32000.0,0.0,0.0,0.0,0.0,-10500000.0,0.0,0.0,0.0,0.0,0.0,2730000.0,0.0,-14620000.0,2880000.0,17500000.0,-6850000.0,-10000.0,-6860000.0,https://www.sec.gov/Archives/edgar/data/778164/000101968710001838/0001019687-10-001838-index.html,https://www.sec.gov/Archives/edgar/data/778164/000101968710001838/peix_10q-033110.htm
2009-12-31,PEIX,2010-03-31,2010-03-31 17:06:35,Q4,-242849999.99999997,8900000.000000002,0.0,431000.0,780000.000000001,-12252000.0,28000.0,2405000.0,-50857000.0,235310000.0,2139999.9999999995,-705000.0,0.0,0.0,0.0,0.0,-700000.0000000002,0.0,0.0,0.0,0.0,0.0,4779999.999999999,0.0,6210000.0,17510000.0,11300000.0,2139999.9999999995,-699999.9999999997,1440000.0,https://www.sec.gov/Archives/edgar/data/778164/000101968710001241/paceth_10k-123109.htm,https://www.sec.gov/Archives/edgar/data/778164/000101968710001241/paceth_10k-123109.htm
2009-09-30,PEIX,2009-11-09 00:00:00,2009-11-09 17:24:49,Q3,-11860000.0,8640000.0,0.0,461000.0,2050000.0000000007,-1332000.0,0.0,266000.0,-55658000.0,1720000.0000000007,550000.0000000007,-1906000.0,0.0,0.0,0.0,0.0,-1910000.0,0.0,0.0,0.0,0.0,0.0,620000.0000000006,0.0,-740000.0,11360000.0,12100000.0,550000.0000000007,-1910000.0,-1359999.9999999993,https://www.sec.gov/Archives/edgar/data/778164/000101968709004017/0001019687-09-004017-index.html,https://www.sec.gov/Archives/edgar/data/778164/000101968709004017/pacific_10q-093009.htm
2009-06-30,PEIX,2009-08-07 00:00:00,2009-08-07 16:20:07,Q2,-28270000.0,8620000.0,0.0,481000.0,2500000.0,884000.0,421000.0,3367000.0,-53809000.0,7939999.999999999,-9210000.0,-353000.0,0.0,0.0,0.0,0.0,3720000.0,0.0,0.0,0.0,0.0,0.0,9190000.0,0.0,3710000.0,12110000.0,8400000.0,-9210000.0,-349999.9999999999,-9560000.0,https://www.sec.gov/Archives/edgar/data/778164/000101968709002768/0001019687-09-002768-index.html,https://www.sec.gov/Archives/edgar/data/778164/000101968709002768/pei_10q-063009.htm
2009-03-31,PEIX,2009-05-18 00:00:00,2009-05-18 16:05:49,Q1,-25730000.0,8720000.0,0.0,551000.0,17130000.0,12700000.0,424000.0,-9176000.0,-305444000.0,100000.0,220000.0,-1340000.0,0.0,0.0,0.0,0.0,2270000.0,0.0,0.0,0.0,0.0,0.0,-5580000.0,0.0,-3100000.0,8400000.0,11500000.0,220000.0,-1340000.0,-1120000.0,https://www.sec.gov/Archives/edgar/data/778164/000101968709001851/0001019687-09-001851-index.html,https://www.sec.gov/Archives/edgar/data/778164/000101968709001851/pacificethanol_10q-033109.htm
2008-12-31,PEIX,2009-03-31,2009-03-31 16:21:32,Q4,-38629999.99999999,8620000.000000002,0.0,861000.0,12300000.000000004,3108000.0,807000.0,-14426000.0,-288313000.0,949999.9999999886,-16759999.999999998,-13300000.0,0.0,0.0,0.0,0.0,-5560000.000000002,0.0,-198000.0,-29999.999999986925,-1609999.9999999993,0.0,19789999.999999993,0.0,-2510000.0,11490000.0,14000000.0,-16759999.999999998,-13299999.999999983,-30059999.99999998,https://www.sec.gov/Archives/edgar/data/778164/000101968709001147/peix_10k-123108.htm,https://www.sec.gov/Archives/edgar/data/778164/000101968709001147/peix_10k-123108.htm
2008-09-30,PEIX,2008-11-17 00:00:00,2008-11-17 16:53:11,Q3,-70690000.0,7239999.999999998,0.0,698000.0,13809999.999999994,4724000.0,25554000.0,3879000.0,-23577000.0,47450000.00000002,-2190000.000000005,-35643000.0,0.0,0.0,0.0,0.0,-43610000.000000015,0.0,153000.0,149999.99999999147,0.0,0.0,40680000.00000001,0.0,-5130000.000000001,13969999.999999998,19100000.0,-2190000.000000005,-35650000.00000001,-37840000.00000001,https://www.sec.gov/Archives/edgar/data/778164/000101968708005104/0001019687-08-005104-index.html,https://www.sec.gov/Archives/edgar/data/778164/000101968708005104/pacific_10q-093008.htm
2008-06-30,PEIX,2008-08-11 00:00:00,2008-08-11 16:20:58,Q2,-54750000.00000001,6200000.0,0.0,909000.0,-24880000.0,-7832000.0,-17131000.0,-5312000.0,-34157000.0,45729999.99999999,-27689999.999999996,-44656000.0,0.0,0.0,0.0,0.0,-36570000.0,0.0,26694000.0,32360000.0,-1400000.0,0.0,62300000.0,0.0,-1959999.999999999,19140000.0,21100000.0,-27689999.999999996,-44650000.0,-72340000.0,https://www.sec.gov/Archives/edgar/data/778164/000101968708003508/0001019687-08-003508-index.html,https://www.sec.gov/Archives/edgar/data/778164/000101968708003508/pacific_10q-063008.htm
2008-03-31,PEIX,2008-05-19 00:00:00,2008-05-19 16:26:36,Q1,-35150000.0,4550000.0,0.0,547000.0,-26520000.0,0.0,-2815000.0,-4720000.0,-57061000.0,48590000.0,-8540000.0,-59036000.0,0.0,0.0,0.0,0.0,-55120000.0,0.0,0.0,39810000.0,-1090000.0,0.0,79020000.0,0.0,15360000.0,21060000.0,5700000.0,-8540000.0,-59040000.0,-67580000.0,https://www.sec.gov/Archives/edgar/data/778164/000101968708002307/0001019687-08-002307-index.html,https://www.sec.gov/Archives/edgar/data/778164/000101968708002307/pacethanol_10q-033108.htm
2007-12-31,PEIX,2008-03-27,2008-03-27 16:28:51,Q4,-14690000.0,4690000.000000001,0.0,-1557000.0,-3189999.9999999995,-6507000.0,17754000.0,-8698000.0,48454000.0,8919999.999999998,-4250000.0,137046000.0,0.0,0.0,0.0,0.0,-30670000.000000015,-59000.0,0.0,0.0,-2100000.0,0.0,30340000.000000004,0.0,-4590000.000000003,5709999.999999997,10300000.0,-4250000.0,-73429999.99999999,-77679999.99999999,https://www.sec.gov/Archives/edgar/data/778164/000101968708001360/paceth_10k-123107.htm,https://www.sec.gov/Archives/edgar/data/778164/000101968708001360/paceth_10k-123107.htm
2007-09-30,PEIX,2007-11-09 00:00:00,2007-11-09 16:26:42,Q3,-4840000.0,3640000.0000000005,0.0,516000.0,9290000.000000002,-3587000.0,-5558000.0,2424000.0,36692000.0,5590000.000000002,13669999.999999998,-31172000.0,0.0,0.0,0.0,0.0,-58319999.99999999,0.0,0.0,0.0,0.0,0.0,19010000.000000004,0.0,-25640000.0,10260000.0,35900000.0,13669999.999999998,-47320000.00000001,-33650000.000000015,https://www.sec.gov/Archives/edgar/data/778164/000101968707003839/0001019687-07-003839-index.html,https://www.sec.gov/Archives/edgar/data/778164/000101968707003839/pei_10q-093007.htm
2007-06-30,PEIX,2007-08-09 00:00:00,2007-08-09 16:05:49,Q2,2150000.0,4590000.0,0.0,529000.0,-8600000.000000002,4014000.0,-2885000.0,-8320000.0,62329000.0,4579999.999999999,2729999.9999999995,-60237000.0,0.0,0.0,0.0,0.0,6570000.000000007,0.0,0.0,0.0,0.0,0.0,-3540000.0000000065,0.0,5760000.000000002,35960000.0,30200000.0,2729999.9999999995,-63720000.0,-60990000.0,https://www.sec.gov/Archives/edgar/data/778164/000101968707002465/0001019687-07-002465-index.html,https://www.sec.gov/Archives/edgar/data/778164/000101968707002465/pacethanol_10q-063007.htm
2007-03-31,PEIX,2007-05-10 00:00:00,2007-05-10 16:07:55,Q1,2980000.0,4590000.0,0.0,512000.0,-7280000.0,6080000.0,-9311000.0,20594000.0,49232000.0,4290000.0,4570000.0,-45637000.0,0.0,0.0,0.0,0.0,-83790000.0,0.0,0.0,0.0,-2100000.0,0.0,65340000.0,0.0,-13880000.0,30220000.0,44100000.0,4570000.0,-26010000.0,-21440000.0,https://www.sec.gov/Archives/edgar/data/778164/000101968707001345/0001019687-07-001345-index.html,https://www.sec.gov/Archives/edgar/data/778164/000101968707001345/pacificethanol_10q-033107.htm
2006-12-31,PEIX,2007-03-12,2007-03-12 17:17:00,Q4,-3100000.0,3290000.0,0.0,-834637000.0,-4009999.999999998,10696115000.0,5364330000.0,-4285441000.0,96451000.0,8360000.000000001,4539999.999999999,57639310000.0,0.0,0.0,0.0,0.0,-59289999.99999999,0.0,-137484422000.0,0.0,-1049999.9999999998,0.0,-1930000.0000000068,0.0,-56690000.0,44010000.0,100700000.0,4539999.999999999,-24810000.000000004,-20270000.000000004,https://www.sec.gov/Archives/edgar/data/778164/000101968707000690/paceth_10k-123106.htm,https://www.sec.gov/Archives/edgar/data/778164/000101968707000690/paceth_10k-123106.htm
2006-09-30,PEIX,2006-11-20,2006-11-20 16:54:43,Q3,3750000.0,290000.0,0.0,210333000.0,-13190000.000000002,-2878851000.0,-2753957000.0,-1208374000.0,101001323000.0,2320000.0,-6830000.0,-28731059000.0,0.0,0.0,0.0,0.0,-29200000.000000004,0.0,2892000.0,0.0,-900000.0,0.0,-3229999.9999999898,0.0,-39250000.0,100750000.0,140000000.0,-6830000.0,-28730000.0,-35560000.0,https://www.sec.gov/Archives/edgar/data/778164/000101968706002841/pacethanol_10q-093006.htm,https://www.sec.gov/Archives/edgar/data/778164/000101968706002841/pacethanol_10q-093006.htm
2006-06-30,PEIX,,,Q2,-180000.00000000006,149999.99999999997,0.0,0.0,-11260000.0,-4800000.0,-2400000.0,3300000.0,0.0,440000.00000000006,-10850000.0,0.0,0.0,0.0,0.0,0.0,-75310000.0,0.0,0.0,220190000.0,0.0,0.0,221960000.0,0.0,135790000.0,139990000.0,4200000.0,-10850000.0,-15140000.0,-25990000.0,,
2006-03-31,PEIX,,,Q1,-610000.0,270000.0,0.0,0.0,4740000.0,-3100000.0,-200000.0,-7700000.0,0.0,600000.0,5000000.0,0.0,0.0,0.0,0.0,0.0,-11020000.0,0.0,0.0,0.0,0.0,0.0,5700000.0,0.0,-320000.0,4180000.0,4500000.0,5000000.0,-13770000.0,-8770000.0,,
2005-12-31,PEIX,,,Q4,-5110000.0,280000.0,0.0,0.0,8950000.000000002,-2500000.0,200000.0,-7500000.0,0.0,1630000.0000000002,5740000.0,0.0,0.0,0.0,0.0,0.0,-10930000.0,0.0,0.0,0.0,0.0,0.0,-1629999.999999999,0.0,-6820000.0,4480000.0,11300000.0,5740000.0,-10120000.0,-4380000.0,,
2005-09-30,PEIX,,,Q3,-929999.9999999997,450000.0,0.0,0.0,-659999.9999999999,-300000.0,500000.0,500000.0,0.0,250000.0,-880000.0,0.0,0.0,0.0,0.0,0.0,-4310000.000000001,0.0,0.0,0.0,0.0,0.0,119999.99999999744,0.0,-5090000.0,11310000.0,16400000.0,-880000.0,-4300000.000000001,-5180000.000000001,,
2005-06-30,PEIX,,,Q2,-2220000.0,-49999.99999999999,0.0,0.0,1350000.0,100000.0,-600000.0,100000.0,0.0,1270000.0,350000.0,0.0,0.0,0.0,0.0,0.0,-4990000.0,0.0,0.0,-19999.999999999574,0.0,0.0,320000.0000000003,0.0,-4309999.999999999,16390000.000000002,20700000.0,350000.0,-2810000.0,-2460000.0,,
2005-03-31,PEIX,,,Q1,-1660000.0,90000.0,0.0,0.0,-750000.0,-2200000.0,-500000.0,-3100000.0,0.0,1130000.0,-1200000.0,0.0,0.0,0.0,0.0,0.0,2980000.0,0.0,0.0,18900000.0,0.0,0.0,18960000.0,0.0,20740000.0,20740000.0,0.0,-1200000.0,-40000.0,-1240000.0,,
2004-12-31,PEIX,,,Q4,-809999.9999999998,20000.000000000004,0.0,0.0,69999.99999999996,0.0,0.0,0.0,0.0,409999.9999999999,-310000.0,0.0,0.0,0.0,0.0,0.0,-219999.99999999997,0.0,0.0,309999.99999999994,0.0,0.0,309999.99999999994,0.0,-220000.0,-220000.0,0.0,-310000.0,-50000.000000000044,-360000.00000000006,,
2004-09-30,PEIX,,,Q3,-780000.0,19999.999999999996,0.0,0.0,500000.0,0.0,0.0,0.0,0.0,410000.00000000006,150000.00000000003,0.0,0.0,0.0,0.0,0.0,-189999.99999999994,0.0,0.0,130000.0,0.0,0.0,130000.0,0.0,80000.0,26859000.0,26779000.0,150000.00000000003,-169999.99999999994,-19999.99999999991,,
2004-06-30,PEIX,,,Q2,-710000.0,20000.0,0.0,0.0,60000.0,0.0,0.0,0.0,0.0,410000.00000000006,-230000.0,0.0,0.0,0.0,0.0,0.0,-380000.00000000006,0.0,0.0,700000.0,0.0,0.0,700000.0,0.0,90000.00000000001,26869000.0,26779000.0,-230000.0,-140000.0,-370000.0,,
2004-03-31,PEIX,,,Q1,-500000.0,20000.0,0.0,0.0,190000.0,0.0,0.0,0.0,0.0,240000.0,-40000.0,0.0,0.0,0.0,0.0,0.0,-180000.0,0.0,0.0,20000.0,0.0,0.0,20000.0,0.0,-200000.0,26579000.0,26779000.0,-40000.0,-380000.0,-420000.0,,
