date,symbol,fillingDate,acceptedDate,period,netIncome,depreciationAndAmortization,deferredIncomeTax,stockBasedCompensation,changeInWorkingCapital,accountsReceivables,inventory,accountsPayables,otherWorkingCapital,otherNonCashItems,netCashProvidedByOperatingActivities,investmentsInPropertyPlantAndEquipment,acquisitionsNet,purchasesOfInvestments,salesMaturitiesOfInvestments,otherInvestingActivites,netCashUsedForInvestingActivites,debtRepayment,commonStockIssued,commonStockRepurchased,dividendsPaid,otherFinancingActivites,netCashUsedProvidedByFinancingActivities,effectOfForexChangesOnCash,netChangeInCash,cashAtEndOfPeriod,cashAtBeginningOfPeriod,operatingCashFlow,capitalExpenditure,freeCashFlow,link,finalLink
2020-06-30,PFMT,,,Q2,-7199000.0,2312000.0,0.0,649000.0,2346000.0,6683000.0,0.0,-1610000.0,27166000.0,0.0,8533000.0,-870000.0,0.0,0.0,0.0,0.0,-870000.0,0.0,0.0,-6637000.0,0.0,5611000.0,-1026000.0,0.0,6637000.0,15211000.0,8574000.0,8533000.0,870000.0,7663000.0,,
2020-03-31,PFMT,2020-05-28 00:00:00,2020-05-28 16:55:05,Q1,-12484000.0,1540000.0,0.0,691000.0,-2507000.0,-106000.0,0.0,475000.0,24820000.0,20672000.0,7221000.0,-1073000.0,0.0,0.0,0.0,0.0,-1073000.0,-84000.0,0.0,0.0,0.0,7627000.0,-947000.0,0.0,5201000.0,8574000.0,3373000.0,7221000.0,-1073000.0,6148000.0,https://www.sec.gov/Archives/edgar/data/1550695/000155069520000053/0001550695-20-000053-index.htm,https://www.sec.gov/Archives/edgar/data/1550695/000155069520000053/a10q03312020.htm
2019-12-31,PFMT,2020-04-29,2020-04-29 17:23:47,Q4,-3862000.000000002,1837999.9999999993,-18000.000000000004,568000.0,-8602000.0,-6645000.0,0.0,670000.0,17567000.0,8597000.000000002,-2047000.0000000007,-755000.0,0.0,0.0,0.0,0.0,-754999.9999999999,0.0,0.0,0.0,0.0,-4266000.0,-751000.0000000012,0.0,-3553000.0,3335000.0,6888000.0,-2047000.0000000007,-754999.9999999999,-2802000.0000000005,https://www.sec.gov/Archives/edgar/data/1550695/000155069520000025/a10k12312019.htm,https://www.sec.gov/Archives/edgar/data/1550695/000155069520000025/a10k12312019.htm
2019-09-30,PFMT,2019-11-14 00:00:00,2019-11-14 17:16:28,Q3,-8069999.999999999,2141000.0,0.0,525000.0,-1081000.0,-1863000.0,0.0,-96000.0,13355000.0,1288999.9999999998,-5720999.999999999,-1039000.0,0.0,0.0,0.0,0.0,-1039000.0000000001,-21000.0,0.0,0.0,0.0,11911000.0,9336000.0,0.0,2575999.9999999995,6889000.0,4313000.0,-5720999.999999999,-1039000.0000000001,-6759999.999999999,https://www.sec.gov/Archives/edgar/data/1550695/000155069519000060/0001550695-19-000060-index.html,https://www.sec.gov/Archives/edgar/data/1550695/000155069519000060/a10q09302019.htm
2019-06-30,PFMT,2019-08-14,2019-08-14 17:08:04,Q2,-6398999.999999999,2245000.0000000005,0.0,719000.0,-4374000.0,-785000.0,0.0,-31000.0,11023000.0,517000.0000000001,-8011000.000000001,-1576000.0,0.0,0.0,0.0,0.0,-1575999.9999999998,-289000.0,0.0,0.0,0.0,9485000.0,9536000.0,0.0,-50999.999999999935,4313000.0,4364000.0,-8011000.000000001,-1575999.9999999998,-9587000.0,https://www.sec.gov/Archives/edgar/data/1550695/000155069519000055/a10q06302019.htm,https://www.sec.gov/Archives/edgar/data/1550695/000155069519000055/a10q06302019.htm
2019-03-31,PFMT,2019-05-14 00:00:00,2019-05-14 17:13:35,Q1,-8489000.0,2312000.0,31000.0,499000.0,4835000.0,3002000.0,0.0,587000.0,7025000.0,1667000.0,356000.0,-1486000.0,0.0,0.0,0.0,0.0,-1486000.0,-156000.0,0.0,34000.0,0.0,4242000.0,-122000.0,0.0,-1252000.0,4210000.0,5462000.0,356000.0,-1486000.0,-1130000.0,https://www.sec.gov/Archives/edgar/data/1550695/000155069519000034/0001550695-19-000034-index.html,https://www.sec.gov/Archives/edgar/data/1550695/000155069519000034/a10q03312019.htm
2018-12-31,PFMT,2019-04-01,2019-04-01 16:41:18,Q4,-5265000.0,2633000.0,360000.0,347000.0,-3386000.0,-6232000.0,0.0,-751000.0,17666000.0,3375000.000000002,-2282999.9999999995,-1326000.0,0.0,0.0,0.0,616000.0,-710000.0,-16000.0,0.0,1000.0000000000009,0.0,2666000.0,2857999.9999999995,0.0,-166999.99999999805,5487000.000000002,5654000.0,-2282999.9999999995,-1325999.9999999995,-3608999.999999999,https://www.sec.gov/Archives/edgar/data/1550695/000155069519000022/a10k12312018.htm,https://www.sec.gov/Archives/edgar/data/1550695/000155069519000022/a10k12312018.htm
2018-09-30,PFMT,2018-11-14 00:00:00,2018-11-14 16:51:25,Q3,-7605000.0,2490999.9999999995,80000.0,814000.0,2440000.0,2635000.0,0.0,190000.0,14246000.0,517999.9999999971,-2085999.9999999993,-1846000.0,0.0,0.0,0.0,1669000.0,-180000.0000000006,-56000.0,0.0,-4000.0000000000036,0.0,-2379000.0,-50999.999999999935,0.0,-2327000.000000002,5672999.999999998,8000000.0,-2085999.9999999993,-1849000.0000000002,-3934999.9999999995,https://www.sec.gov/Archives/edgar/data/1550695/000155069518000055/0001550695-18-000055-index.html,https://www.sec.gov/Archives/edgar/data/1550695/000155069518000055/a10q09302018.htm
2018-06-30,PFMT,2018-08-10 00:00:00,2018-08-09 20:43:18,Q2,-3600000.0000000005,2530000.0,-230000.00000000003,950000.0,2020000.0,2807000.0,0.0,196000.0,19450000.0,1320000.0000000002,2059999.9999999995,-1973000.0,0.0,0.0,0.0,0.0,-1969999.9999999998,-292000.0,0.0,70000.0,0.0,-1458000.0,-780000.0,0.0,-679999.9999999997,8020000.0,8700000.0,2059999.9999999995,-1969999.9999999998,89999.9999999998,https://www.sec.gov/Archives/edgar/data/1550695/000155069518000030/0001550695-18-000030-index.html,https://www.sec.gov/Archives/edgar/data/1550695/000155069518000030/a10q06302018.htm
2018-03-31,PFMT,2018-05-09 00:00:00,2018-05-09 16:19:01,Q1,8460000.0,2580000.0,280000.0,639000.0,-3270000.0,-5905000.0,0.0,-80000.0,21922000.0,-17880000.0,-9840000.0,-2500000.0,0.0,0.0,0.0,0.0,-2500000.0,-299000.0,0.0,120000.0,0.0,7930000.0,-730000.0,0.0,-13070000.0,8630000.0,21700000.0,-9840000.0,-2500000.0,-12340000.0,https://www.sec.gov/Archives/edgar/data/1550695/000155069518000016/0001550695-18-000016-index.html,https://www.sec.gov/Archives/edgar/data/1550695/000155069518000016/a10q03312018.htm
2017-12-31,PFMT,2018-03-14,2018-03-14 16:26:03,Q4,519999.9999999996,2510000.0,3060000.0,713000.0,-4949999.999999999,-4000.0,0.0,466000.0,12450000.0,1059999.9999999995,2200000.0,-1851000.0,0.0,0.0,0.0,0.0,-1849999.9999999995,-3000.0,0.0,70000.0,0.0,-8964000.0,-19999.999999999574,0.0,339999.9999999999,23540000.0,23200000.0,2200000.0,-1849999.9999999995,350000.0000000004,https://www.sec.gov/Archives/edgar/data/1550695/000155069518000006/a10k12312017.htm,https://www.sec.gov/Archives/edgar/data/1550695/000155069518000006/a10k12312017.htm
2017-09-30,PFMT,2017-11-13 00:00:00,2017-11-13 16:23:09,Q3,-7850000.0,2710000.000000001,0.0,737000.0,740000.0,-1223000.0,0.0,337000.0,7467000.0,2250000.0,-2150000.0,-1155000.0,0.0,0.0,0.0,0.0,-1160000.0,-43000.0,0.0,60000.0,0.0,7145000.0,-769999.9999999997,10000.0,-4089999.999999998,17210000.000000004,21300000.0,-2150000.0,-1160000.0,-3310000.0,https://www.sec.gov/Archives/edgar/data/1550695/000155069517000042/0001550695-17-000042-index.html,https://www.sec.gov/Archives/edgar/data/1550695/000155069517000042/a10q09302017.htm
2017-06-30,PFMT,2017-08-09 00:00:00,2017-08-09 09:19:44,Q2,-2440000.0000000005,2900000.0,280000.0,1187000.0,-1030000.0,1550000.0,0.0,-259000.0,12892000.0,2820000.0000000005,2520000.0,-1430000.0,0.0,0.0,0.0,0.0,-1430000.0000000002,-85000.0,0.0,30000.0,0.0,-12490000.0,-8290000.000000001,-10000.0,-7200000.000000001,19800000.0,27000000.0,2520000.0,-1430000.0000000002,1089999.9999999998,https://www.sec.gov/Archives/edgar/data/1550695/000155069517000030/0001550695-17-000030-index.html,https://www.sec.gov/Archives/edgar/data/1550695/000155069517000030/a10q06302017.htm
2017-03-31,PFMT,2017-05-10 00:00:00,2017-05-09 20:57:55,Q1,-2960000.0,2770000.0,390000.0,1103000.0,-1280000.0,-1333000.0,0.0,346000.0,6481000.0,1470000.0,400000.0,-2823000.0,0.0,0.0,0.0,0.0,-2820000.0,-254000.0,0.0,0.0,0.0,23363000.0,-3600000.0,0.0,-6020000.0,26980000.0,33000000.0,400000.0,-2820000.0,-2420000.0,https://www.sec.gov/Archives/edgar/data/1550695/000155069517000019/0001550695-17-000019-index.html,https://www.sec.gov/Archives/edgar/data/1550695/000155069517000019/a10q03312017.htm
2016-12-31,PFMT,2017-03-13,2017-03-13 16:48:20,Q4,-12290000.0,3280000.000000001,-4450000.0,1167000.0,-6240000.0,-1175000.0,0.0,-453000.0,20543000.0,17000000.0,-2709999.999999997,-2337000.0,0.0,0.0,0.0,0.0,-2340000.0,-5000.0,0.0,10000.00000000001,0.0,-25593000.0,-2770000.000000003,0.0,-7820000.0,40480000.0,48300000.0,-2709999.999999997,-2340000.0,-5049999.999999997,https://www.sec.gov/Archives/edgar/data/1550695/000155069517000005/a2016123110k.htm,https://www.sec.gov/Archives/edgar/data/1550695/000155069517000005/a2016123110k.htm
2016-09-30,PFMT,2016-11-08 00:00:00,2016-11-08 16:43:56,Q3,-720000.0000000001,3290000.0,-1210000.0,1206000.0,-3059999.9999999995,1297000.0,0.0,-43000.0,29413000.0,1530000.0000000002,-160000.00000000015,-1884000.0,0.0,0.0,0.0,0.0,-1880000.0000000002,-56000.0,0.0,0.0,0.0,-7725000.0,-2839999.9999999963,-9999.999999999998,-4890000.000000001,48310000.0,53200000.0,-160000.00000000015,-1880000.0000000002,-2040000.0000000005,https://www.sec.gov/Archives/edgar/data/1550695/000162828016021025/0001628280-16-021025-index.html,https://www.sec.gov/Archives/edgar/data/1550695/000162828016021025/a10q09302016.htm
2016-06-30,PFMT,2016-08-05,2016-08-05 16:50:16,Q2,1480000.0,3419999.9999999995,-680000.0,1136000.0,3740000.0,1665000.0,0.0,597000.0,28454000.0,1410000.0,9360000.0,-1842000.0,0.0,0.0,0.0,0.0,-1850000.0,-36000.0,0.0,20000.00000000002,0.0,2714000.0,-2410000.0000000037,19999.999999999996,5130000.000000003,53230000.0,48100000.0,9360000.0,-1850000.0,7510000.0,https://www.sec.gov/Archives/edgar/data/1550695/000155069516000067/a10q06302016.htm,https://www.sec.gov/Archives/edgar/data/1550695/000155069516000067/a10q06302016.htm
2016-03-31,PFMT,2016-05-06 00:00:00,2016-05-06 13:18:53,Q1,80000.0,3390000.0,-570000.0,1204000.0,6430000.0,4694000.0,0.0,-402000.0,24944000.0,1960000.0,11290000.0,-1803000.0,0.0,0.0,0.0,0.0,-1800000.0,-169000.0,0.0,310000.0,0.0,15447000.0,-32620000.0,10000.0,-23120000.0,48080000.0,71200000.0,11290000.0,-1800000.0,9490000.0,https://www.sec.gov/Archives/edgar/data/1550695/000155069516000058/0001550695-16-000058-index.html,https://www.sec.gov/Archives/edgar/data/1550695/000155069516000058/a10q03312016.htm
2015-12-31,PFMT,2016-03-15,2016-03-15 13:30:48,Q4,2190000.0000000005,3040000.000000001,-1620000.0,1611000.0,-8590000.0,-4172000.0,0.0,-1579000.0,55534000.0,2140000.0000000005,-2840000.0,-2260000.0,0.0,0.0,0.0,-4000.0,-2269999.9999999995,0.0,0.0,10000.000000000002,0.0,-9115000.0,-2019999.9999999995,30000.0,-7100000.0,71200000.0,78300000.0,-2840000.0,-2260000.000000001,-5100000.000000001,https://www.sec.gov/Archives/edgar/data/1550695/000155069516000050/a2015123110k.htm,https://www.sec.gov/Archives/edgar/data/1550695/000155069516000050/a2015123110k.htm
2015-09-30,PFMT,2015-11-09 00:00:00,2015-11-06 21:14:40,Q3,-310000.00000000006,3240000.0,-630000.0000000001,1231000.0,3700000.000000001,1215000.0,0.0,344000.0,54987000.0,919999.9999999999,6920000.000000002,-1939000.0,0.0,0.0,0.0,1272000.0,-660000.0000000001,3232000.0,0.0,0.0,0.0,-1812000.0,-4030000.000000001,0.0,2220000.0,78320000.0,76100000.0,6920000.000000002,-1939999.9999999995,4980000.000000003,https://www.sec.gov/Archives/edgar/data/1550695/000155069515000043/0001550695-15-000043-index.html,https://www.sec.gov/Archives/edgar/data/1550695/000155069515000043/a10q09302015.htm
2015-06-30,PFMT,2015-08-07 00:00:00,2015-08-07 16:34:30,Q2,720000.0000000002,3309999.9999999995,-619999.9999999999,1164000.0,5670000.0,-399000.0,0.0,999000.0,55796000.0,1479999.9999999998,10570000.0,-1919000.0,0.0,0.0,0.0,0.0,-1920000.0000000002,-3423000.0,0.0,9999.999999999998,0.0,-11168000.0,-9910000.0,0.0,-1260000.0000000002,76040000.0,77300000.0,10570000.0,-1920000.0000000002,8650000.0,https://www.sec.gov/Archives/edgar/data/1550695/000155069515000033/0001550695-15-000033-index.html,https://www.sec.gov/Archives/edgar/data/1550695/000155069515000033/a10q06302015.htm
2015-03-31,PFMT,2015-05-08 00:00:00,2015-05-08 17:14:13,Q1,-4400000.0,3540000.0,-70000.0,1003000.0,1100000.0,438000.0,0.0,-205000.0,54902000.0,1360000.0,1520000.0,-1777000.0,0.0,0.0,0.0,0.0,-1780000.0,101000.0,0.0,20000.0,0.0,74586000.0,-2730000.0,0.0,-2980000.0,77320000.0,80300000.0,1520000.0,-1780000.0,-260000.0,https://www.sec.gov/Archives/edgar/data/1550695/000155069515000022/0001550695-15-000022-index.html,https://www.sec.gov/Archives/edgar/data/1550695/000155069515000022/a10q03312015.htm
2014-12-31,PFMT,2015-03-13,2015-03-13 09:35:16,Q4,-2379999.999999999,3389999.999999999,280000.0,1086000.0,-710000.0,1607000.0,0.0,-1072000.0,65132000.0,1380000.0,1960000.000000001,-3422000.0,0.0,0.0,0.0,0.0,-3430000.0000000005,-146000.0,0.0,0.0,0.0,-88181000.0,-3209999.999999997,0.0,-4670000.0,80330000.0,85000000.0,1960000.000000001,-3430000.0000000005,-1469999.9999999998,https://www.sec.gov/Archives/edgar/data/1550695/000155069515000008/a2014123110k.htm,https://www.sec.gov/Archives/edgar/data/1550695/000155069515000008/a2014123110k.htm
2014-09-30,PFMT,2014-11-10 00:00:00,2014-11-10 14:36:58,Q3,-480000.0000000004,3070000.0000000005,100000.00000000009,839000.0,1000000.0,-20000.0,0.0,999000.0,70498000.0,1140000.0,4830000.000000002,-1652000.0,0.0,0.0,0.0,0.0,-1649999.9999999995,145000.0,0.0,470000.0,0.0,3844000.0,339999.9999999999,0.0,3510000.0,85010000.0,81500000.0,4830000.000000002,-1649999.9999999995,3180000.0000000023,https://www.sec.gov/Archives/edgar/data/1550695/000155069514000031/0001550695-14-000031-index.html,https://www.sec.gov/Archives/edgar/data/1550695/000155069514000031/a10q09302014.htm
2014-06-30,PFMT,2014-08-08 00:00:00,2014-08-08 15:17:24,Q2,5910000.0,3060000.0,-770000.0,891000.0,-2590000.0,353000.0,0.0,-57000.0,67244000.0,1190000.0,6799999.999999999,-2320000.0,0.0,0.0,0.0,0.0,-2320000.0000000005,9956000.0,0.0,90000.00000000001,0.0,-23048000.0,-13770000.000000002,0.0,-9280000.0,81420000.0,90700000.0,6799999.999999999,-2320000.0000000005,4479999.999999999,https://www.sec.gov/Archives/edgar/data/1550695/000155069514000023/0001550695-14-000023-index.html,https://www.sec.gov/Archives/edgar/data/1550695/000155069514000023/pfmt-2014630x10q.htm
2014-03-31,PFMT,2014-05-09 00:00:00,2014-05-09 14:46:16,Q1,6350000.0,2930000.0,-1310000.0,891000.0,5100000.0,2662000.0,0.0,-883000.0,61175000.0,1210000.0,14280000.0,-2752000.0,0.0,0.0,0.0,0.0,-2750000.0,230000.0,0.0,50000.0,0.0,88054000.0,-2690000.0,0.0,8830000.0,90730000.0,81900000.0,14280000.0,-2750000.0,11530000.0,https://www.sec.gov/Archives/edgar/data/1550695/000155069514000014/0001550695-14-000014-index.html,https://www.sec.gov/Archives/edgar/data/1550695/000155069514000014/pfmt-2014331x10q.htm
2013-12-31,PFMT,2014-03-14,2014-03-14 13:46:52,Q4,7870000.000000005,2820000.0000000005,-570000.0000000001,798000.0,7340000.0,10944000.0,0.0,584000.0,68191000.0,1100000.0,18570000.0,-3806000.0,0.0,0.0,0.0,0.0,-3800000.000000001,10844000.0,0.0,120000.0000000001,0.0,-71961000.0,-2409999.9999999995,0.0,12360000.0,81960000.0,69600000.0,18570000.0,-3800000.000000001,14770000.0,https://www.sec.gov/Archives/edgar/data/1550695/000155069514000005/a2013123110k.htm,https://www.sec.gov/Archives/edgar/data/1550695/000155069514000005/a2013123110k.htm
2013-09-30,PFMT,2013-11-08 00:00:00,2013-11-08 16:54:11,Q3,15450000.0,2700000.0,-239999.99999999988,774000.0,4399999.999999999,-6928000.0,0.0,-246000.0,61821000.0,1080000.0,23380000.0,-2615000.0,0.0,0.0,0.0,0.0,-2619999.999999999,1327000.0,0.0,209999.99999999997,0.0,15745000.0,-2510000.0,0.0,18250000.0,69550000.0,51300000.0,23380000.0,-2619999.999999999,20760000.0,https://www.sec.gov/Archives/edgar/data/1550695/000155069513000008/0001550695-13-000008-index.html,https://www.sec.gov/Archives/edgar/data/1550695/000155069513000008/pfmt-2013930x10q.htm
2013-06-30,PFMT,2013-08-09 00:00:00,2013-08-08 21:26:09,Q2,11200000.0,2630000.0,-900000.0,710000.0,3330000.0,-4241000.0,0.0,609000.0,46356000.0,1030000.0,17300000.0,-3723000.0,0.0,0.0,0.0,0.0,-3720000.0,3675000.0,0.0,700000.0,0.0,10331000.0,-1620000.0,0.0,11960000.0,51260000.0,39300000.0,17300000.0,-3720000.0,13580000.0,https://www.sec.gov/Archives/edgar/data/1550695/000119312513327590/0001193125-13-327590-index.html,https://www.sec.gov/Archives/edgar/data/1550695/000119312513327590/d540171d10q.htm
2013-03-31,PFMT,2013-05-10 00:00:00,2013-05-10 16:00:29,Q1,1820000.0,2510000.0,0.0,712000.0,-3390000.0,3620000.0,0.0,33000.0,36553000.0,1030000.0,1960000.0,-2359000.0,0.0,0.0,0.0,0.0,-2360000.0,1550000.0,0.0,740000.0,0.0,41248000.0,1900000.0,0.0,1500000.0,39300000.0,37800000.0,1960000.0,-2360000.0,-400000.0,https://www.sec.gov/Archives/edgar/data/1550695/000119312513214089/0001193125-13-214089-index.html,https://www.sec.gov/Archives/edgar/data/1550695/000119312513214089/d516179d10q.htm
2012-12-31,PFMT,2013-03-21,2013-03-21 17:08:29,Q4,5969999.999999999,2510000.0,-2000000.0,731000.0,5080000.0,1088000.0,0.0,-175000.0,31708000.0,1060000.0,12610000.0,-4001000.0,0.0,-1225000.0,0.0,1225000.0,-4000000.0,5622000.0,0.0,-179999.9999999997,0.0,-33569000.0,-2970000.0,0.0,5640000.000000001,37840000.0,32200000.0,12610000.0,-4000000.0,8610000.0,https://www.sec.gov/Archives/edgar/data/1550695/000119312513119713/d459986d10k.htm,https://www.sec.gov/Archives/edgar/data/1550695/000119312513119713/d459986d10k.htm
2012-09-30,PFMT,2012-11-14 00:00:00,2012-11-13 21:41:15,Q3,6380000.000000001,2440000.0000000005,2130000.0,883000.0,-6560000.0,-4734000.0,0.0,1518000.0,32530000.0,1160000.0,5570000.0,-7355000.0,0.0,0.0,0.0,-837000.0,-3699999.999999999,0.0,2323000.0,11729999.999999996,0.0,27259000.0,9610000.0,0.0,11459999.999999998,32160000.0,20700000.0,5570000.0,-3699999.999999999,1870000.0000000007,https://www.sec.gov/Archives/edgar/data/1550695/000119312512468366/0001193125-12-468366-index.html,https://www.sec.gov/Archives/edgar/data/1550695/000119312512468366/d404623d10q.htm
2012-06-30,PFMT,,,Q2,8080000.0,2349999.9999999995,-1960000.0,0.0,7170000.0,-1800000.0,0.0,-1100000.0,0.0,360000.0,15989999.999999998,0.0,0.0,0.0,0.0,0.0,-2530000.0,0.0,0.0,-16309999.999999994,0.0,0.0,-5039999.999999999,0.0,8430000.0,20730000.0,12300000.0,15989999.999999998,-2530000.0,13459999.999999998,,
2012-03-31,PFMT,,,Q1,2520000.0,2210000.0,0.0,0.0,-2530000.0,-3700000.0,0.0,-600000.0,0.0,640000.0,2840000.0,0.0,0.0,0.0,0.0,0.0,-1960000.0,0.0,0.0,-43950000.0,0.0,0.0,-8570000.0,0.0,-7690000.0,12310000.0,20000000.0,2840000.0,-1960000.0,880000.0,,
2011-12-31,PFMT,,,Q4,-2380000.000000001,2059999.9999999995,-9640000.0,0.0,-779999.9999999998,0.0,0.0,0.0,0.0,13720000.0,2979999.999999997,0.0,0.0,0.0,0.0,0.0,-1870000.0,0.0,0.0,0.0,0.0,0.0,-2879999.999999999,0.0,-1759999.9999999998,-1759999.9999999998,0.0,2979999.999999997,-1870000.0,1109999.999999997,,
2011-09-30,PFMT,,,Q3,5170000.0,1950000.0000000002,0.0,0.0,-2170000.0,0.0,0.0,0.0,0.0,309999.99999999994,5260000.000000002,0.0,0.0,0.0,0.0,0.0,-1800000.0000000002,0.0,0.0,0.0,0.0,0.0,-2870000.000000001,0.0,580000.0000000001,3953000.0,3373000.0,5260000.000000002,-1800000.0000000002,3460000.000000002,,
2011-06-30,PFMT,,,Q2,6660000.0,1880000.0,-40000.0,0.0,2760000.0,0.0,0.0,0.0,0.0,300000.0,11560000.0,0.0,0.0,0.0,0.0,0.0,-1390000.0,0.0,0.0,0.0,0.0,0.0,-4699999.999999999,0.0,5470000.0,8843000.0,3373000.0,11560000.0,-1390000.0,10170000.0,,
2011-03-31,PFMT,,,Q1,2920000.0,1880000.0,40000.0,0.0,4010000.0,0.0,0.0,0.0,0.0,340000.0,9190000.0,0.0,0.0,0.0,0.0,0.0,-1050000.0,0.0,0.0,0.0,0.0,0.0,-3500000.0,0.0,4640000.0,8013000.0,3373000.0,9190000.0,-1050000.0,8140000.0,,
