date,symbol,fillingDate,acceptedDate,period,netIncome,depreciationAndAmortization,deferredIncomeTax,stockBasedCompensation,changeInWorkingCapital,accountsReceivables,inventory,accountsPayables,otherWorkingCapital,otherNonCashItems,netCashProvidedByOperatingActivities,investmentsInPropertyPlantAndEquipment,acquisitionsNet,purchasesOfInvestments,salesMaturitiesOfInvestments,otherInvestingActivites,netCashUsedForInvestingActivites,debtRepayment,commonStockIssued,commonStockRepurchased,dividendsPaid,otherFinancingActivites,netCashUsedProvidedByFinancingActivities,effectOfForexChangesOnCash,netChangeInCash,cashAtEndOfPeriod,cashAtBeginningOfPeriod,operatingCashFlow,capitalExpenditure,freeCashFlow,link,finalLink
2020-06-30,RMED,2020-08-11 00:00:00,2020-08-11 17:22:27,Q2,-10120999.999999998,547999.9999999999,0.0,1033000.0,2642000.0,200000.0,131000.0,283000.0,25475000.0,1131000.0,-5800000.0,-21000.0,0.0,0.0,0.0,5000000.0,4979000.000000001,0.0,0.0,9846000.0,0.0,22707000.0,11764000.000000002,0.0,10943000.0,29380000.0,18437000.0,-5800000.0,-21000.0,-5821000.0,https://www.sec.gov/Archives/edgar/data/1716621/000156459020039361/0001564590-20-039361-index.htm,https://www.sec.gov/Archives/edgar/data/1716621/000156459020039361/rmed-10q_20200630.htm
2020-03-31,RMED,2020-05-14 00:00:00,2020-05-13 20:00:22,Q1,-7701000.0,493000.0,0.0,1047000.0,-982000.0,87000.0,-98000.0,-176000.0,22667000.0,1147000.0,-7043000.0,-28000.0,0.0,0.0,11000000.0,0.0,10972000.0,0.0,0.0,0.0,0.0,0.0,-76000.0,0.0,3853000.0,18437000.0,14584000.0,-7043000.0,-28000.0,-7071000.0,https://www.sec.gov/Archives/edgar/data/1716621/000156459020025200/0001564590-20-025200-index.html,https://www.sec.gov/Archives/edgar/data/1716621/000156459020025200/rmed-10q_20200331.htm
2019-12-31,RMED,2020-03-11,2020-03-11 17:05:49,Q4,-9743000.000000002,373999.9999999999,0.0,1389000.0,-1817000.0,493000.0,-411000.0,528000.0,29186000.0,1614000.0000000007,-9572000.000000004,-48000.0,0.0,0.0,10000000.0,10000000.0,9952000.000000002,0.0,0.0,0.0,0.0,-236000.0,-308000.00000000006,0.0,71999.99999999562,14583999.999999996,14512000.0,-9572000.000000004,-48000.000000000015,-9620000.000000004,https://www.sec.gov/Archives/edgar/data/1716621/000156459020010123/rmed-10k_20191231.htm,https://www.sec.gov/Archives/edgar/data/1716621/000156459020010123/rmed-10k_20191231.htm
2019-09-30,RMED,2019-11-29 00:00:00,2019-11-27 21:59:53,Q3,-17418000.0,377000.0,0.0,7277000.0,1827000.0,158000.0,-232000.0,-511000.0,37470000.0,7359999.999999999,-7853999.999999999,-24000.0,0.0,0.0,10697000.0,10697000.0,10672999.999999994,0.0,0.0,0.0,0.0,2631000.0,-94000.0,0.0,2725000.0000000014,14512000.000000002,11787000.0,-7853999.999999999,-23999.999999999993,-7877999.999999999,https://www.sec.gov/Archives/edgar/data/1716621/000156459019044816/0001564590-19-044816-index.html,https://www.sec.gov/Archives/edgar/data/1716621/000156459019044816/rmed-10q_20190930.htm
2019-06-30,RMED,2019-11-29,2019-11-27 21:56:26,Q2,-15122000.0,366000.00000000006,0.0,7132000.0,498000.0,-404000.0,-699000.0,104000.0,47193000.0,7455000.0,-6802999.999999999,-31000.0,0.0,-36461000.0,0.0,0.0,-36492000.0,0.0,37000.0,37000.0,0.0,-43426000.0,-47000.0,0.0,-43342000.0,11787000.0,55129000.0,-6802999.999999999,-31000.0,-6833999.999999999,https://www.sec.gov/Archives/edgar/data/1716621/000156459019044815/rmed-10q_20190630.htm,https://www.sec.gov/Archives/edgar/data/1716621/000156459019044815/rmed-10q_20190630.htm
2019-03-31,RMED,2019-05-14 00:00:00,2019-05-13 20:18:22,Q1,-14674000.0,303000.0,0.0,7745000.0,-2423000.0,4000.0,-843000.0,286000.0,55368000.0,7850000.0,-8944000.0,-165000.0,0.0,0.0,0.0,0.0,-165000.0,0.0,0.0,0.0,0.0,55052000.0,-77000.0,0.0,-9186000.0,55129000.0,64315000.0,-8944000.0,-165000.0,-9109000.0,https://www.sec.gov/Archives/edgar/data/1716621/000156459019018937/0001564590-19-018937-index.html,https://www.sec.gov/Archives/edgar/data/1716621/000156459019018937/rmed-10q_20190331.htm
2018-12-31,RMED,2019-03-15,2019-03-14 20:47:50,Q4,-14937000.000000002,236000.0,0.0,8014000.0,-1967000.0,-229000.0,-2175000.0,4000.0,63283000.0,8269000.0,-8399000.0,-158000.0,0.0,0.0,0.0,0.0,-157999.99999999997,0.0,70905000.0,70905000.0,0.0,56452000.0,67957000.00000001,0.0,59400000.00000001,64315000.00000001,4915000.0,-8399000.0,-157999.99999999997,-8557000.0,https://www.sec.gov/Archives/edgar/data/1716621/000156459019007905/rmed-10k_20181231.htm,https://www.sec.gov/Archives/edgar/data/1716621/000156459019007905/rmed-10k_20181231.htm
2018-09-30,RMED,2018-11-14 00:00:00,2018-11-13 18:47:44,Q3,-4805000.0,158000.0,0.0,-20595000.0,-916000.0,-554000.0,26595000.0,89622000.0,946000.0,1424000.0000000005,-4139000.0,47347000.0,3423000.0,21841000.0,0.0,3807000.0,-174000.0,700012000.0,-16396000.0,999.9999999994458,0.0,-888477000.0,-538999.9999999997,0.0,-4852000.0,4918000.0,9770000.0,-4139000.0,-174000.0,-4313000.0,https://www.sec.gov/Archives/edgar/data/1716621/000156459018029383/0001564590-18-029383-index.html,https://www.sec.gov/Archives/edgar/data/1716621/000156459018029383/rmed-10q_20180930.htm
2018-06-30,RMED,,,Q2,-8400000.0,130000.0,0.0,0.0,39999.99999999998,0.0,0.0,0.0,0.0,4680000.0,-3539999.9999999995,0.0,0.0,0.0,0.0,0.0,-130000.0,0.0,0.0,6500000.0,0.0,0.0,6360000.0,0.0,2679999.9999999995,2679999.9999999995,0.0,-3539999.9999999995,-130000.0,-3669999.9999999995,,
2018-03-31,RMED,,,Q1,-2690000.0,100000.0,0.0,0.0,-440000.0,0.0,0.0,0.0,0.0,610000.0,-2430000.0,0.0,0.0,0.0,0.0,0.0,-120000.0,0.0,0.0,1400000.0,0.0,0.0,1390000.0,0.0,-1150000.0,13434000.0,14584000.0,-2430000.0,-120000.0,-2550000.0,,
2017-12-31,RMED,,,Q4,-3099999.9999999995,70000.0,0.0,0.0,180000.00000000006,0.0,0.0,0.0,0.0,1330000.0,-1500000.0,0.0,0.0,0.0,0.0,0.0,-270000.0,0.0,0.0,9050000.0,0.0,0.0,9050000.0,0.0,7270000.000000001,21854000.0,14584000.0,-1500000.0,-270000.0,-1770000.0,,
2017-09-30,RMED,,,Q3,-1720000.0000000007,60000.0,0.0,0.0,-229999.99999999997,0.0,0.0,0.0,0.0,649999.9999999986,-1249999.9999999995,0.0,0.0,0.0,0.0,0.0,-40000.00000000004,0.0,0.0,1329999.9999999998,0.0,0.0,1310000.0,0.0,29999.999999999804,14614000.0,14584000.0,-1249999.9999999995,-40000.00000000004,-1289999.9999999995,,
2017-06-30,RMED,,,Q2,-12950000.0,90000.0,0.0,0.0,-790000.0,0.0,0.0,0.0,0.0,10880000.0,-2770000.0,0.0,0.0,0.0,0.0,0.0,-240000.0,0.0,0.0,50000.0,0.0,0.0,30000.0,0.0,-2980000.0,11604000.0,14584000.0,-2770000.0,-240000.0,-3010000.0,,
