date,symbol,fillingDate,acceptedDate,period,netIncome,depreciationAndAmortization,deferredIncomeTax,stockBasedCompensation,changeInWorkingCapital,accountsReceivables,inventory,accountsPayables,otherWorkingCapital,otherNonCashItems,netCashProvidedByOperatingActivities,investmentsInPropertyPlantAndEquipment,acquisitionsNet,purchasesOfInvestments,salesMaturitiesOfInvestments,otherInvestingActivites,netCashUsedForInvestingActivites,debtRepayment,commonStockIssued,commonStockRepurchased,dividendsPaid,otherFinancingActivites,netCashUsedProvidedByFinancingActivities,effectOfForexChangesOnCash,netChangeInCash,cashAtEndOfPeriod,cashAtBeginningOfPeriod,operatingCashFlow,capitalExpenditure,freeCashFlow,link,finalLink
2020-04-30,SHLO,2020-07-24,2020-07-23 17:44:53,Q2,-58707000.0,12047000.0,3857000.0,543000.0,25469000.0,82128000.0,-5734000.0,0.0,-215605000.0,24089000.0,6755000.0,0.0,0.0,0.0,0.0,91575000.0,-7247999.999999999,-2074000.0,0.0,0.0,0.0,0.0,80487000.00000001,-679000.0,79315000.0,91575000.0,12260000.0,6755000.0,-7325000.000000001,-570000.000000001,https://www.sec.gov/Archives/edgar/data/904979/000162828020010589/shlo10qq2fy20.htm,https://www.sec.gov/Archives/edgar/data/904979/000162828020010589/shlo10qq2fy20.htm
2020-01-31,SHLO,2020-03-04 00:00:00,2020-03-04 12:59:23,Q1,-3680000.0,11864000.0,-2961000.0,578000.0,-16003000.0,5245000.0,-584000.0,-21157000.0,73400000.0,3492000.0,-7288000.0,0.0,0.0,0.0,0.0,-11522000.0,-11522000.0,-98000.0,0.0,0.0,0.0,16410000.0,16312000.0,438000.0,-2060000.0,12260000.0,14320000.0,-7288000.0,-11522000.0,-18810000.0,https://www.sec.gov/Archives/edgar/data/904979/000162828020002875/0001628280-20-002875-index.html,https://www.sec.gov/Archives/edgar/data/904979/000162828020002875/shlo10qq1fy20.htm
2019-10-31,SHLO,2019-12-20,2019-12-20 11:13:46,Q4,-13652000.0,11743000.000000002,-3245000.0,459000.0,1200000.0000000002,3901000.0,3183000.0,-10679000.0,67861000.0,10846000.0,6891999.999999999,0.0,0.0,0.0,0.0,-6542000.0,-6541999.999999998,-6000.0,0.0,0.0,0.0,1913000.0,1907000.0,126999.99999999997,2384000.0,14320000.0,11936000.0,6891999.999999999,-6582000.000000001,309999.9999999985,https://www.sec.gov/Archives/edgar/data/904979/000090497919000023/shlo1031201910-kfy19.htm,https://www.sec.gov/Archives/edgar/data/904979/000090497919000023/shlo1031201910-kfy19.htm
2019-07-31,SHLO,2019-09-05,2019-09-05 11:26:28,Q3,-2709000.0,11651999.999999996,2971000.0,586000.0,-2275000.0,4757000.0,-3296000.0,2704000.0,73069000.0,1959000.0,11597999.999999998,0.0,0.0,0.0,0.0,-15381000.0,-15380999.999999998,-1948000.0,0.0,0.0,0.0,-16885000.0,-1173000.0,-768000.0,-5724000.0,11936000.0,17660000.0,11597999.999999998,-15395000.000000004,-3797000.000000004,https://www.sec.gov/Archives/edgar/data/904979/000090497919000021/shlo10qq3fy19.htm,https://www.sec.gov/Archives/edgar/data/904979/000090497919000021/shlo10qq3fy19.htm
2019-04-30,SHLO,2019-06-10 00:00:00,2019-06-10 10:44:02,Q2,1112000.0000000005,11498000.000000002,1179000.0000000002,445000.0,-7131000.0,-14827000.0,6492000.0,469000.0,79461000.0,-262999.9999999999,6395000.000000001,0.0,0.0,0.0,0.0,-10251000.0,-10251000.000000002,-638000.0,0.0,0.0,0.0,15024000.0,9030999.999999998,818000.0,5993000.0,17660000.0,11667000.0,6395000.000000001,-17586999.999999996,-11191999.999999996,https://www.sec.gov/Archives/edgar/data/904979/000090497919000015/0000904979-19-000015-index.html,https://www.sec.gov/Archives/edgar/data/904979/000090497919000015/shlo10qq2fy19.htm
2019-01-31,SHLO,2019-03-12 00:00:00,2019-03-12 13:10:24,Q1,-4698000.0,11860000.0,-3918000.0,545000.0,4127000.0,40283000.0,704000.0,-34138000.0,67236000.0,-1010000.0,6361000.0,0.0,0.0,0.0,0.0,-4803000.0,-4803000.0,-3781000.0,0.0,0.0,0.0,4766000.0,-6901000.0,167000.0,-5176000.0,11667000.0,16843000.0,6361000.0,-15661000.0,-9300000.0,https://www.sec.gov/Archives/edgar/data/904979/000090497919000006/0000904979-19-000006-index.html,https://www.sec.gov/Archives/edgar/data/904979/000090497919000006/shlo10qq1fy19.htm
2018-10-31,SHLO,2018-12-20,2018-12-20 13:20:22,Q4,-8461000.000000002,11948000.0,-7520000.0,427000.0,7334000.0,-20025000.0,3068000.0,5527000.0,89345000.0,-964999.9999999999,2345999.9999999963,0.0,-33000.0,0.0,0.0,-10571000.0,-10607000.0,2544000.0,0.0,-40000.0,0.0,7491000.0,7920000.000000002,-102000.00000000004,-432999.9999999998,16867000.0,17300000.0,2345999.9999999963,-11464999.999999996,-9119000.0,https://www.sec.gov/Archives/edgar/data/904979/000090497918000054/shlo1031201810-k.htm,https://www.sec.gov/Archives/edgar/data/904979/000090497918000054/shlo1031201810-k.htm
2018-07-31,SHLO,2018-09-07 00:00:00,2018-09-07 11:47:51,Q3,11060000.0,12370000.000000002,700000.0000000002,515000.0,2809999.9999999995,16305000.0,-3943000.0,-284000.0,101823000.0,3900000.0000000005,30820000.000000004,0.0,0.0,0.0,0.0,-12270000.0,-12269999.999999996,-2000.0,0.0,10000.000000000002,0.0,-18780000.0,-18439999.999999996,-440000.0,-340000.00000000163,17260000.0,17600000.0,30820000.000000004,-14900000.000000002,15920000.000000002,https://www.sec.gov/Archives/edgar/data/904979/000090497918000044/0000904979-18-000044-index.html,https://www.sec.gov/Archives/edgar/data/904979/000090497918000044/shlo10q73118.htm
2018-04-30,SHLO,2018-06-06 00:00:00,2018-06-06 12:34:55,Q2,4020000.0000000005,11290000.000000002,599999.9999999997,526000.0,-8410000.0,-30019000.0,1958000.0,16540000.0,98996000.0,909999.9999999999,8419999.999999998,0.0,-62481000.0,0.0,0.0,-13817000.0,-76290000.0,-46000.0,0.0,30000.0,0.0,79564000.0,72970000.0,1460000.0,6550000.000000001,17650000.0,11100000.0,8419999.999999998,-13879999.999999998,-5460000.000000001,https://www.sec.gov/Archives/edgar/data/904979/000090497918000035/0000904979-18-000035-index.html,https://www.sec.gov/Archives/edgar/data/904979/000090497918000035/shlo10q43018.htm
2018-01-31,SHLO,2018-03-08 00:00:00,2018-03-08 17:18:47,Q1,4860000.0,10120000.0,-3550000.0,516000.0,-600000.0,32313000.0,-671000.0,-23245000.0,82644000.0,810000.0,11640000.0,0.0,0.0,0.0,0.0,-9885000.0,-9890000.0,-57000.0,0.0,0.0,0.0,12373000.0,1250000.0,-680000.0,2330000.0,11030000.0,8700000.0,11640000.0,-9890000.0,1750000.0,https://www.sec.gov/Archives/edgar/data/904979/000090497918000023/0000904979-18-000023-index.html,https://www.sec.gov/Archives/edgar/data/904979/000090497918000023/shlo10q13118.htm
2017-10-31,SHLO,2018-01-05,2018-01-05 15:21:21,Q4,-929999.9999999999,10700000.0,-3030000.0,326000.0,-6629999.999999999,-33179000.0,-190000.0,23525000.0,78636000.0,6680000.0,6799999.999999997,0.0,0.0,0.0,0.0,-15741000.0,-15739999.999999998,-1558000.0,-9000.0,0.0,0.0,-1654000.0,2320000.0000000005,1100000.0,-5540000.0,8760000.0,14300000.0,6799999.999999997,-15839999.999999996,-9039999.999999998,https://www.sec.gov/Archives/edgar/data/904979/000090497918000006/shlo1031201710-k.htm,https://www.sec.gov/Archives/edgar/data/904979/000090497918000006/shlo1031201710-k.htm
2017-07-31,SHLO,2017-08-29 00:00:00,2017-08-29 14:37:00,Q3,-1980000.0,10849999.999999998,8030000.0,555000.0,16919999.999999996,28491000.0,-1558000.0,-6685000.0,74934000.0,1790000.0,35610000.0,0.0,0.0,0.0,0.0,-6538000.0,-6539999.999999999,-3271000.0,40236000.0,40230000.00000001,0.0,-62670000.0,-25580000.000000004,-350000.0,3150000.0,14250000.0,11100000.0,35610000.0,-14580000.000000002,21029999.999999996,https://www.sec.gov/Archives/edgar/data/904979/000090497917000029/0000904979-17-000029-index.html,https://www.sec.gov/Archives/edgar/data/904979/000090497917000029/shlo10q73117.htm
2017-04-30,SHLO,2017-06-01 00:00:00,2017-06-01 13:55:10,Q2,4230000.0,10380000.0,460000.0000000001,420000.0,-9759999.999999998,-13679000.0,2362000.0,-4237000.0,87963000.0,1980000.0,7289999.999999996,0.0,0.0,0.0,0.0,-8268000.0,-8270000.0,1556000.0,0.0,80000.0,0.0,11404000.0,6299999.999999999,-210000.00000000003,5110000.0,11110000.0,6000000.0,7289999.999999996,-8900000.0,-1610000.000000004,https://www.sec.gov/Archives/edgar/data/904979/000090497917000020/0000904979-17-000020-index.html,https://www.sec.gov/Archives/edgar/data/904979/000090497917000020/shlo10q43017.htm
2017-01-31,SHLO,2017-03-09 00:00:00,2017-03-09 16:03:24,Q1,-2020000.0,9720000.0,-1290000.0,397000.0,18900000.0,15448000.0,-1502000.0,4112000.0,69043000.0,1310000.0,26620000.0,0.0,0.0,0.0,0.0,-9073000.0,-9070000.0,-221000.0,0.0,0.0,0.0,-14315000.0,-20560000.0,330000.0,-2680000.0,6020000.0,8700000.0,26620000.0,-9080000.0,17540000.0,https://www.sec.gov/Archives/edgar/data/904979/000090497917000014/0000904979-17-000014-index.html,https://www.sec.gov/Archives/edgar/data/904979/000090497917000014/shlo10q13117.htm
2016-10-31,SHLO,2017-01-17,2017-01-17 17:00:56,Q4,5270000.0,9259999.999999998,-10370000.000000002,288000.0,12989999.999999998,-28687000.0,3513000.0,24750000.0,90106000.0,2699999.9999999995,19839999.999999996,0.0,0.0,0.0,0.0,-11428000.0,-10149999.999999998,-1477000.0,0.0,0.0,0.0,1874000.0,-3729999.999999997,-1850000.0,4119999.999999999,8719999.999999998,4600000.0,19839999.999999996,-10300000.0,9539999.999999996,https://www.sec.gov/Archives/edgar/data/904979/000090497917000006/shlo10311610-k.htm,https://www.sec.gov/Archives/edgar/data/904979/000090497917000006/shlo10311610-k.htm
2016-07-31,SHLO,2016-09-07,2016-09-07 17:07:53,Q3,-680000.0,9469999.999999998,7670000.0,333000.0,-759999.9999999998,27753000.0,-3749000.0,-20985000.0,95407000.0,910000.0000000001,16610000.000000007,0.0,0.0,0.0,0.0,-9236000.0,-9140000.000000002,-1252000.0,0.0,0.0,0.0,-7047000.0,-6759999.999999998,-990000.0,-279999.99999999936,4620000.000000001,4900000.0,16610000.000000007,-9330000.0,7280000.000000007,https://www.sec.gov/Archives/edgar/data/904979/000090497916000075/shlo10q73116.htm,https://www.sec.gov/Archives/edgar/data/904979/000090497916000075/shlo10q73116.htm
2016-04-30,SHLO,2016-06-08 00:00:00,2016-06-08 13:03:29,Q2,4210000.0,9610000.000000002,-510000.0,262000.0,130000.00000000079,-28186000.0,581000.0,21550000.0,97180000.0,879999.9999999999,14309999.999999994,0.0,0.0,0.0,0.0,-5896000.0,-7369999.999999999,-191000.0,0.0,0.0,0.0,-12258000.0,-10320000.000000004,1430000.0,-1940000.0000000005,4860000.0,6800000.0,14309999.999999994,-6890000.0,7419999.999999995,https://www.sec.gov/Archives/edgar/data/904979/000090497916000070/0000904979-16-000070-index.html,https://www.sec.gov/Archives/edgar/data/904979/000090497916000070/shlo10q43016.htm
2016-01-31,SHLO,2016-03-03 00:00:00,2016-03-03 13:14:05,Q1,-5130000.0,9310000.0,510000.0,189000.0,12840000.0,40095000.0,-2753000.0,-27158000.0,102180000.0,1060000.0,18600000.0,0.0,0.0,0.0,0.0,-1756000.0,-1660000.0,-308000.0,0.0,0.0,0.0,-15634000.0,-22740000.0,-490000.0,-6300000.0,6800000.0,13100000.0,18600000.0,-1800000.0,16800000.0,https://www.sec.gov/Archives/edgar/data/904979/000090497916000059/0000904979-16-000059-index.html,https://www.sec.gov/Archives/edgar/data/904979/000090497916000059/shlo10q13116.htm
2015-10-31,SHLO,2016-01-14,2016-01-14 15:39:43,Q4,-4869999.999999999,8190000.000000005,1130000.0,174000.0,-19430000.0,-30986000.0,8349000.0,5663000.0,125059000.0,820000.0000000001,-14169999.999999998,0.0,0.0,0.0,0.0,-15403000.0,-15270000.0,-4187000.0,0.0,0.0,0.0,46301000.0,35650000.0,250000.0,6470000.0,13070000.0,6600000.0,-14169999.999999998,-15340000.000000004,-29510000.0,https://www.sec.gov/Archives/edgar/data/904979/000090497916000048/shlo1031201510-k.htm,https://www.sec.gov/Archives/edgar/data/904979/000090497916000048/shlo1031201510-k.htm
2015-07-31,SHLO,2015-09-15 00:00:00,2015-09-14 17:32:54,Q3,1979999.9999999986,9099999.999999998,2449999.9999999995,309000.0,-190000.00000000128,16320000.0,-7518000.0,-2983000.0,102328000.0,650000.0,13979999.999999998,0.0,195000.0,0.0,0.0,9041000.0,9230000.0,-86000.0,0.0,0.0,0.0,-29564000.0,-26350000.0,-159999.9999999999,-3300000.0,6600000.0,9900000.0,13979999.999999998,-2250000.0,11729999.999999998,https://www.sec.gov/Archives/edgar/data/904979/000090497915000034/0000904979-15-000034-index.html,https://www.sec.gov/Archives/edgar/data/904979/000090497915000034/shlo10q73115.htm
2015-04-30,SHLO,2015-06-05 00:00:00,2015-06-05 16:46:47,Q2,6360000.000000001,8250000.0,780000.0,343000.0,-14880000.0,-27017000.0,6120000.0,8946000.0,116471000.0,499999.99999999994,1010000.0000000002,0.0,0.0,0.0,0.0,-10856000.0,-10850000.0,-1256000.0,0.0,110000.0,0.0,16939000.0,12800000.0,-70000.00000000006,2889999.9999999995,9890000.0,7000000.0,1010000.0000000002,-10909999.999999998,-9899999.999999998,https://www.sec.gov/Archives/edgar/data/904979/000090497915000022/0000904979-15-000022-index.html,https://www.sec.gov/Archives/edgar/data/904979/000090497915000022/shlo10q43015.htm
2015-01-31,SHLO,2015-03-11,2015-03-11 16:52:39,Q1,2440000.0,8730000.0,-100000.0,199000.0,-8850000.0,14088000.0,-5962000.0,-18020000.0,100670000.0,320000.0,2550000.0,0.0,0.0,0.0,0.0,-10806000.0,-10810000.0,-207000.0,0.0,50000.0,0.0,11073000.0,4020000.0,-730000.0,-4970000.0,7030000.0,12000000.0,2550000.0,-10880000.0,-8330000.0,https://www.sec.gov/Archives/edgar/data/904979/000090497915000012/shlo10q1312015.htm,https://www.sec.gov/Archives/edgar/data/904979/000090497915000012/shlo10q1312015.htm
2014-10-31,SHLO,2015-01-13,2015-01-13 11:55:27,Q4,-1500000.0,7750000.0,1920000.0,149000.0,4720000.000000001,-23619000.0,12218000.0,14934000.0,104030000.0,-100000.00000000009,12780000.000000002,0.0,-58075000.0,-473000.0,0.0,-15476000.0,-73100000.0,-626000.0,0.0,130000.0,0.0,63094000.0,61580000.0,-360000.0,899999.9999999986,11999999.999999998,11100000.0,12780000.000000002,-15560000.000000002,-2780000.000000001,https://www.sec.gov/Archives/edgar/data/904979/000090497915000005/shlo1031201410-k.htm,https://www.sec.gov/Archives/edgar/data/904979/000090497915000005/shlo1031201410-k.htm
2014-07-31,SHLO,2014-09-05 00:00:00,2014-09-05 17:00:05,Q3,8350000.000000001,7199999.999999999,-1170000.0000000002,141000.0,-8750000.0,19161000.0,-7385000.0,-19780000.0,81171000.0,-310000.00000000006,5329999.999999998,0.0,-66120000.0,0.0,967000.0,-12054000.0,-77050000.0,-134000.0,0.0,180000.00000000006,0.0,93091000.0,82410000.0,-160000.0,10540000.000000002,11140000.000000002,600000.0,5329999.999999998,-12480000.0,-7150000.000000002,https://www.sec.gov/Archives/edgar/data/904979/000090497914000024/0000904979-14-000024-index.html,https://www.sec.gov/Archives/edgar/data/904979/000090497914000024/shlo7312014q3.htm
2014-04-30,SHLO,2014-05-23 00:00:00,2014-05-23 10:28:57,Q2,8129999.999999999,7020000.000000001,90000.0,139000.0,-7100000.000000001,-22459000.0,-5262000.0,22681000.0,58720000.0,-2560000.0,5010000.0,0.0,-349000.0,-1527000.0,0.0,-4858000.0,-6730000.0,-40000.0,0.0,440000.0,0.0,835000.0,1280000.0000000002,0.0,-450000.0,550000.0,1000000.0,5010000.0,-7770000.000000001,-2760000.000000001,https://www.sec.gov/Archives/edgar/data/904979/000090497914000014/0000904979-14-000014-index.html,https://www.sec.gov/Archives/edgar/data/904979/000090497914000014/shlo4302014q2.htm
2014-01-31,SHLO,2014-02-26,2014-02-26 15:17:16,Q1,4940000.0,6420000.0,0.0,150000.0,-4630000.0,16473000.0,-5721000.0,-14508000.0,52916000.0,-840000.0,5900000.0,0.0,0.0,0.0,0.0,-2528000.0,-2530000.0,-16000.0,0.0,310000.0,0.0,-1704000.0,-2740000.0,0.0,630000.0,1030000.0,400000.0,5900000.0,-3780000.0,2120000.0,https://www.sec.gov/Archives/edgar/data/904979/000090497914000006/shlo131201410-q.htm,https://www.sec.gov/Archives/edgar/data/904979/000090497914000006/shlo131201410-q.htm
2013-10-31,SHLO,2013-12-23,2013-12-23 15:22:24,Q4,6450000.000000001,6520000.0,120000.0,177000.0,-3860000.0,-27886000.0,329000.0,21916000.0,49838000.0,199999.99999999997,9420000.000000002,0.0,-36747000.0,0.0,0.0,-8458000.0,-45199999.99999999,-1437000.0,0.0,140000.0,-19999.999999999574,36759000.0,35540000.0,0.0,-240000.00000000003,360000.0,600000.0,9420000.000000002,-8860000.000000004,559999.999999999,https://www.sec.gov/Archives/edgar/data/904979/000090497913000041/shlo1031201310-k.htm,https://www.sec.gov/Archives/edgar/data/904979/000090497913000041/shlo1031201310-k.htm
2013-07-31,SHLO,2013-08-30 00:00:00,2013-08-30 16:54:23,Q3,5289999.999999999,4969999.999999999,430000.0,187000.0,6160000.0,17817000.0,888000.0,-10034000.0,47170000.0,150000.00000000003,17000000.0,0.0,-4657000.0,0.0,0.0,-6023000.0,-10679999.999999993,-177000.0,0.0,50000.0,0.0,-5151000.0,-5830000.000000005,0.0,490000.0,590000.0,100000.0,17000000.0,-6129999.999999999,10870000.000000002,https://www.sec.gov/Archives/edgar/data/904979/000090497913000033/0000904979-13-000033-index.html,https://www.sec.gov/Archives/edgar/data/904979/000090497913000033/shlo731201310-q.htm
2013-04-30,SHLO,2013-05-23 00:00:00,2013-05-23 17:26:02,Q2,7250000.0,5140000.000000001,30000.0,374000.0,1389999.9999999998,-18029000.0,5945000.0,920000.0,55518000.0,260000.0,14070000.0,0.0,-63066000.0,0.0,0.0,-12582000.0,-7060000.000000002,-349000.0,0.0,30000.0,0.0,67663000.0,-7009999.999999991,0.0,0.0,100000.0,100000.0,14070000.0,-6680000.0,7390000.0,https://www.sec.gov/Archives/edgar/data/904979/000090497913000023/0000904979-13-000023-index.html,https://www.sec.gov/Archives/edgar/data/904979/000090497913000023/shlo430201310-q.htm
2013-01-31,SHLO,2013-03-01 00:00:00,2013-03-01 15:42:26,Q1,2580000.0,4250000.0,10000.0,-754000.0,-8780000.0,1026000.0,10711000.0,3116000.0,58342000.0,260000.0,-1680000.0,0.0,-62684000.0,0.0,0.0,12865000.0,-68450000.0,90000.0,0.0,80000.0,-4230000.0,-744000.0,70100000.0,0.0,-30000.0,170000.0,200000.0,-1680000.0,-5770000.0,-7450000.0,https://www.sec.gov/Archives/edgar/data/904979/000090497913000014/0000904979-13-000014-index.html,https://www.sec.gov/Archives/edgar/data/904979/000090497913000014/shlo131201310-q.htm
2012-10-31,SHLO,2012-12-21,2012-12-21 17:00:25,Q4,3629999.999999999,4239999.999999998,1600000.0,138000.0,679999.9999999997,-6276000.0,-30000.0,1922000.0,42364000.0,-1320000.0,8820000.0,0.0,0.0,0.0,0.0,-3302000.0,-3310000.0000000005,-90000.0,0.0,79999.99999999996,0.0,-699000.0,-5480000.0,0.0,49999.99999999999,150000.0,100000.0,8820000.0,-6250000.000000002,2569999.999999998,https://www.sec.gov/Archives/edgar/data/904979/000090497912000031/shlo1031201210-k.htm,https://www.sec.gov/Archives/edgar/data/904979/000090497912000031/shlo1031201210-k.htm
2012-07-31,SHLO,2012-08-23 00:00:00,2012-08-23 17:21:50,Q3,2420000.0,4750000.0,310000.0,203000.0,3660000.0,23662000.0,-2712000.0,-16569000.0,40965000.0,1620000.0,12750000.0,0.0,0.0,0.0,0.0,-4521000.0,-4520000.0,2783000.0,0.0,70000.0,0.0,-6026000.0,-8180000.0,0.0,50000.0,150000.0,100000.0,12750000.0,-5100000.0,7650000.0,https://www.sec.gov/Archives/edgar/data/904979/000090497912000023/0000904979-12-000023-index.html,https://www.sec.gov/Archives/edgar/data/904979/000090497912000023/shlo0731201210-q.htm
2012-04-30,SHLO,2012-05-23,2012-05-23 16:34:56,Q2,5900000.0,4750000.000000001,0.0,204000.0,-6080000.0,-15355000.0,-5164000.0,12493000.0,46584000.0,-400000.0,4180000.000000001,0.0,0.0,0.0,0.0,-3056000.0,-3050000.0000000005,1527000.0,0.0,250000.0,-8420000.0,6788000.0,-1269999.9999999998,0.0,-150000.00000000003,49999.99999999998,200000.0,4180000.000000001,-3770000.0,410000.000000001,https://www.sec.gov/Archives/edgar/data/904979/000090497912000017/shlo0430201210-q.htm,https://www.sec.gov/Archives/edgar/data/904979/000090497912000017/shlo0430201210-q.htm
2012-01-31,SHLO,2012-02-22 00:00:00,2012-02-22 14:07:15,Q1,1580000.0,5050000.0,-10000.0,209000.0,-7100000.0,-3057000.0,-2805000.0,-962000.0,42034000.0,250000.0,-230000.0,0.0,0.0,0.0,0.0,-1846000.0,-1850000.0,89000.0,0.0,20000.0,0.0,821000.0,2280000.0,0.0,200000.0,200000.0,0.0,-230000.0,-1980000.0,-2210000.0,https://www.sec.gov/Archives/edgar/data/904979/000090497912000011/0000904979-12-000011-index.html,https://www.sec.gov/Archives/edgar/data/904979/000090497912000011/shlo0131201210-q.htm
2011-10-31,SHLO,2011-12-21,2011-12-20 18:13:29,Q4,2199999.999999999,5140000.000000001,1180000.0,213000.0,3800000.000000001,-8895000.0,7152000.0,5414000.0,35328000.0,619999.9999999999,12930000.0,0.0,0.0,0.0,0.0,-3643000.0,-3639999.999999999,451000.0,0.0,39999.99999999993,0.0,-10416000.0,-9350000.0,0.0,-60000.00000000001,39999.99999999999,100000.0,12930000.0,-3649999.9999999986,9280000.000000002,https://www.sec.gov/Archives/edgar/data/904979/000090497911000020/shlo1031201110-k.htm,https://www.sec.gov/Archives/edgar/data/904979/000090497911000020/shlo1031201110-k.htm
2011-07-31,SHLO,2011-08-26 00:00:00,2011-08-26 17:01:01,Q3,1690000.0000000005,5540000.000000001,740000.0,-2466000.0,-10040000.000000002,49547000.0,12549000.0,-31653000.0,35471000.0,200000.00000000006,-1860000.0000000002,20785000.0,0.0,0.0,0.0,-21200000.0,-4140000.000000001,-721000.0,0.0,20000.00000000002,0.0,-36145000.0,5960000.0,0.0,-39999.99999999999,60000.00000000001,100000.0,-1860000.0000000002,-4230000.0,-6090000.0,https://www.sec.gov/Archives/edgar/data/904979/000090497911000009/0000904979-11-000009-index.html,https://www.sec.gov/Archives/edgar/data/904979/000090497911000009/shlo0731201110-q.htm
2011-04-30,SHLO,2011-05-27 00:00:00,2011-05-27 17:16:48,Q2,3450000.0,5779999.999999999,-30000.0,215000.0,-9880000.0,-17083000.0,-11568000.0,0.0,37787000.0,229999.99999999994,-459999.9999999991,0.0,0.0,0.0,0.0,0.0,-5550000.0,625000.0,0.0,130000.0,0.0,0.0,6050000.0,0.0,39999.99999999999,140000.0,100000.0,-459999.9999999991,-5690000.0,-6149999.999999999,https://www.sec.gov/Archives/edgar/data/904979/000119312511153515/0001193125-11-153515-index.html,https://www.sec.gov/Archives/edgar/data/904979/000119312511153515/d10q.htm
2011-01-31,SHLO,2011-02-22,2011-02-22 17:22:43,Q1,510000.0,5910000.0,30000.0,158000.0,2890000.0,10468000.0,-1531000.0,0.0,27038000.0,340000.0,9680000.0,0.0,0.0,0.0,0.0,0.0,-4870000.0,463000.0,0.0,380000.0,-2000000.0,0.0,-4760000.0,0.0,50000.0,50000.0,0.0,9680000.0,-4880000.0,4800000.0,https://www.sec.gov/Archives/edgar/data/904979/000119312511042320/d10q.htm,https://www.sec.gov/Archives/edgar/data/904979/000119312511042320/d10q.htm
2010-10-31,SHLO,2010-12-17,2010-12-17 08:50:56,Q4,-730000.0,6109999.999999999,-3400000.0000000005,128000.0,-80000.00000000007,-8233000.0,2846000.0,0.0,27850000.0,4949999.999999999,6859999.999999999,0.0,0.0,0.0,0.0,0.0,-1770000.0,0.0,0.0,80000.0,0.0,0.0,-5439999.999999998,0.0,-350000.0,50000.0,400000.0,6859999.999999999,-1780000.0000000002,5079999.999999999,https://www.sec.gov/Archives/edgar/data/904979/000119312510282883/d10k.htm,https://www.sec.gov/Archives/edgar/data/904979/000119312510282883/d10k.htm
2010-07-31,SHLO,2010-08-25 00:00:00,2010-08-25 12:22:05,Q3,2040000.0,6520000.0,410000.00000000006,128000.0,-3670000.0,4498000.0,-2612000.0,0.0,28048000.0,320000.00000000006,5620000.000000001,0.0,0.0,0.0,0.0,0.0,-909999.9999999999,0.0,0.0,39999.99999999999,0.0,0.0,-4500000.0,0.0,220000.0,420000.0,200000.0,5620000.000000001,-909999.9999999999,4710000.000000001,https://www.sec.gov/Archives/edgar/data/904979/000119312510196515/0001193125-10-196515-index.html,https://www.sec.gov/Archives/edgar/data/904979/000119312510196515/d10q.htm
2010-04-30,SHLO,2010-05-25 00:00:00,2010-05-25 08:15:45,Q2,3090000.0,6750000.0,-400000.0,161000.0,5970000.0,-9530000.0,1923000.0,0.0,23989000.0,260000.0,15660000.0,0.0,0.0,0.0,0.0,0.0,-560000.0,-331000.0,0.0,60000.00000000001,0.0,0.0,-15400000.0,0.0,-300000.00000000006,199999.99999999997,500000.0,15660000.0,-559999.9999999999,15100000.0,https://www.sec.gov/Archives/edgar/data/904979/000119312510127756/0001193125-10-127756-index.html,https://www.sec.gov/Archives/edgar/data/904979/000119312510127756/d10q.htm
2010-01-31,SHLO,2010-02-24 00:00:00,2010-02-24 17:14:39,Q1,-540000.0,6840000.0,170000.0,229000.0,-5970000.0,6508000.0,462000.0,0.0,33007000.0,530000.0,1040000.0,0.0,0.0,0.0,0.0,0.0,-550000.0,331000.0,0.0,10000.0,0.0,0.0,-150000.0,0.0,340000.0,440000.0,100000.0,1040000.0,-600000.0,440000.0,https://www.sec.gov/Archives/edgar/data/904979/000119312510039050/0001193125-10-039050-index.html,https://www.sec.gov/Archives/edgar/data/904979/000119312510039050/d10q.htm
2009-10-31,SHLO,2009-12-18,2009-12-17 18:02:42,Q4,-359999.9999999994,7259999.999999998,6210000.0,228000.0,-11679999.999999998,-33997000.0,-1625000.0,0.0,24987000.0,320000.00000000006,1750000.0,0.0,0.0,0.0,0.0,0.0,-2070000.0000000002,0.0,0.0,250000.0,0.0,0.0,289999.9999999991,0.0,-30000.00000000025,169999.99999999974,200000.0,1750000.0,-2069999.9999999993,-319999.9999999994,https://www.sec.gov/Archives/edgar/data/904979/000119312509255035/d10k.htm,https://www.sec.gov/Archives/edgar/data/904979/000119312509255035/d10k.htm
2009-07-31,SHLO,2009-08-28 00:00:00,2009-08-28 14:09:10,Q3,-5050000.000000003,7220000.000000001,-2010000.0,140000.0,480000.0000000004,4194000.0,1314000.0,0.0,-26988000.0,449999.99999999994,1099999.999999998,0.0,0.0,0.0,0.0,0.0,-1299999.9999999998,0.0,0.0,0.0,0.0,0.0,200000.00000000285,0.0,10000.000000000231,210000.00000000023,200000.0,1099999.999999998,-1300000.0000000002,-200000.0000000024,https://www.sec.gov/Archives/edgar/data/904979/000119312509183766/0001193125-09-183766-index.html,https://www.sec.gov/Archives/edgar/data/904979/000119312509183766/d10q.htm
2009-04-30,SHLO,2009-05-26 00:00:00,2009-05-26 12:17:40,Q2,-6239999.999999999,7390000.0,-2760000.0,141000.0,10849999.999999998,6003000.0,1513000.0,0.0,24896000.0,1830000.0,11060000.000000002,0.0,0.0,0.0,0.0,0.0,-1730000.0,0.0,0.0,0.0,0.0,0.0,-9450000.000000004,0.0,-120000.0000000001,179999.9999999999,300000.0,11060000.000000002,-1740000.0000000002,9320000.000000002,https://www.sec.gov/Archives/edgar/data/904979/000119312509118167/0001193125-09-118167-index.html,https://www.sec.gov/Archives/edgar/data/904979/000119312509118167/d10q.htm
2009-01-31,SHLO,2009-02-25 00:00:00,2009-02-25 12:10:05,Q1,-6130000.0,7620000.0,-2740000.0,116000.0,8730000.0,30202000.0,9472000.0,0.0,32694000.0,-760000.0,6720000.0,0.0,0.0,0.0,0.0,0.0,-1190000.0,-2000.0,0.0,0.0,0.0,0.0,-7470000.0,0.0,-1940000.0,260000.0,2200000.0,6720000.0,-2190000.0,4530000.0,https://www.sec.gov/Archives/edgar/data/904979/000119312509037098/0001193125-09-037098-index.html,https://www.sec.gov/Archives/edgar/data/904979/000119312509037098/d10q.htm
2008-10-31,SHLO,2008-12-18,2008-12-18 13:23:41,Q4,290000.00000000006,8060000.000000002,889999.9999999999,118000.0,6960000.0,7138000.0,-3837000.0,0.0,40178000.0,100000.00000000009,16290000.0,0.0,0.0,0.0,0.0,0.0,-2210000.0,-1000.0,0.0,0.0,0.0,0.0,-12239999.999999998,0.0,1840000.0,2240000.0,400000.0,16290000.0,-2599999.9999999995,13690000.0,https://www.sec.gov/Archives/edgar/data/904979/000119312508255693/d10k.htm,https://www.sec.gov/Archives/edgar/data/904979/000119312508255693/d10k.htm
2008-07-31,SHLO,2008-09-09 00:00:00,2008-09-09 17:26:29,Q3,2940000.0000000005,8310000.000000002,-2030000.0,134000.0,3040000.0,2578000.0,-959000.0,0.0,30648000.0,229999.99999999997,12500000.0,0.0,0.0,0.0,0.0,0.0,-2470000.0,-2000.0,0.0,0.0,0.0,0.0,-10169999.999999998,0.0,-150000.00000000003,350000.0,500000.0,12500000.0,-2490000.0,10010000.0,https://www.sec.gov/Archives/edgar/data/904979/000119312508193135/0001193125-08-193135-index.html,https://www.sec.gov/Archives/edgar/data/904979/000119312508193135/d10q.htm
2008-04-30,SHLO,2008-05-22 00:00:00,2008-05-22 15:14:15,Q2,2010000.0,8149999.999999999,0.0,132000.0,-5510000.000000001,8948000.0,2321000.0,0.0,13009000.0,1100000.0,5740000.000000002,0.0,0.0,0.0,0.0,0.0,-1810000.0,-29000.0,0.0,0.0,-16360000.0,0.0,-3830000.0,0.0,109999.99999999999,510000.0,400000.0,5740000.000000002,-1840000.0,3900000.0000000023,https://www.sec.gov/Archives/edgar/data/904979/000119312508120762/0001193125-08-120762-index.html,https://www.sec.gov/Archives/edgar/data/904979/000119312508120762/d10q.htm
2008-01-31,SHLO,2008-02-22,2008-02-22 13:59:02,Q1,1580000.0,8250000.0,-20000.0,128000.0,1360000.0,8754000.0,608000.0,0.0,23652000.0,190000.0,11360000.0,0.0,0.0,0.0,0.0,0.0,-1770000.0,-48000.0,0.0,10000.0,0.0,0.0,-9310000.0,0.0,280000.0,380000.0,100000.0,11360000.0,-1770000.0,9590000.0,https://www.sec.gov/Archives/edgar/data/904979/000119312508036158/d10q.htm,https://www.sec.gov/Archives/edgar/data/904979/000119312508036158/d10q.htm
2007-10-31,SHLO,2007-12-20,2007-12-20 14:28:01,Q4,4340000.000000001,8200000.0,-2280000.0,96000.0,3590000.0,-24551000.0,3980000.0,0.0,21015000.0,270000.0,14120000.000000006,0.0,0.0,1800000.0,0.0,0.0,-1030000.0000000002,-96000.0,0.0,0.0,0.0,0.0,-13399999.999999998,0.0,-310000.0,90000.0,400000.0,14120000.000000006,-2830000.0,11290000.000000006,https://www.sec.gov/Archives/edgar/data/904979/000119312507268981/d10k.htm,https://www.sec.gov/Archives/edgar/data/904979/000119312507268981/d10k.htm
2007-07-31,SHLO,2007-08-23 00:00:00,2007-08-23 14:38:02,Q3,1680000.0000000002,8080000.000000002,-20000.000000000004,152000.0,14910000.0,31476000.0,-2356000.0,0.0,22267000.0,219999.99999999997,24860000.0,0.0,0.0,0.0,0.0,0.0,-2610000.0000000005,-85000.0,0.0,30000.0,0.0,0.0,-22000000.0,0.0,250000.0,450000.0,200000.0,24860000.0,-2619999.9999999995,22240000.0,https://www.sec.gov/Archives/edgar/data/904979/000119312507188084/0001193125-07-188084-index.html,https://www.sec.gov/Archives/edgar/data/904979/000119312507188084/d10q.htm
2007-04-30,SHLO,2007-05-24 00:00:00,2007-05-24 11:41:34,Q2,2050000.0,7990000.0,-9999.999999999995,119000.0,1830000.0,-6952000.0,7635000.0,0.0,37171000.0,200000.0,12079999.999999998,0.0,0.0,0.0,0.0,0.0,-1670000.0,-87000.0,0.0,10000.00000000001,0.0,0.0,-10590000.000000002,0.0,-190000.0,210000.0,400000.0,12079999.999999998,-1680000.0000000002,10399999.999999998,https://www.sec.gov/Archives/edgar/data/904979/000119312507122282/0001193125-07-122282-index.html,https://www.sec.gov/Archives/edgar/data/904979/000119312507122282/d10q.htm
2007-01-31,SHLO,2007-02-22,2007-02-22 17:25:13,Q1,1480000.0,7600000.0,-80000.0,51000.0,1710000.0,3007000.0,3040000.0,0.0,42431000.0,190000.0,10890000.0,0.0,0.0,0.0,0.0,0.0,-2130000.0,-76000.0,0.0,190000.0,-40870000.0,0.0,-8760000.0,0.0,10000.0,410000.0,400000.0,10890000.0,-2130000.0,8760000.0,https://www.sec.gov/Archives/edgar/data/904979/000119312507037266/d10q.htm,https://www.sec.gov/Archives/edgar/data/904979/000119312507037266/d10q.htm
2006-10-31,SHLO,2006-12-22,2006-12-21 17:37:18,Q4,-6020000.000000001,8850000.000000002,-2690000.0,54000.0,-2889999.9999999995,-17835000.0,-182000.0,0.0,35019000.0,4960000.0,2219999.999999999,0.0,0.0,0.0,0.0,0.0,-3570000.0000000005,-94000.0,0.0,10000.00000000001,0.0,0.0,589999.9999999999,0.0,-770000.0,330000.0,1100000.0,2219999.999999999,-3609999.9999999995,-1390000.0000000005,https://www.sec.gov/Archives/edgar/data/904979/000119312506258276/d10k.htm,https://www.sec.gov/Archives/edgar/data/904979/000119312506258276/d10k.htm
2006-07-31,SHLO,2006-08-25,2006-08-25 12:55:38,Q3,1210000.000000001,8619999.999999996,0.0,89000.0,17480000.0,34791000.0,-4660000.0,0.0,33064000.0,79999.99999999996,27380000.0,0.0,0.0,0.0,0.0,0.0,-5490000.0,-183000.0,0.0,129999.99999999999,0.0,0.0,-21450000.0,0.0,449999.99999999994,1150000.0,700000.0,27380000.0,-5720000.000000001,21660000.0,https://www.sec.gov/Archives/edgar/data/904979/000119312506179730/d10q.htm,https://www.sec.gov/Archives/edgar/data/904979/000119312506179730/d10q.htm
2006-04-30,SHLO,2006-05-25,2006-05-25 15:28:29,Q2,7350000.0,8630000.0,-860000.0,89000.0,-31290000.0,-27143000.0,-1424000.0,0.0,41992000.0,319999.99999999994,-15829999.999999998,0.0,0.0,0.0,0.0,0.0,-6200000.0,-19000.0,0.0,120000.00000000001,0.0,0.0,21810000.0,0.0,-220000.0,680000.0,900000.0,-15829999.999999998,-6489999.999999999,-22319999.999999996,https://www.sec.gov/Archives/edgar/data/904979/000119312506119499/d10q.htm,https://www.sec.gov/Archives/edgar/data/904979/000119312506119499/d10q.htm
2006-01-31,SHLO,2006-02-24,2006-02-24 17:27:10,Q1,4580000.0,8330000.0,0.0,89000.0,7680000.0,21059000.0,-8720000.0,0.0,29691000.0,170000.0,20740000.0,0.0,0.0,-252000.0,0.0,0.0,-3790000.0,-30000.0,0.0,50000.0,0.0,0.0,-16700000.0,0.0,250000.0,950000.0,700000.0,20740000.0,-3540000.0,17200000.0,https://www.sec.gov/Archives/edgar/data/904979/000119312506039011/d10q.htm,https://www.sec.gov/Archives/edgar/data/904979/000119312506039011/d10q.htm
2005-10-31,SHLO,2005-12-21,2005-12-21 13:47:30,Q4,8050000.0,7570000.0,-1580000.0,0.0,2650000.0000000056,-26441000.0,7439000.0,0.0,26392000.0,1269999.9999999995,17980000.0,0.0,0.0,0.0,0.0,0.0,-3259999.999999998,-18000.0,0.0,19999.999999999574,0.0,0.0,-14550000.0,0.0,160000.00000000015,660000.0000000001,500000.0,17980000.0,-3260000.0000000014,14719999.999999998,https://www.sec.gov/Archives/edgar/data/904979/000119312505246424/d10k.htm,https://www.sec.gov/Archives/edgar/data/904979/000119312505246424/d10k.htm
2005-07-31,SHLO,2005-08-25,2005-08-25 13:28:07,Q3,5479999.999999999,8800000.0,-620000.0000000001,0.0,-5620000.000000005,16129000.0,5151000.0,0.0,29459000.0,120000.0000000001,8150000.0,0.0,0.0,0.0,0.0,0.0,-4690000.000000001,-29000.0,0.0,60000.0000000005,0.0,0.0,-4680000.0,0.0,-1210000.0000000002,489999.9999999998,1700000.0,8150000.0,-4719999.999999999,3430000.000000001,https://www.sec.gov/Archives/edgar/data/904979/000119312505174507/d10q.htm,https://www.sec.gov/Archives/edgar/data/904979/000119312505174507/d10q.htm
2005-04-30,SHLO,2005-05-25,2005-05-25 15:22:04,Q2,8520000.0,8450000.0,2870000.0,0.0,-12989999.999999998,2778000.0,-976000.0,0.0,30544000.0,530000.0,7389999.999999999,0.0,0.0,-252000.0,0.0,0.0,-5120000.000000001,-33000.0,0.0,9999.999999999787,0.0,0.0,-689999.9999999977,0.0,1579999.9999999998,1679999.9999999998,100000.0,7389999.999999999,-5050000.000000001,2339999.999999998,https://www.sec.gov/Archives/edgar/data/904979/000119312505114712/d10q.htm,https://www.sec.gov/Archives/edgar/data/904979/000119312505114712/d10q.htm
2005-01-31,SHLO,2005-02-25,2005-02-25 14:25:53,Q1,4700000.0,8710000.0,330000.0,106000.0,-31090000.0,-18614000.0,-4092000.0,0.0,21015000.0,1840000.0,-15520000.0,0.0,0.0,0.0,0.0,0.0,-9360000.0,-18000.0,0.0,-4420000.0,0.0,0.0,21540000.0,0.0,-3340000.0,160000.0,3500000.0,-15520000.0,-9360000.0,-24880000.0,https://www.sec.gov/Archives/edgar/data/904979/000119312505037130/d10q.htm,https://www.sec.gov/Archives/edgar/data/904979/000119312505037130/d10q.htm
2004-10-31,SHLO,2004-12-22,2004-12-22 14:32:20,Q4,5450000.000000001,9370000.000000002,2350000.0000000014,106000.0,15830000.0,-20711000.0,-1298000.0,0.0,1448000.0,450000.0000000002,33440000.0,0.0,0.0,0.0,0.0,0.0,-2830000.0,-23000.0,0.0,60000.0,0.0,0.0,-31890000.0,0.0,-1269999.9999999995,3430000.0000000005,4700000.0,33440000.0,-2830000.0,30610000.0,https://www.sec.gov/Archives/edgar/data/904979/000119312504218315/d10k.htm,https://www.sec.gov/Archives/edgar/data/904979/000119312504218315/d10k.htm
2004-07-31,SHLO,2004-08-23,2004-08-23 17:20:31,Q3,3840000.0,7809999.999999999,2399999.9999999995,107000.0,5060000.0,25242000.0,-1011000.0,0.0,-7107000.0,439999.99999999994,19560000.000000004,0.0,0.0,0.0,0.0,0.0,-2769999.9999999995,-30000.0,0.0,160000.00000000003,0.0,0.0,-14090000.000000004,0.0,2699999.9999999995,4700000.0,2000000.0,19560000.000000004,-2769999.9999999995,16790000.000000004,https://www.sec.gov/Archives/edgar/data/904979/000119312504145220/d10q.htm,https://www.sec.gov/Archives/edgar/data/904979/000119312504145220/d10q.htm
2004-04-30,SHLO,2004-05-28,2004-05-28 14:56:11,Q2,8360000.000000001,7990000.000000001,5530000.0,106000.0,-6050000.0,-25787000.0,3499000.0,0.0,3397000.0,790000.0,16610000.0,0.0,0.0,0.0,0.0,0.0,-3120000.000000001,-30000.0,0.0,190000.0,0.0,0.0,-11660000.0,0.0,1830000.0,2030000.0,200000.0,16610000.0,-2909999.999999999,13700000.0,https://www.sec.gov/Archives/edgar/data/904979/000119312504096135/d10q.htm,https://www.sec.gov/Archives/edgar/data/904979/000119312504096135/d10q.htm
2004-01-31,SHLO,2004-02-27 00:00:00,2004-02-27 13:48:59,Q1,1110000.0,7970000.0,600000.0,128000.0,2520000.0,1015000.0,-220000.0,0.0,-5801000.0,690000.0,12890000.0,0.0,0.0,0.0,0.0,0.0,-5430000.0,-18000.0,0.0,50000.0,0.0,0.0,-7810000.0,0.0,-350000.0,250000.0,600000.0,12890000.0,-5440000.0,7450000.0,https://www.sec.gov/Archives/edgar/data/904979/000119312504031071/0001193125-04-031071-index.html,https://www.sec.gov/Archives/edgar/data/904979/000119312504031071/d10q.htm
2003-10-31,SHLO,2004-01-23,2004-01-23 15:24:25,Q4,3300000.0,7600000.000000001,1529999.9999999998,127000.0,1990000.000000002,-9918000.0,5318000.0,0.0,-15067000.0,489999.99999999977,14919999.999999994,0.0,0.0,-253000.0,0.0,0.0,-5330000.000000002,-31000.0,0.0,0.0,0.0,0.0,-9559999.999999994,0.0,30000.000000000025,530000.0,500000.0,14919999.999999994,-5080000.000000002,9839999.999999993,https://www.sec.gov/Archives/edgar/data/904979/000119312504008218/d10k.htm,https://www.sec.gov/Archives/edgar/data/904979/000119312504008218/d10k.htm
2003-07-31,SHLO,2003-09-05,2003-09-05 14:06:51,Q3,899999.9999999999,7319999.999999998,1050000.0,127000.0,18689999.999999996,27810000.0,4456000.0,0.0,-150317000.0,250000.0,28190000.0,0.0,0.0,0.0,0.0,0.0,-4869999.999999999,0.0,0.0,9999.999999999995,0.0,0.0,-24900000.000000004,0.0,-1580000.0,520000.0,2100000.0,28190000.0,-4899999.999999999,23290000.0,https://www.sec.gov/Archives/edgar/data/904979/000119312503045995/d10q.htm,https://www.sec.gov/Archives/edgar/data/904979/000119312503045995/d10q.htm
2003-04-30,SHLO,2003-06-11,2003-06-11 14:09:41,Q2,1830000.0,7350000.0,1520000.0,128000.0,6959999.999999999,-20023000.0,15222000.0,0.0,-160015000.0,180000.00000000015,17849999.999999996,0.0,1472000.0,0.0,0.0,0.0,-5020000.000000001,239000.0,0.0,100000.0,0.0,0.0,-11210000.0,0.0,1620000.0,2120000.0,500000.0,17849999.999999996,-6510000.000000001,11339999.999999996,https://www.sec.gov/Archives/edgar/data/904979/000095016803002101/d10q.htm,https://www.sec.gov/Archives/edgar/data/904979/000095016803002101/d10q.htm
2003-01-31,SHLO,2003-03-13,2003-03-12 17:53:17,Q1,-2420000.0,7320000.0,-530000.0,149000.0,3660000.0,14372000.0,-991000.0,0.0,37868000.0,2110000.0,10140000.0,0.0,0.0,0.0,0.0,0.0,-5630000.0,-239000.0,0.0,0.0,0.0,0.0,-5810000.0,0.0,-1300000.0,500000.0,1800000.0,10140000.0,-5630000.0,4510000.0,https://www.sec.gov/Archives/edgar/data/904979/000102140803004153/d10q.htm,https://www.sec.gov/Archives/edgar/data/904979/000102140803004153/d10q.htm
2002-10-31,SHLO,2003-01-24,2003-01-24 12:28:43,Q4,-18920000.0,6680000.0,70000.00000000028,446000.0,-6529999.999999998,2437000.0,-4995000.0,0.0,43921000.0,21670000.0,2960000.000000001,0.0,0.0,-252000.0,0.0,0.0,-2189999.9999999995,0.0,0.0,0.0,0.0,0.0,490000.000000002,0.0,1270000.0,1770000.0,500000.0,2960000.000000001,-6580000.0,-3619999.999999999,https://www.sec.gov/Archives/edgar/data/904979/000095016803000201/d10k.htm,https://www.sec.gov/Archives/edgar/data/904979/000095016803000201/d10k.htm
2002-07-31,SHLO,,,Q3,-299999.9999999998,7980000.0,-1099999.9999999995,0.0,6559999.999999999,8300000.0,-7100000.0,-5700000.0,0.0,-1040000.0,12100000.000000002,0.0,0.0,0.0,0.0,0.0,11920000.0,0.0,0.0,0.0,0.0,0.0,-24390000.0,0.0,-370000.0000000001,529999.9999999999,900000.0,12100000.000000002,-3790000.000000001,8310000.0,,
2002-04-30,SHLO,,,Q2,-1790000.0,7170000.000000001,15350000.0,0.0,49999.99999999893,-4100000.0,600000.0,-3500000.0,0.0,1020000.0,21799999.999999996,0.0,0.0,0.0,0.0,0.0,-330000.00000000006,0.0,0.0,0.0,0.0,0.0,-42720000.0,0.0,-21259999.999999996,840000.000000002,22100000.0,21799999.999999996,-1700000.0000000002,20099999.999999996,,
2002-01-31,SHLO,,,Q1,-5750000.0,7220000.0,-3250000.0,0.0,13220000.0,17400000.0,600000.0,18200000.0,0.0,150000.0,11600000.0,0.0,0.0,0.0,0.0,0.0,-4780000.0,0.0,0.0,0.0,0.0,0.0,10610000.0,0.0,17430000.0,22130000.0,4700000.0,11600000.0,-4890000.0,6710000.0,,
2001-10-31,SHLO,,,Q4,-31369999.999999996,7230000.0,-16070000.0,0.0,17250000.0,-17900000.0,14600000.0,3000000.0,0.0,7740000.0,-15220000.000000002,0.0,0.0,0.0,0.0,0.0,-5510000.000000002,0.0,0.0,0.0,0.0,0.0,25130000.000000004,0.0,4400000.0,4700000.0,300000.0,-15220000.000000002,-11830000.000000002,-27050000.000000004,,
2001-07-31,SHLO,2001-09-14 00:00:00,2001-09-14 00:00:00,Q3,-6390000.000000001,7350000.0,169999.99999999994,0.0,1020000.0000000005,47100000.0,8900000.0,7200000.0,0.0,3800000.0,5950000.000000001,0.0,0.0,0.0,0.0,0.0,7170000.000000002,0.0,0.0,0.0,0.0,0.0,-20640000.0,0.0,-7510000.000000001,289999.999999999,7800000.0,5950000.000000001,-8969999.999999998,-3019999.999999998,https://www.sec.gov/Archives/edgar/data/904979/000095015201504479/0000950152-01-504479-index.html,https://www.sec.gov/Archives/edgar/data/904979/000095015201504479/l90325ae10-q.txt
2001-04-30,SHLO,,,Q2,1679999.9999999998,7410000.0,2980000.0,0.0,5060000.0,-3000000.0,2700000.0,5500000.0,0.0,-10760000.0,6370000.000000001,0.0,0.0,0.0,0.0,0.0,-15720000.0,0.0,0.0,0.0,0.0,0.0,16920000.0,0.0,7560000.000000001,7860000.000000001,300000.0,6370000.000000001,-9420000.000000002,-3050000.000000001,,
2001-01-31,SHLO,,,Q1,600000.0,6170000.0,0.0,0.0,320000.0,6200000.0,-16900000.0,-4900000.0,0.0,0.0,7100000.0,0.0,0.0,0.0,0.0,0.0,-4650000.0,0.0,0.0,0.0,0.0,0.0,-3360000.0,0.0,-910000.0,290000.0,1200000.0,7100000.0,-10950000.0,-3850000.0,,
2000-10-31,SHLO,,,Q4,-26170000.0,6590000.0,-11420000.0,0.0,-11350000.000000002,-30500000.0,12100000.0,-14000000.0,0.0,34240000.0,-8099999.999999994,0.0,0.0,0.0,0.0,0.0,-65100000.0,0.0,0.0,0.0,0.0,0.0,73670000.0,0.0,470000.0,1170000.0,700000.0,-8099999.999999994,-13960000.0,-22059999.999999993,,
2000-07-31,SHLO,2000-09-14 00:00:00,2000-09-14 00:00:00,Q3,3460000.000000001,5990000.0,0.0,0.0,2410000.0,13800000.0,4800000.0,9100000.0,0.0,-60000.00000000005,11799999.999999996,0.0,0.0,0.0,0.0,0.0,-18430000.0,0.0,0.0,0.0,0.0,0.0,7000000.0,0.0,370000.0,670000.0,300000.0,11799999.999999996,-18489999.999999996,-6689999.999999998,https://www.sec.gov/Archives/edgar/data/904979/000095015200006658/0000950152-00-006658-index.html,https://www.sec.gov/Archives/edgar/data/904979/000095015200006658/l83577ae10-q.txt
2000-04-30,SHLO,2000-06-14 00:00:00,2000-06-14 00:00:00,Q2,5540000.0,5880000.0,0.0,0.0,-3899999.9999999986,-11300000.0,400000.0,-3200000.0,0.0,0.0,7509999.999999998,0.0,0.0,0.0,0.0,0.0,-15390000.0,0.0,0.0,0.0,0.0,0.0,7999999.999999999,0.0,120000.0000000001,320000.0000000001,200000.0,7509999.999999998,-15390000.0,-7880000.000000002,https://www.sec.gov/Archives/edgar/data/904979/000095015200004696/0000950152-00-004696-index.html,https://www.sec.gov/Archives/edgar/data/904979/000095015200004696/0000950152-00-004696-0001.txt
2000-01-31,SHLO,,,Q1,4140000.0,5360000.0,0.0,0.0,24840000.0,-19900000.0,-37900000.0,-42800000.0,0.0,-1530000.0,32810000.0,0.0,0.0,0.0,0.0,0.0,-38120000.0,0.0,0.0,0.0,0.0,0.0,3950000.0,0.0,-1360000.0,240000.0,1600000.0,32810000.0,-18350000.0,14460000.0,,
1999-10-31,SHLO,,,Q4,4090000.0,4730000.0,6820000.0,0.0,-22700000.000000004,-18400000.0,1100000.0,-2900000.0,0.0,429999.99999999994,-6630000.000000001,0.0,0.0,0.0,0.0,0.0,-13759999.999999998,0.0,0.0,0.0,0.0,0.0,16010000.0,0.0,-4380000.0,1620000.0,6000000.0,-6630000.000000001,-13800000.000000004,-20430000.000000004,,
1999-07-31,SHLO,,,Q3,4140000.0,4650000.0,0.0,0.0,2510000.0,3900000.0,-7000000.0,-10100000.0,0.0,-149999.9999999999,11140000.0,0.0,0.0,0.0,0.0,0.0,-13900000.000000002,0.0,0.0,0.0,0.0,0.0,3149999.9999999986,0.0,379999.9999999999,5980000.0,5600000.0,11140000.0,-14059999.999999998,-2919999.999999999,,
1999-04-30,SHLO,,,Q2,4010000.0,4400000.0,0.0,0.0,-1849999.9999999995,-6400000.0,2900000.0,5700000.0,0.0,-590000.0000000001,5990000.0,0.0,0.0,0.0,0.0,0.0,-1269999.9999999995,0.0,0.0,0.0,0.0,0.0,-2399999.9999999986,0.0,2329999.9999999995,5530000.0,3200000.0,5990000.0,-12509999.999999998,-6519999.999999998,,
1999-01-31,SHLO,,,Q1,2030000.0,4520000.0,0.0,0.0,-4420000.0,-12000000.0,700000.0,-7500000.0,0.0,-220000.0,1900000.0,0.0,0.0,0.0,0.0,0.0,-18040000.0,0.0,0.0,0.0,0.0,0.0,18740000.0,0.0,2600000.0,3200000.0,600000.0,1900000.0,-18050000.0,-16150000.0,,
1998-10-31,SHLO,,,Q4,1789999.999999999,4189999.9999999995,4340000.0,0.0,-15240000.000000002,-11000000.0,-4300000.0,-900000.0,0.0,-200000.0,-5110000.000000003,0.0,0.0,0.0,0.0,0.0,-12000000.000000007,0.0,0.0,0.0,0.0,0.0,16459999.999999996,0.0,-640000.0000000001,659999.9999999999,1300000.0,-5110000.000000003,-12040000.0,-17150000.000000004,,
1998-07-31,SHLO,,,Q3,2990000.0,3790000.0,0.0,0.0,5890000.000000001,15900000.0,-11100000.0,-1400000.0,0.0,-60000.0,12600000.000000006,0.0,0.0,0.0,0.0,0.0,-14670000.000000002,0.0,0.0,320000.0,0.0,0.0,2320000.0000000005,0.0,230000.0000000001,1230000.0,1000000.0,12600000.000000006,-14700000.000000004,-2099999.999999998,,
1998-04-30,SHLO,,,Q2,5830000.0,3740000.0,0.0,0.0,6720000.0,1900000.0,1300000.0,-3700000.0,0.0,-210000.00000000003,16080000.0,0.0,0.0,0.0,0.0,0.0,-19299999.999999996,0.0,0.0,340000.0,0.0,0.0,3239999.9999999986,0.0,40000.00000000004,1040000.0,1000000.0,16080000.0,-19299999.999999996,-3219999.999999997,,
1998-01-31,SHLO,,,Q1,4930000.0,3550000.0,0.0,0.0,-3900000.0,-3400000.0,400000.0,3100000.0,0.0,80000.0,4660000.0,0.0,0.0,0.0,0.0,0.0,-21930000.0,0.0,0.0,0.0,0.0,0.0,18100000.0,0.0,820000.0,1020000.0,200000.0,4660000.0,-21930000.0,-17270000.0,,
1997-10-31,SHLO,,,Q4,5470000.000000001,3200000.0,2810000.0,0.0,-3040000.0,-9000000.0,-1300000.0,-4700000.0,0.0,-100000.00000000003,8360000.0,0.0,0.0,0.0,0.0,0.0,-35700000.0,0.0,0.0,0.0,0.0,0.0,26400000.000000004,0.0,-950000.0000000001,149999.9999999999,1100000.0,8360000.0,-25290000.0,-16930000.0,,
1997-07-31,SHLO,,,Q3,4649999.999999999,2889999.9999999995,0.0,0.0,4660000.0,2700000.0,-2500000.0,-1700000.0,0.0,-109999.99999999999,12080000.0,0.0,0.0,0.0,0.0,0.0,-15160000.0,0.0,0.0,70000.0,0.0,0.0,1920000.0000000016,0.0,-1160000.0,1140000.0,2300000.0,12080000.0,-15040000.0,-2960000.0,,
1997-04-30,SHLO,,,Q2,5440000.0,2660000.0,0.0,0.0,-7130000.0,-400000.0,1500000.0,9000000.0,0.0,-99999.99999999999,860000.0000000012,0.0,0.0,0.0,0.0,0.0,-9250000.0,0.0,0.0,-70000.0,0.0,0.0,10680000.0,0.0,2300000.0,2300000.0,0.0,860000.0000000012,-8829999.999999998,-7969999.999999997,,
1997-01-31,SHLO,,,Q1,4530000.0,2260000.0,0.0,0.0,3380000.0,-10400000.0,-10200000.0,-13900000.0,0.0,-140000.0,10040000.0,0.0,0.0,0.0,0.0,0.0,-16590000.0,0.0,0.0,370000.0,0.0,0.0,4840000.0,0.0,-1720000.0,-20000.0,1700000.0,10040000.0,-14000000.0,-3960000.0,,
1996-10-31,SHLO,,,Q4,5830000.0,1790000.0,1290000.0,0.0,-7290000.0,-3000000.0,-2000000.0,-600000.0,0.0,-2929999.9999999995,-1320000.0000000002,0.0,0.0,0.0,0.0,0.0,-33070000.0,0.0,0.0,0.0,0.0,0.0,35160000.0,0.0,769999.9999999999,1770000.0,1000000.0,-1320000.0000000002,-10489999.999999998,-11809999.999999998,,
1996-07-31,SHLO,,,Q3,4140000.000000001,1819999.9999999998,0.0,0.0,2920000.0,1700000.0,-1200000.0,500000.0,0.0,-1020000.0000000014,7859999.999999999,0.0,0.0,0.0,0.0,0.0,950000.000000001,0.0,0.0,0.0,0.0,0.0,-7860000.0,0.0,950000.0000000002,950000.0000000002,0.0,7859999.999999999,-12249999.999999998,-4389999.999999999,,
1996-04-30,SHLO,,,Q2,-5650000.0,1780000.0,0.0,0.0,-4859999.999999999,-1400000.0,6600000.0,1100000.0,0.0,10800000.0,2069999.9999999993,0.0,0.0,0.0,0.0,0.0,-9850000.000000002,0.0,0.0,0.0,0.0,0.0,7250000.0,0.0,-530000.0,-30000.0,500000.0,2069999.9999999993,-9850000.000000002,-7780000.000000002,,
1996-01-31,SHLO,,,Q1,3360000.0,1780000.0,0.0,0.0,4140000.0,1500000.0,-1000000.0,-2100000.0,0.0,-1330000.0,7950000.0,0.0,0.0,0.0,0.0,0.0,-4890000.0,0.0,0.0,0.0,0.0,0.0,-4920000.0,0.0,-1860000.0,540000.0,2400000.0,7950000.0,-4890000.0,3060000.0,,
1995-10-31,SHLO,,,Q4,4789999.999999999,1689999.9999999995,-49999.99999999993,0.0,1320000.0000000002,-7200000.0,7400000.0,2000000.0,0.0,-1510000.0,6240000.000000002,0.0,0.0,0.0,0.0,0.0,-4730000.0,0.0,0.0,0.0,0.0,0.0,-740000.0000000001,0.0,770000.0,1770000.0,1000000.0,6240000.000000002,-5020000.0,1220000.000000002,,
1995-07-31,SHLO,,,Q3,3020000.0000000005,1720000.0000000002,0.0,0.0,2210000.0,7500000.0,-600000.0,4100000.0,0.0,510000.0,7469999.999999999,0.0,0.0,0.0,0.0,0.0,-7319999.999999998,0.0,0.0,70000.0,0.0,0.0,660000.0000000001,0.0,809999.9999999999,1510000.0,700000.0,7469999.999999999,-7320000.0,149999.999999999,,
1995-04-30,SHLO,,,Q2,3880000.0,1020000.0,360000.0,0.0,1930000.0,-3500000.0,-1800000.0,-6000000.0,0.0,210000.0,7400000.0,0.0,0.0,0.0,0.0,0.0,-8690000.0,0.0,0.0,130000.0,0.0,0.0,669999.9999999999,0.0,-620000.0,780000.0,1400000.0,7400000.0,-8690000.0,-1290000.0,,
1995-01-31,SHLO,,,Q1,2490000.0,2040000.0,370000.0,0.0,-550000.0,0.0,-2900000.0,-500000.0,0.0,10000.0,4350000.0,0.0,0.0,0.0,0.0,0.0,-4480000.0,0.0,0.0,0.0,0.0,0.0,40000.0,0.0,-90000.0,1410000.0,1500000.0,4350000.0,-4490000.0,-140000.0,,
1994-10-31,SHLO,,,Q4,3060000.0000000005,349999.99999999965,-310000.00000000006,0.0,1140000.0,-1600000.0,5700000.0,6100000.0,0.0,1540000.0,5760000.0,0.0,0.0,0.0,0.0,0.0,-4450000.000000001,0.0,0.0,49999.99999999999,0.0,0.0,-910000.0000000001,0.0,410000.0000000001,1510000.0000000002,1100000.0,5760000.0,-4500000.0,1260000.0,,
1994-07-31,SHLO,,,Q3,2380000.0,1960000.0,170000.00000000003,0.0,100000.00000000009,1500000.0,-5200000.0,-5400000.0,0.0,0.0,4620000.0,0.0,0.0,0.0,0.0,0.0,-2069999.9999999993,0.0,0.0,120000.0,0.0,0.0,-2850000.0,0.0,-300000.00000000006,1100000.0,1400000.0,4620000.0,-2080000.0,2540000.0,,
1994-04-30,SHLO,,,Q2,2199999.9999999995,1940000.0,180000.0,0.0,-2380000.0,-3300000.0,900000.0,1300000.0,0.0,49999.99999999999,1980000.0,0.0,0.0,0.0,0.0,0.0,-990000.0000000002,0.0,0.0,0.0,0.0,0.0,-2460000.0,0.0,-1460000.0,1440000.0,2900000.0,1980000.0,-1040000.0,940000.0,,
1994-01-31,SHLO,,,Q1,850000.0,1810000.0,180000.0,0.0,-560000.0,6800000.0,-7800000.0,-2500000.0,0.0,280000.0,2570000.0,0.0,0.0,0.0,0.0,0.0,-5200000.0,0.0,0.0,200000.0,0.0,0.0,2540000.0,0.0,-100000.0,2900000.0,3000000.0,2570000.0,-5200000.0,-2630000.0,,
1993-10-31,SHLO,,,Q4,2149999.9999999995,1650000.0000000005,630000.0,0.0,-3470000.0,-6700000.0,3500000.0,700000.0,0.0,0.0,960000.0000000009,0.0,0.0,0.0,0.0,0.0,-1880000.0000000007,0.0,0.0,-9999.99999999801,0.0,0.0,2889999.9999999995,0.0,1970000.0,2970000.0,1000000.0,960000.0000000009,-2380000.000000001,-1420000.0,,
1993-07-31,SHLO,,,Q3,2139999.9999999995,1630000.0,130000.0,0.0,159999.99999999997,1500000.0,-500000.0,1400000.0,0.0,0.0,4079999.999999999,0.0,0.0,0.0,0.0,0.0,-6980000.0,0.0,0.0,37790000.0,0.0,0.0,1800000.0,0.0,-1100000.0,1000000.0,2100000.0,4079999.999999999,-4930000.0,-850000.000000001,,
1993-04-30,SHLO,,,Q2,2890000.0000000005,1600000.0,160000.0,0.0,-1640000.0,0.0,0.0,0.0,0.0,-50000.0,2930000.0000000005,0.0,0.0,0.0,0.0,0.0,-2559999.9999999995,0.0,0.0,0.0,0.0,0.0,1639999.9999999998,0.0,2010000.0,2010000.0,0.0,2930000.0000000005,-2679999.9999999995,250000.0000000009,,
1993-01-31,SHLO,,,Q1,1680000.0,1570000.0,-20000.0,0.0,1720000.0,0.0,0.0,0.0,0.0,50000.0,5010000.0,0.0,0.0,0.0,0.0,0.0,-2460000.0,0.0,0.0,0.0,0.0,0.0,-4430000.0,0.0,-1880000.0,10380000.0,12260000.0,5010000.0,-3240000.0,1770000.0,,
1992-10-31,SHLO,,,Q4,1750000.0,1630000.0,80000.00000000001,0.0,-3180000.0,0.0,0.0,0.0,0.0,140000.0,429999.9999999997,0.0,0.0,0.0,0.0,0.0,-2159999.9999999967,0.0,0.0,0.0,-30000.0,0.0,1849999.9999999944,0.0,109999.99999999988,12370000.0,12260000.0,429999.9999999997,-3390000.0000000005,-2960000.000000001,,
1992-07-31,SHLO,,,Q3,1850000.0,1340000.0,100000.0,0.0,3369999.9999999995,0.0,0.0,0.0,0.0,30000.0,6670000.0,0.0,0.0,0.0,0.0,0.0,-31880000.000000004,0.0,0.0,0.0,0.0,0.0,26230000.000000004,0.0,1040000.0,13300000.0,12260000.0,6670000.0,-3439999.9999999995,3230000.0000000005,,
1992-04-30,SHLO,,,Q2,3390000.0,2120000.0,150000.0,0.0,-4350000.0,0.0,0.0,0.0,0.0,30000.0,1350000.0,0.0,0.0,0.0,0.0,0.0,-8750000.0,0.0,0.0,0.0,0.0,0.0,7650000.0,0.0,240000.0,12500000.0,12260000.0,1350000.0,-8750000.0,-7400000.0,,
