date,symbol,fillingDate,acceptedDate,period,netIncome,depreciationAndAmortization,deferredIncomeTax,stockBasedCompensation,changeInWorkingCapital,accountsReceivables,inventory,accountsPayables,otherWorkingCapital,otherNonCashItems,netCashProvidedByOperatingActivities,investmentsInPropertyPlantAndEquipment,acquisitionsNet,purchasesOfInvestments,salesMaturitiesOfInvestments,otherInvestingActivites,netCashUsedForInvestingActivites,debtRepayment,commonStockIssued,commonStockRepurchased,dividendsPaid,otherFinancingActivites,netCashUsedProvidedByFinancingActivities,effectOfForexChangesOnCash,netChangeInCash,cashAtEndOfPeriod,cashAtBeginningOfPeriod,operatingCashFlow,capitalExpenditure,freeCashFlow,link,finalLink
2020-06-30,XAIR,2020-08-06 00:00:00,2020-08-06 17:27:52,Q1,-6741800.0,43170.0,0.0,1815654.0,-650350.0,0.0,0.0,-335893.0,21714238.0,1863520.0,-5485470.0,-243527.0,0.0,0.0,0.0,0.0,-243530.0,-125779.0,899541.0,4834880.0,0.0,27744236.0,4709100.0,0.0,-1019890.0,18809390.0,19829280.0,-5485470.0,-243530.0,-5729000.0,https://www.sec.gov/Archives/edgar/data/1641631/000149315220014898/0001493152-20-014898-index.htm,https://www.sec.gov/Archives/edgar/data/1641631/000149315220014898/form10-q.htm
2020-03-31,XAIR,2020-06-23,2020-06-23 17:21:25,Q4,-5268329.999999999,102389.99999999999,0.0,1008141.0,-818100.0,0.0,0.0,242298.0,21810234.0,1197330.0,-4859430.0,-15383.0,0.0,-4349551.0,16823536.0,0.0,12458600.0,-40202.0,-1506994.0,9824660.000000002,0.0,34325721.0,15089410.0,0.0,22688580.0,24828740.0,2140160.0,-4859430.0,-15380.000000000002,-4874810.0,https://www.sec.gov/Archives/edgar/data/1641631/000149315220011662/form10-k.htm,https://www.sec.gov/Archives/edgar/data/1641631/000149315220011662/form10-k.htm
2019-12-31,XAIR,2020-02-07 00:00:00,2020-02-07 17:01:14,Q3,-4395610.0,32709.999999999996,0.0,733474.0,-829010.0,0.0,0.0,-90392.0,11383238.0,434639.9999999999,-4757260.000000001,-10512.0,0.0,-21113978.0,16214722.0,0.0,-4909770.000000001,-88582.0,0.0,10177510.0,0.0,10422284.0,10088930.0,0.0,421899.99999999994,2317290.0,1895390.0,-4757260.000000001,-10510.000000000002,-4767770.000000001,https://www.sec.gov/Archives/edgar/data/1641631/000149315220001805/0001493152-20-001805-index.html,https://www.sec.gov/Archives/edgar/data/1641631/000149315220001805/form10q.htm
2019-09-30,XAIR,2019-11-06 00:00:00,2019-11-06 17:01:25,Q2,-4097740.000000001,6070.000000000006,0.0,894497.0,585959.9999999999,0.0,0.0,551321.0,4858276.0,782270.0,-2723449.9999999995,-14624.0,0.0,4602305.0,-938080.0,0.0,3649600.0000000005,-58656.0,808184.0,834109.999999999,0.0,1285121.0,775449.9999999993,0.0,1701610.0,2337800.0,636190.0,-2723449.9999999995,-14629.999999999998,-2738079.9999999995,https://www.sec.gov/Archives/edgar/data/1641631/000149315219016559/0001493152-19-016559-index.html,https://www.sec.gov/Archives/edgar/data/1641631/000149315219016559/form10-q.htm
2019-06-30,XAIR,2019-08-14,2019-08-14 16:46:36,Q1,-6180820.0,90950.0,0.0,941537.0,-68900.0,0.0,0.0,388330.0,7193924.0,3248860.0,-2909910.0,-3112.0,0.0,-16459011.0,9687121.0,0.0,-6775000.0,-116366.0,1173810.0,9097160.0,0.0,8559545.0,8980800.0,0.0,-704120.0,636080.0,1340200.0,-2909910.0,-3110.0,-2913020.0,https://www.sec.gov/Archives/edgar/data/1641631/000149315219012600/form10-q.htm,https://www.sec.gov/Archives/edgar/data/1641631/000149315219012600/form10-q.htm
2019-03-31,XAIR,2019-06-28,2019-06-27 18:48:50,Q4,-57919.9999999993,18570.000000000004,0.0,705422.0,3136050.0,0.0,0.0,330403.0,3285005.0,3992680.0000000005,7089370.0,-4216.0,0.0,-12222774.0,4754828.0,200000.0,-7272159.999999999,-28646.0,772015.0,780720.0,0.0,1161454.0,1044320.0000000001,0.0,861520.0000000001,1341220.0,479700.0,7089370.0,-4220.000000000002,7085150.0,https://www.sec.gov/Archives/edgar/data/1641631/000149315219009826/form10-k.htm,https://www.sec.gov/Archives/edgar/data/1641631/000149315219009826/form10-k.htm
2018-12-31,XAIR,2019-02-14 00:00:00,2019-02-14 16:31:19,Q3,-2390530.0,16220.0,0.0,771899.0,-62520.00000000013,0.0,0.0,-27770.0,1701596.0,798509.9999999999,-1638319.9999999993,-18259.0,0.0,61000.0,1914782.0,-200000.0,1758519.9999999993,0.0,46170.0,47170.00000000001,0.0,163700.0,47170.00000000001,0.0,167379.99999999997,487379.99999999994,320000.0,-1638319.9999999993,-12260.0,-1650579.9999999993,https://www.sec.gov/Archives/edgar/data/1641631/000149315219002083/0001493152-19-002083-index.html,https://www.sec.gov/Archives/edgar/data/1641631/000149315219002083/form10-q.htm
2018-09-30,XAIR,2018-11-14 00:00:00,2018-11-14 17:10:14,Q2,-1110000.0000000002,19999.999999999996,0.0,842000.0,-259999.9999999999,57000.0,0.0,107000.0,3763000.0,-450000.00000000006,-1810000.0000000005,-34000.0,0.0,-28000.0,1816000.0,0.0,1750000.0000000002,0.0,-19000.0,-20000.0,0.0,-70000.0,-20000.0,0.0,-69999.99999999996,320000.00000000006,390000.0,-1810000.0000000005,-40000.0,-1850000.0000000005,https://www.sec.gov/Archives/edgar/data/1641631/000149315218016188/0001493152-18-016188-index.html,https://www.sec.gov/Archives/edgar/data/1641631/000149315218016188/form10-q.htm
2018-06-30,XAIR,2018-08-14 00:00:00,2018-08-14 08:02:06,Q1,-3000000.0,10000.0,0.0,80000.0,-680000.0,-57000.0,0.0,-87000.0,5345000.0,1360000.0,-2300000.0,0.0,0.0,-33000.0,2000000.0,0.0,1970000.0,0.0,0.0,0.0,0.0,386000.0,0.0,0.0,-340000.0,390000.0,730000.0,-2300000.0,0.0,-2300000.0,https://www.sec.gov/Archives/edgar/data/1641631/000149315218011616/0001493152-18-011616-index.html,https://www.sec.gov/Archives/edgar/data/1641631/000149315218011616/form10-q.htm
2018-03-31,XAIR,,,Q4,1050000.0,20000.0,0.0,0.0,540000.0,0.0,0.0,-170000.0,0.0,-3350000.0,-1750000.0,0.0,0.0,0.0,0.0,0.0,-7700000.0,0.0,0.0,8980000.0,0.0,0.0,8980000.0,0.0,-470000.0,730000.0,1200000.0,-1750000.0,0.0,-1750000.0,,
2017-12-31,XAIR,2018-06-15,2018-06-15 13:14:21,Q3,-1730000.0000000005,20000.0,0.0,222000.0,340000.0,5000.0,0.0,267000.0,526000.0,-419999.99999999994,-1810000.0000000005,108000.0,0.0,0.0,1396000.0,-250000.0,1250000.0,0.0,0.0,9999.999999999787,0.0,1000.0,0.0,0.0,-560000.0,1190000.0,1750000.0,-1810000.0000000005,-130000.0,-1940000.0000000005,https://www.sec.gov/Archives/edgar/data/1641631/000149315218008764/form10-kt.htm,https://www.sec.gov/Archives/edgar/data/1641631/000149315218008764/form10-kt.htm
2017-09-30,XAIR,2017-11-03 00:00:00,2017-11-03 12:07:22,Q2,-7149999.999999999,0.0,0.0,465000.0,189999.99999999994,74000.0,0.0,-38000.0,2745000.0,5550000.0,-1399999.9999999995,-37000.0,0.0,-2000000.0,0.0,0.0,-2030000.0,0.0,0.0,0.0,0.0,0.0,0.0,0.0,-3429999.9999999995,1760000.0000000002,5190000.0,-1399999.9999999995,-39999.99999999999,-1439999.9999999995,https://www.sec.gov/Archives/edgar/data/1641631/000117891317002998/0001178913-17-002998-index.html,https://www.sec.gov/Archives/edgar/data/1641631/000117891317002998/zk1720673.htm
2017-06-30,XAIR,2017-08-11 00:00:00,2017-08-11 11:56:49,Q1,-2880000.0,10000.0,0.0,1821000.0,-500000.0,-11000.0,0.0,-108000.0,4431000.0,1670000.0,-1700000.0000000002,-46000.0,0.0,0.0,0.0,0.0,-49999.99999999999,-177000.0,0.0,0.0,0.0,-28000.0,-209999.99999999907,0.0,-1950000.0000000002,5190000.0,7140000.0,-1700000.0000000002,-40000.00000000001,-1740000.0000000002,https://www.sec.gov/Archives/edgar/data/1641631/000117891317002381/0001178913-17-002381-index.html,https://www.sec.gov/Archives/edgar/data/1641631/000117891317002381/zk1720383.htm
2017-03-31,XAIR,2017-05-15 00:00:00,2017-05-15 16:46:17,Q4,-6280000.0,10000.0,0.0,1877000.0,-490000.0,-99000.0,0.0,20000.0,5678000.0,4550000.0,-2210000.0,-25000.0,0.0,-25000.0,0.0,-270000.0,-320000.0,-241000.0,9889000.0,9860000.0,0.0,9932000.0,9670000.0,0.0,7130000.0,7140000.0,10000.0,-2210000.0,-30000.0,-2240000.0,https://www.sec.gov/Archives/edgar/data/1641631/000117891317001480/0001178913-17-001480-index.html,https://www.sec.gov/Archives/edgar/data/1641631/000117891317001480/zk1719951.htm
2016-12-31,XAIR,2017-03-31,2017-03-31 14:25:43,Q3,-60000.00000000001,0.0,0.0,-227451000.0,60000.00000000001,49187000.0,15631000.0,-330284044.0,-73546.0,0.0,0.0,271742000.0,0.0,553858000.0,0.0,29237000.0,0.0,798400.0,0.0,0.0,0.0,-787309759.0,-10000.0,0.0,-10000.0,-10000.0,0.0,0.0,0.0,0.0,https://www.sec.gov/Archives/edgar/data/1641631/000147793217001466/att_10k.htm,https://www.sec.gov/Archives/edgar/data/1641631/000147793217001466/att_10k.htm
2016-09-30,XAIR,2016-11-14 00:00:00,2016-11-14 14:02:48,Q2,-10000.0,0.0,0.0,0.0,10000.0,0.0,0.0,5707000.0,-34298000.0,0.0,0.0,0.0,0.0,0.0,0.0,0.0,0.0,0.0,0.0,0.0,0.0,0.0,0.0,0.0,0.0,10000.0,10000.0,0.0,0.0,0.0,https://www.sec.gov/Archives/edgar/data/1641631/000107878216003766/0001078782-16-003766-index.html,https://www.sec.gov/Archives/edgar/data/1641631/000107878216003766/f10q093016_10q.htm
2016-06-30,XAIR,2016-10-13,2016-10-13 13:47:40,Q1,-19999.999999999996,0.0,0.0,0.0,0.0,0.0,0.0,634000.0,-25160000.0,0.0,-19999.999999999996,0.0,0.0,0.0,0.0,0.0,0.0,0.0,0.0,20000.0,0.0,0.0,20000.0,0.0,0.0,0.0,0.0,-19999.999999999996,0.0,-19999.999999999996,https://www.sec.gov/Archives/edgar/data/1641631/000107878216003604/f10k063016_10k.htm,https://www.sec.gov/Archives/edgar/data/1641631/000107878216003604/f10k063016_10k.htm
2016-03-31,XAIR,2016-05-12 00:00:00,2016-05-12 15:44:56,Q4,0.0,0.0,0.0,0.0,0.0,0.0,0.0,0.0,3020000.0,0.0,0.0,0.0,0.0,0.0,0.0,0.0,0.0,0.0,0.0,0.0,0.0,0.0,0.0,0.0,0.0,10000.0,10000.0,0.0,0.0,0.0,https://www.sec.gov/Archives/edgar/data/1641631/000107878216002784/0001078782-16-002784-index.html,https://www.sec.gov/Archives/edgar/data/1641631/000107878216002784/f10q033116_10q.htm
2015-12-31,XAIR,2016-02-23 00:00:00,2016-02-23 13:19:10,Q3,-10000.0,0.0,0.0,0.0,0.0,0.0,0.0,0.0,0.0,0.0,-10000.0,0.0,0.0,0.0,0.0,0.0,0.0,0.0,0.0,0.0,0.0,0.0,0.0,0.0,-10000.0,-10000.0,0.0,-10000.0,0.0,-10000.0,https://www.sec.gov/Archives/edgar/data/1641631/000107878216002362/0001078782-16-002362-index.html,https://www.sec.gov/Archives/edgar/data/1641631/000107878216002362/f10q123115_10q.htm
