date,symbol,fillingDate,acceptedDate,period,netIncome,depreciationAndAmortization,deferredIncomeTax,stockBasedCompensation,changeInWorkingCapital,accountsReceivables,inventory,accountsPayables,otherWorkingCapital,otherNonCashItems,netCashProvidedByOperatingActivities,investmentsInPropertyPlantAndEquipment,acquisitionsNet,purchasesOfInvestments,salesMaturitiesOfInvestments,otherInvestingActivites,netCashUsedForInvestingActivites,debtRepayment,commonStockIssued,commonStockRepurchased,dividendsPaid,otherFinancingActivites,netCashUsedProvidedByFinancingActivities,effectOfForexChangesOnCash,netChangeInCash,cashAtEndOfPeriod,cashAtBeginningOfPeriod,operatingCashFlow,capitalExpenditure,freeCashFlow,link,finalLink
2020-06-30,XAN,2020-08-10 00:00:00,2020-08-10 16:00:00,Q2,-33400000.000000007,1747000.0000000002,0.0,0.0,-599000.0000000002,0.0,0.0,904000.0,0.0,44027999.99999999,11776000.0,0.0,0.0,0.0,0.0,0.0,80024000.0,0.0,0.0,0.0,0.0,0.0,-129245000.0,0.0,-37445000.0,5307000.0,42752000.0,11776000.0,0.0,11776000.0,https://www.sec.gov/Archives/edgar/data/1332551/000156459020038891/0001564590-20-038891-index.htm,https://www.sec.gov/Archives/edgar/data/1332551/000156459020038891/xan-10q_20200630.htm
2020-03-31,XAN,2020-05-11 00:00:00,2020-05-11 16:43:06,Q1,-196521000.0,747000.0,0.0,498000.0,-7686000.0,0.0,0.0,0.0,38404000.0,205798000.0,2338000.0,0.0,0.0,-24610000.0,0.0,0.0,-62734000.0,-5642000.0,0.0,0.0,-11355000.0,0.0,74065000.0,0.0,13669000.0,93627000.0,79958000.0,2338000.0,0.0,2338000.0,https://www.sec.gov/Archives/edgar/data/1332551/000156459020024285/0001564590-20-024285-index.html,https://www.sec.gov/Archives/edgar/data/1332551/000156459020024285/xan-10q_20200331.htm
2019-12-31,XAN,2020-03-10,2020-03-09 20:19:34,Q4,6385000.000000002,1515000.0,0.0,566000.0,3183000.0,353000.0,0.0,-4160000.0,605306000.0,3807000.0,14889999.999999996,0.0,0.0,-72361000.0,22879000.0,89915000.0,40432999.99999999,-124947000.0,0.0,0.0,-10555000.0,132798000.0,-28788999.99999999,0.0,26534000.000000004,77820000.0,51286000.0,14889999.999999996,0.0,14889999.999999996,https://www.sec.gov/Archives/edgar/data/1332551/000156459020009476/xan-10k_20191231.htm,https://www.sec.gov/Archives/edgar/data/1332551/000156459020009476/xan-10k_20191231.htm
2019-09-30,XAN,2019-11-06 00:00:00,2019-11-06 17:24:43,Q3,12556999.999999998,591000.0,0.0,552000.0,-1936000.0,0.0,0.0,0.0,528552000.0,-426000.0000000002,10786000.000000002,0.0,0.0,-35543000.0,9413000.0,83000000.0,56870000.00000001,-120904000.0,0.0,0.0,-9759000.0,71235000.0,-60971999.99999998,0.0,6684000.000000001,53838000.0,47154000.0,10786000.000000002,0.0,10786000.000000002,https://www.sec.gov/Archives/edgar/data/1332551/000156459019041140/0001564590-19-041140-index.html,https://www.sec.gov/Archives/edgar/data/1332551/000156459019041140/xan-10q_20190930.htm
2019-06-30,XAN,2019-08-07 00:00:00,2019-08-07 16:38:51,Q2,8891000.000000002,847000.0,0.0,412000.0,1825000.0000000002,0.0,0.0,0.0,496695000.0,2099000.0,13661999.999999998,0.0,0.0,-11327000.0,12546000.0,-319677000.0,-318457999.99999994,-559358000.0,0.0,0.0,-8960000.0,860092000.0,302866999.99999994,0.0,-1929000.000000002,53731000.0,55660000.0,13661999.999999998,0.0,13661999.999999998,https://www.sec.gov/Archives/edgar/data/1332551/000156459019030139/0001564590-19-030139-index.html,https://www.sec.gov/Archives/edgar/data/1332551/000156459019030139/xan-10q_20190630.htm
2019-03-31,XAN,2019-05-09 00:00:00,2019-05-08 17:51:30,Q1,8133000.0,446000.0,0.0,683000.0,-6287000.0,0.0,0.0,0.0,500625000.0,1703000.0,3995000.0,0.0,0.0,-27396000.0,12095000.0,-76611000.0,-91912000.0,-42125000.0,0.0,0.0,-8128000.0,158913000.0,55588000.0,0.0,-32329000.0,50487000.0,82816000.0,3995000.0,0.0,3995000.0,https://www.sec.gov/Archives/edgar/data/1332551/000156459019017364/0001564590-19-017364-index.html,https://www.sec.gov/Archives/edgar/data/1332551/000156459019017364/xan-10q_20190331.htm
2018-12-31,XAN,2019-03-11,2019-03-08 18:06:57,Q4,9954000.0,0.0,0.0,334000.0,3995999.9999999995,0.0,0.0,52000.0,502462000.0,3047000.0000000005,16970000.0,0.0,0.0,-93457000.0,18763000.0,-23989000.0,-98683000.00000001,-70484000.0,0.0,0.0,-7335999.999999998,149734000.0,122554000.0,0.0,40840999.99999999,88894000.0,48053000.0,16970000.0,0.0,16970000.0,https://www.sec.gov/Archives/edgar/data/1332551/000156459019007054/xan-10k_20181231.htm,https://www.sec.gov/Archives/edgar/data/1332551/000156459019007054/xan-10k_20181231.htm
2018-09-30,XAN,2018-11-07 00:00:00,2018-11-07 15:23:00,Q3,8672999.999999998,0.0,0.0,757000.0,-1615999.9999999998,0.0,0.0,0.0,395504000.0,1880999.9999999993,8838000.000000002,0.0,0.0,-35245000.0,5610000.0,-109305000.0,-138947000.0,122197000.0,0.0,-8999.99999998613,-5789000.000000002,145644000.0,94378000.0,0.0,-35631000.0,44569000.0,80200000.0,8838000.000000002,0.0,8838000.000000002,https://www.sec.gov/Archives/edgar/data/1332551/000133255118000046/0001332551-18-000046-index.html,https://www.sec.gov/Archives/edgar/data/1332551/000133255118000046/a201893010qxan.htm
2018-06-30,XAN,2018-08-08 00:00:00,2018-08-07 19:36:29,Q2,8700000.000000002,0.0,0.0,659000.0,1200000.0000000002,0.0,0.0,0.0,102013000.0,799999.9999999998,10799999.999999998,0.0,0.0,-113855000.0,5191000.0,35318000.0,-73300000.0,149819000.0,0.0,0.0,-4100000.0,92398000.0,90900000.0,0.0,28200000.00000002,89700000.00000001,61500000.0,10799999.999999998,0.0,10799999.999999998,https://www.sec.gov/Archives/edgar/data/1332551/000133255118000034/0001332551-18-000034-index.html,https://www.sec.gov/Archives/edgar/data/1332551/000133255118000034/a201863010qxan.htm
2018-03-31,XAN,2018-05-10 00:00:00,2018-05-09 21:17:58,Q1,100000.0,0.0,0.0,967000.0,5100000.0,0.0,0.0,0.0,312537000.0,6400000.0,11600000.0,0.0,0.0,-43284000.0,3572000.0,-39833000.0,-36300000.0,127456000.0,0.0,-165400000.0,-9100000.0,-116092000.0,-117700000.0,0.0,-142300000.0,39200000.0,181500000.0,11600000.0,0.0,11600000.0,https://www.sec.gov/Archives/edgar/data/1332551/000133255118000016/0001332551-18-000016-index.html,https://www.sec.gov/Archives/edgar/data/1332551/000133255118000016/a201833110qrso.htm
2017-12-31,XAN,2018-03-16,2018-03-15 21:37:05,Q4,-2400000.0000000056,0.0,4800000.0,321000.0,199999.9999999993,170000.0,0.0,750000.0,394393000.0,15000000.0,17700000.00000002,0.0,0.0,4493000.0,22936000.0,-122222000.0,-91300000.0,618789000.0,0.0,0.0,-7600000.000000001,-18027000.0,-19599999.999999993,0.0,-93199999.99999999,189800000.0,283000000.0,17700000.00000002,0.0,17700000.00000002,https://www.sec.gov/Archives/edgar/data/1332551/000133255118000009/a20171231-rso10k.htm,https://www.sec.gov/Archives/edgar/data/1332551/000133255118000009/a20171231-rso10k.htm
2017-09-30,XAN,2017-11-09 00:00:00,2017-11-09 12:19:57,Q3,18700000.000000004,0.0,0.0,895000.0,4500000.0,0.0,0.0,0.0,474176000.0,141000000.0,164100000.0,0.0,-5000.0,82000.0,16120000.0,22281000.0,50800000.0,-108690000.0,31000.0,0.0,-7600000.0,88815000.0,-21400000.000000007,0.0,193500000.0,296200000.0,102700000.0,164100000.0,0.0,164100000.0,https://www.sec.gov/Archives/edgar/data/1332551/000133255117000031/0001332551-17-000031-index.html,https://www.sec.gov/Archives/edgar/data/1332551/000133255117000031/a201793010qrso.htm
2017-06-30,XAN,2017-08-08 00:00:00,2017-08-07 20:22:48,Q2,7800000.000000001,0.0,0.0,734000.0,-2900000.0,0.0,0.0,0.0,222674000.0,-33800000.0,-28800000.000000004,0.0,-2279000.0,-8000.0,10140000.0,53802000.0,61500000.0,151555000.0,-31000.0,0.0,-7500000.0,-88236000.0,-89799999.99999999,0.0,-57100000.0,100700000.0,157800000.0,-28800000.000000004,0.0,-28800000.000000004,https://www.sec.gov/Archives/edgar/data/1332551/000133255117000025/0001332551-17-000025-index.html,https://www.sec.gov/Archives/edgar/data/1332551/000133255117000025/a201763010qrso.htm
2017-03-31,XAN,2017-05-10 00:00:00,2017-05-10 13:55:41,Q1,9200000.0,0.0,0.0,788000.0,6800000.0,0.0,0.0,0.0,280013000.0,53500000.0,69400000.0,0.0,2279000.0,-74000.0,7519000.0,33761000.0,41200000.0,116159000.0,0.0,-100000.0,-7600000.0,-67276000.0,-68900000.0,0.0,41700000.0,157700000.0,116000000.0,69400000.0,0.0,69400000.0,https://www.sec.gov/Archives/edgar/data/1332551/000133255117000017/0001332551-17-000017-index.html,https://www.sec.gov/Archives/edgar/data/1332551/000133255117000017/a20173310qrso.htm
2016-12-31,XAN,2017-03-16,2017-03-15 20:30:38,Q4,-16100000.0,0.0,3300000.000000001,-3753000.0,-2500000.0,738000.0,0.0,447000.0,242918000.0,72199999.99999999,52400000.0,28000.0,-772000.0,-82000.0,63947000.0,-77029000.0,10399999.999999978,339636000.0,115000.0,-99999.99999999964,-19099999.999999993,-85502000.0,-98500000.0,0.0,-35599999.99999999,79000000.0,114600000.0,52400000.0,0.0,52400000.0,https://www.sec.gov/Archives/edgar/data/1332551/000133255117000008/a20161231-rso10k.htm,https://www.sec.gov/Archives/edgar/data/1332551/000133255117000008/a20161231-rso10k.htm
2016-09-30,XAN,2016-11-14 00:00:00,2016-11-14 17:23:44,Q3,-34300000.0,400000.00000000035,16300000.0,1766000.0,-19500000.0,0.0,0.0,0.0,344896000.0,12700000.000000004,-24400000.0,0.0,-19581000.0,-1484000.0,7028000.0,120236000.0,125800000.00000001,-1941000.0,40000.0,-1200000.000000001,-19000000.0,-37490000.0,-52000000.0,0.0,49400000.0,114600000.0,65200000.0,-24400000.0,0.0,-24400000.0,https://www.sec.gov/Archives/edgar/data/1332551/000133255116000071/0001332551-16-000071-index.html,https://www.sec.gov/Archives/edgar/data/1332551/000133255116000071/a2016930rso-10q.htm
2016-06-30,XAN,2016-08-09,2016-08-09 14:50:17,Q2,10900000.0,3399999.9999999995,0.0,1415000.0,11900000.0,0.0,0.0,0.0,316547000.0,-54900000.0,-28599999.999999996,-28000.0,11731000.0,-469000.0,13598000.0,60827000.0,74000000.00000001,28334000.0,35000.0,-699999.9999999993,-19200000.0,-66296000.0,-51600000.0,0.0,-6199999.999999999,65200000.0,71400000.0,-28599999.999999996,0.0,-28599999.999999996,https://www.sec.gov/Archives/edgar/data/1332551/000133255116000063/a2016630rso-10q.htm,https://www.sec.gov/Archives/edgar/data/1332551/000133255116000063/a2016630rso-10q.htm
2016-03-31,XAN,2016-05-10 00:00:00,2016-05-10 17:22:46,Q1,8900000.0,700000.0,0.0,1263000.0,8600000.0,0.0,0.0,0.0,370653000.0,-36400000.0,-18300000.0,0.0,8622000.0,-7445000.0,16229000.0,47563000.0,56300000.0,-28334000.0,33000.0,-10500000.0,-19300000.0,3600000.0,-45400000.0,0.0,-7400000.0,71400000.0,78800000.0,-18300000.0,0.0,-18300000.0,https://www.sec.gov/Archives/edgar/data/1332551/000133255116000057/0001332551-16-000057-index.html,https://www.sec.gov/Archives/edgar/data/1332551/000133255116000057/a2016331rso-10q.htm
2015-12-31,XAN,2016-03-10,2016-03-10 17:17:24,Q4,7199999.999999999,-299999.99999999895,-800000.0,1584000.0,-3599999.9999999995,1456000.0,0.0,2290000.0,289365000.0,33300000.0,35800000.0,-14000.0,3225000.0,-10496000.0,16141000.0,-41982000.0,-36300000.0,47241000.0,228000.0,-10500000.0,-26799999.999999996,-41779000.0,-25400000.0,0.0,-25900000.000000004,78800000.0,104700000.0,35800000.0,0.0,35800000.0,https://www.sec.gov/Archives/edgar/data/1332551/000133255116000052/rso-20151231x10k.htm,https://www.sec.gov/Archives/edgar/data/1332551/000133255116000052/rso-20151231x10k.htm
2015-09-30,XAN,2015-11-06 00:00:00,2015-11-06 17:10:50,Q3,14700000.0,6500000.0,200000.0,-225000.0,8500000.0,0.0,0.0,0.0,339030000.0,-19900000.0,10100000.000000002,228000.0,-15601000.0,-15428000.0,10000000.0,-22577000.0,-46599999.99999999,-84588000.0,34000.0,-15399999.999999998,-27500000.0,117643000.0,-3800000.000000001,0.0,-40300000.0,104700000.0,145000000.0,10100000.000000002,200000.0,10300000.000000002,https://www.sec.gov/Archives/edgar/data/1332551/000133255115000040/0001332551-15-000040-index.html,https://www.sec.gov/Archives/edgar/data/1332551/000133255115000040/rso-20150930x10q.htm
2015-06-30,XAN,2015-08-07 00:00:00,2015-08-07 15:48:50,Q2,-22700000.0,3899999.9999999995,-200000.0,791000.0,-12000000.0,0.0,0.0,0.0,394332000.0,106900000.0,75900000.0,-57000.0,-53410000.0,6727000.0,11959000.0,14968000.0,-18900000.0,-128477000.0,129000.0,100000.00000000009,-27600000.0,17589000.0,-129300000.0,0.0,-72400000.0,145000000.0,217400000.0,75900000.0,0.0,75900000.0,https://www.sec.gov/Archives/edgar/data/1332551/000133255115000026/0001332551-15-000026-index.html,https://www.sec.gov/Archives/edgar/data/1332551/000133255115000026/rso-20150630x10q.htm
2015-03-31,XAN,2015-05-11 00:00:00,2015-05-11 14:44:24,Q1,18000000.0,3700000.0,0.0,995000.0,-3900000.0,0.0,0.0,0.0,499469000.0,-69500000.0,-51800000.0,-171000.0,65786000.0,-5000.0,37860000.0,-59931000.0,42300000.0,-161713000.0,0.0,3100000.0,-32600000.0,338246000.0,146900000.0,0.0,137500000.0,217400000.0,79900000.0,-51800000.0,-200000.0,-52000000.0,https://www.sec.gov/Archives/edgar/data/1332551/000133255115000012/0001332551-15-000012-index.html,https://www.sec.gov/Archives/edgar/data/1332551/000133255115000012/rso-20150331x10q.htm
2014-12-31,XAN,2015-03-02,2015-03-02 17:30:44,Q4,12700000.000000004,299999.9999999998,-11200000.0,2069000.0,-9700000.0,-7295000.0,0.0,-3363000.0,126264000.0,-47800000.0,-55600000.0,-503000.0,-30433000.0,-6832000.0,15305000.0,-114364000.0,-141000000.0,301040000.0,0.0,18599999.999999993,-33700000.0,-317694000.0,113199999.99999999,0.0,-83400000.0,79900000.0,163300000.0,-55600000.0,300000.00000000006,-55300000.0,https://www.sec.gov/Archives/edgar/data/1332551/000133255115000005/rso-20141231x10k.htm,https://www.sec.gov/Archives/edgar/data/1332551/000133255115000005/rso-20141231x10k.htm
2014-09-30,XAN,2014-11-10 00:00:00,2014-11-10 15:50:46,Q3,14299999.999999996,600000.0000000001,0.0,798000.0,1100000.0,0.0,0.0,0.0,172005000.0,-40800000.0,-24200000.000000004,-30000.0,5776000.0,103339000.0,14974000.0,-57620000.0,-42700000.00000002,-148484000.0,0.0,14299999.999999983,-29400000.0,123001000.0,7899999.999999977,0.0,-59000000.0,163300000.0,222300000.0,-24200000.000000004,0.0,-24200000.000000004,https://www.sec.gov/Archives/edgar/data/1332551/000133255114000045/0001332551-14-000045-index.html,https://www.sec.gov/Archives/edgar/data/1332551/000133255114000045/rso-20140930x10q.htm
2014-06-30,XAN,2014-08-08 00:00:00,2014-08-08 13:26:13,Q2,17700000.000000004,1500000.0,-600000.0,2032000.0,-8200000.0,0.0,0.0,0.0,249474000.0,-14900000.0,-4899999.999999999,-63000.0,-8583000.0,-59018000.0,8449000.0,-99403000.0,-91000000.0,-92888000.0,0.0,147900000.0,-28400000.000000004,326360000.0,151400000.0,0.0,55599999.99999999,222300000.0,166700000.0,-4899999.999999999,-100000.00000000003,-4999999.999999999,https://www.sec.gov/Archives/edgar/data/1332551/000133255114000030/0001332551-14-000030-index.html,https://www.sec.gov/Archives/edgar/data/1332551/000133255114000030/rso-20140630x10q.htm
2014-03-31,XAN,2014-05-09 00:00:00,2014-05-09 15:49:35,Q1,17500000.0,800000.0,-100000.0,1667000.0,9600000.0,0.0,0.0,0.0,260249000.0,-8600000.0,19200000.0,-269000.0,9563000.0,-48321000.0,17325000.0,-135667000.0,-118600000.0,-59668000.0,0.0,15400000.0,-27700000.0,255749000.0,3900000.0,0.0,-95600000.0,166700000.0,262300000.0,19200000.0,-300000.0,18900000.0,https://www.sec.gov/Archives/edgar/data/1332551/000133255114000022/0001332551-14-000022-index.html,https://www.sec.gov/Archives/edgar/data/1332551/000133255114000022/rso-20140331x10q.htm
2013-12-31,XAN,2014-03-03,2014-03-03 16:41:31,Q4,1200000.0000000028,799999.9999999998,-7200000.0,2606000.0,-26500000.0,-1108000.0,0.0,-9106000.0,338879000.0,14500000.0,-17099999.999999993,-373000.0,-7613000.0,0.0,19802000.0,257238000.0,284500000.0,450437000.0,436000.0,5600000.000000023,-27500000.0,-460454000.0,-149600000.0,0.0,117800000.0,262300000.0,144500000.0,-17099999.999999993,-400000.0,-17499999.999999993,https://www.sec.gov/Archives/edgar/data/1332551/000133255114000009/rso-20131231x10k.htm,https://www.sec.gov/Archives/edgar/data/1332551/000133255114000009/rso-20131231x10k.htm
2013-09-30,XAN,2013-11-12 00:00:00,2013-11-12 06:13:36,Q3,24099999.999999996,900000.0000000001,600000.0,2120000.0,9800000.0,0.0,0.0,0.0,222302000.0,-15299999.999999998,20099999.999999993,0.0,0.0,84987000.0,12970000.0,107883000.0,118700000.00000001,-163475000.0,-114018000.0,3500000.0,-26300000.000000004,-1004000.0,-162600000.00000003,0.0,-23899999.99999999,144500000.0,168400000.0,20099999.999999993,-100000.0,19999999.999999993,https://www.sec.gov/Archives/edgar/data/1332551/000133255113000050/0001332551-13-000050-index.html,https://www.sec.gov/Archives/edgar/data/1332551/000133255113000050/rso-20130930x10q.htm
2013-06-30,XAN,2013-08-09 00:00:00,2013-08-09 15:08:03,Q2,8600000.0,1000000.0,0.0,2155000.0,7800000.000000001,0.0,0.0,0.0,253024000.0,6100000.0,23400000.000000004,0.0,0.0,-32739000.0,12096000.0,35118000.0,47199999.99999999,-428303000.0,114018000.0,134799999.99999997,-24200000.000000004,467799000.0,30000000.0,0.0,100699999.99999999,168400000.0,67700000.0,23400000.000000004,0.0,23400000.000000004,https://www.sec.gov/Archives/edgar/data/1332551/000133255113000038/0001332551-13-000038-index.html,https://www.sec.gov/Archives/edgar/data/1332551/000133255113000038/rso-20130630x10q.htm
2013-03-31,XAN,2013-05-10 00:00:00,2013-05-10 14:50:48,Q1,12600000.0,1200000.0,-100000.0,3591000.0,7500000.0,0.0,0.0,0.0,113447000.0,2100000.0,23300000.0,0.0,0.0,-63292000.0,7944000.0,33988000.0,41900000.0,141341000.0,0.0,26900000.0,-21900000.0,-135549000.0,-82800000.0,0.0,-17600000.0,67700000.0,85300000.0,23300000.0,0.0,23300000.0,https://www.sec.gov/Archives/edgar/data/1332551/000133255113000027/0001332551-13-000027-index.html,https://www.sec.gov/Archives/edgar/data/1332551/000133255113000027/rso-20130331x10q.htm
2012-12-31,XAN,2013-03-18,2013-03-18 16:41:45,Q4,15000000.000000007,1799999.9999999998,3599999.9999999995,1224000.0,-4000000.0,-1248000.0,0.0,7573000.0,97761000.0,-3400000.000000002,13199999.999999996,0.0,0.0,0.0,10919000.0,13385000.0,-3099999.9999999944,-100916000.0,0.0,26099999.999999993,-20400000.000000007,55577000.0,-37500000.0,0.0,-27399999.99999999,85300000.00000001,112700000.0,13199999.999999996,0.0,13199999.999999996,https://www.sec.gov/Archives/edgar/data/1332551/000133255113000016/rso-20121231x10k.htm,https://www.sec.gov/Archives/edgar/data/1332551/000133255113000016/rso-20121231x10k.htm
2012-09-30,XAN,2012-11-09 00:00:00,2012-11-08 19:36:49,Q3,18500000.0,1300000.0000000002,399999.9999999999,1404000.0,32400000.0,0.0,0.0,0.0,129062000.0,-12299999.999999998,40200000.0,0.0,0.0,0.0,18411000.0,13027000.0,33400000.0,-48108000.0,55502000.0,66100000.00000001,-17400000.0,98262000.0,7200000.000000003,0.0,80800000.0,112700000.0,31900000.0,40200000.0,1500000.0,41700000.0,https://www.sec.gov/Archives/edgar/data/1332551/000133255112000060/0001332551-12-000060-index.html,https://www.sec.gov/Archives/edgar/data/1332551/000133255112000060/rso-2012930x10q.htm
2012-06-30,XAN,2012-08-07 00:00:00,2012-08-07 16:19:42,Q2,16400000.0,1299999.9999999998,-1700000.0,2008000.0,1400000.000000002,0.0,0.0,0.0,28145000.0,399999.9999999999,17900000.0,0.0,0.0,0.0,12359000.0,28674000.0,40500000.0,-90382000.0,0.0,5800000.0,-16900000.0,37336000.0,-64100000.0,0.0,-5600000.0,32000000.0,37600000.0,17900000.0,-1500000.0,16400000.0,https://www.sec.gov/Archives/edgar/data/1332551/000133255112000038/0001332551-12-000038-index.html,https://www.sec.gov/Archives/edgar/data/1332551/000133255112000038/rsoform10q063012.htm
2012-03-31,XAN,2012-05-09,2012-05-08 19:24:29,Q1,14500000.0,1400000.0,0.0,868000.0,-18100000.0,0.0,0.0,0.0,41393000.0,-2800000.0,-5000000.0,0.0,0.0,-8348000.0,5595000.0,-749000.0,5400000.0,-18499000.0,0.0,0.0,-20000000.0,70100000.0,-5900000.0,0.0,-5600000.0,37500000.0,43100000.0,-5000000.0,0.0,-5000000.0,https://www.sec.gov/Archives/edgar/data/1332551/000133255112000009/rsoform10q.htm,https://www.sec.gov/Archives/edgar/data/1332551/000133255112000009/rsoform10q.htm
2011-12-31,XAN,2012-03-15,2012-03-14 18:21:13,Q4,400000.0000000057,1299999.9999999998,-400000.0,0.0,1800000.0000000007,-117340000.0,0.0,15370000.0,37752000.0,9100000.000000002,12200000.0,0.0,0.0,17462000.0,2029000.0,-307199000.0,-305200000.0,-27550000.0,0.0,0.0,-19200000.000000004,325003000.0,307200000.00000006,0.0,14200000.0,43100000.0,28900000.0,12200000.0,0.0,12200000.0,https://www.sec.gov/Archives/edgar/data/1332551/000129415412000054/rsoform10k123111.htm,https://www.sec.gov/Archives/edgar/data/1332551/000129415412000054/rsoform10k123111.htm
2011-09-30,XAN,2011-11-08 00:00:00,2011-11-07 18:53:59,Q3,14899999.999999998,2000000.0,0.0,-1083000.0,-16100000.0,117340000.0,0.0,0.0,67379000.0,-2500000.0,-1599999.999999998,0.0,0.0,94442000.0,6298000.0,-42396000.0,-36099999.99999999,-992000.0,-35000.0,-100000.00000000143,-18600000.0,21253000.0,19699999.99999999,0.0,-18000000.0,28900000.0,46900000.0,-1599999.999999998,0.0,-1599999.999999998,https://www.sec.gov/Archives/edgar/data/1332551/000142685011000018/0001426850-11-000018-index.html,https://www.sec.gov/Archives/edgar/data/1332551/000142685011000018/rsoform10q093011.htm
2011-06-30,XAN,2011-08-08 00:00:00,2011-08-08 16:21:55,Q2,9299999.999999998,1000000.0,0.0,-2569508.0,-2800000.0,0.0,0.0,-849259.0,78302000.0,-300000.0000000007,7099999.999999998,28248.0,0.0,32970684.0,-21480763.0,-100424000.0,-37100000.00000001,263604.0,44400006.0,-100000.00000000143,-17500000.0,104341050.0,15400000.000000006,0.0,-14600000.000000002,46900000.0,61500000.0,7099999.999999998,0.0,7099999.999999998,https://www.sec.gov/Archives/edgar/data/1332551/000133255111000018/0001332551-11-000018-index.html,https://www.sec.gov/Archives/edgar/data/1332551/000133255111000018/rso10q063011.htm
2011-03-31,XAN,2011-05-10 00:00:00,2011-05-10 12:34:26,Q1,13100000.0,300000.0,0.0,460000.0,6000000.0,0.0,0.0,0.0,55670000.0,-4100000.0,15300000.0,0.0,0.0,-17951000.0,0.0,0.0,-59800000.0,0.0,0.0,46500000.0,-14600000.0,0.0,76500000.0,0.0,32000000.0,61500000.0,29500000.0,15300000.0,-21200000.0,-5900000.0,https://www.sec.gov/Archives/edgar/data/1332551/000137607411000100/0001376074-11-000100-index.html,https://www.sec.gov/Archives/edgar/data/1332551/000137607411000100/rsoform10q033111.htm
2010-12-31,XAN,2011-03-14,2011-03-14 17:07:00,Q4,-9400000.000000002,3400000.0,5400000.0,758000.0,-22200000.0,25182000.0,0.0,104000.0,26128000.0,17400000.0,-5600000.000000001,0.0,0.0,-2769000.0,0.0,0.0,5200000.000000003,5980000.0,-42510000.0,0.0,-13700000.000000004,0.0,-8500000.0,0.0,-8900000.0,29400000.0,38300000.0,-5600000.000000001,0.0,-5600000.000000001,https://www.sec.gov/Archives/edgar/data/1332551/000137607411000062/rsoform10k123110.htm,https://www.sec.gov/Archives/edgar/data/1332551/000137607411000062/rsoform10k123110.htm
2010-09-30,XAN,2010-11-05 00:00:00,2010-11-05 16:05:19,Q3,14000000.0,199999.99999999997,0.0,540000.0,5300000.0,-4638000.0,0.0,0.0,27881000.0,-9500000.0,10100000.000000002,0.0,0.0,-3182000.0,0.0,0.0,3799999.999999997,5570000.0,0.0,0.0,-12800000.0,0.0,-14100000.0,0.0,-99999.99999999964,38400000.0,38500000.0,10100000.000000002,0.0,10100000.000000002,https://www.sec.gov/Archives/edgar/data/1332551/000133255110000079/0001332551-10-000079-index.html,https://www.sec.gov/Archives/edgar/data/1332551/000133255110000079/rsoform10q093010.htm
2010-06-30,XAN,2010-08-06 00:00:00,2010-08-06 11:22:12,Q2,13400000.0,200000.0,0.0,199000.0,2100000.0,-21245000.0,0.0,0.0,28508000.0,-6300000.0,9400000.0,0.0,0.0,-5443000.0,0.0,0.0,-30299999.999999996,2038000.0,42574000.0,42600000.0,-10000000.0,0.0,31800000.0,0.0,10800000.0,38500000.0,27700000.0,9400000.0,0.0,9400000.0,https://www.sec.gov/Archives/edgar/data/1332551/000133255110000027/0001332551-10-000027-index.html,https://www.sec.gov/Archives/edgar/data/1332551/000133255110000027/rsoform10q.htm
2010-03-31,XAN,2010-05-07 00:00:00,2010-05-06 21:49:55,Q1,1400000.0,200000.0,0.0,724000.0,-1600000.0,0.0,0.0,0.0,24353000.0,6500000.0,6600000.0,0.0,0.0,-4923000.0,0.0,0.0,-26100000.0,397000.0,-64000.0,-100000.0,-9200000.0,0.0,-4800000.0,0.0,-24300000.0,27700000.0,52000000.0,6600000.0,0.0,6600000.0,https://www.sec.gov/Archives/edgar/data/1332551/000148627910000020/0001486279-10-000020-index.html,https://www.sec.gov/Archives/edgar/data/1332551/000148627910000020/rsoform10q033110.htm
2009-12-31,XAN,2010-03-16,2010-03-15 18:32:52,Q4,12100000.0,-1200000.0,0.0,166000.0,-1100000.0000000014,2697000.0,0.0,2714000.0,45590000.0,-2899999.9999999986,6899999.999999999,0.0,0.0,-8823000.0,0.0,0.0,-3800000.000000001,26000.0,-2866000.0,40500000.0,-7500000.0,0.0,33000000.0,0.0,36199999.99999999,51999999.99999999,15800000.0,6899999.999999999,0.0,6899999.999999999,https://www.sec.gov/Archives/edgar/data/1332551/000008340210000007/rccform10k123109.htm,https://www.sec.gov/Archives/edgar/data/1332551/000008340210000007/rccform10k123109.htm
2009-09-30,XAN,2009-11-09 00:00:00,2009-11-06 18:32:45,Q3,11500000.0,199999.99999999997,0.0,721000.0,11700000.000000002,0.0,0.0,0.0,9189000.0,-5100000.000000001,18300000.000000004,0.0,0.0,-20135000.0,0.0,0.0,-799999.9999999972,-10000.0,2692000.0,399999.9999999999,-7600000.000000001,0.0,-12100000.000000002,0.0,5200000.0,15800000.0,10600000.0,18300000.000000004,0.0,18300000.000000004,https://www.sec.gov/Archives/edgar/data/1332551/000142685009000025/0001426850-09-000025-index.html,https://www.sec.gov/Archives/edgar/data/1332551/000142685009000025/rso10q.htm
2009-06-30,XAN,2009-08-10 00:00:00,2009-08-07 18:03:51,Q2,-5100000.000000001,800000.0,0.0,265000.0,-2699999.9999999995,0.0,0.0,0.0,8248000.0,14600000.000000002,7599999.999999998,0.0,0.0,-44000.0,0.0,0.0,19400000.0,1814000.0,174000.0,199999.99999999974,-7600000.0,0.0,-27099999.999999996,0.0,-100000.00000000009,10600000.0,10700000.0,7599999.999999998,0.0,7599999.999999998,https://www.sec.gov/Archives/edgar/data/1332551/000133255109000046/0001332551-09-000046-index.html,https://www.sec.gov/Archives/edgar/data/1332551/000133255109000046/rsoform10q063009.htm
2009-03-31,XAN,2009-05-11 00:00:00,2009-05-08 21:09:05,Q1,-12200000.0,200000.0,0.0,88000.0,3300000.0,0.0,0.0,0.0,6371000.0,22500000.0,13800000.0,0.0,0.0,44000.0,0.0,0.0,3000000.0,6825000.0,0.0,-2800000.0,-9900000.0,0.0,-20800000.0,0.0,-3900000.0,10700000.0,14600000.0,13800000.0,0.0,13800000.0,https://www.sec.gov/Archives/edgar/data/1332551/000133255109000034/0001332551-09-000034-index.html,https://www.sec.gov/Archives/edgar/data/1332551/000133255109000034/rccform10q.htm
2008-12-31,XAN,2009-03-16,2009-03-16 17:18:06,Q4,-7300000.000000001,199999.99999999997,0.0,-239000.0,3900000.0,206000.0,0.0,20000.0,10863000.0,18000000.0,14799999.999999996,0.0,0.0,0.0,0.0,0.0,30400000.000000007,4260000.0,0.0,0.0,-10000000.000000004,0.0,-42699999.99999999,0.0,2500000.0,14600000.0,12100000.0,14799999.999999996,0.0,14799999.999999996,https://www.sec.gov/Archives/edgar/data/1332551/000133255109000008/rccform10k123108.htm,https://www.sec.gov/Archives/edgar/data/1332551/000133255109000008/rccform10k123108.htm
2008-09-30,XAN,2008-11-10 00:00:00,2008-11-10 17:12:31,Q3,100000.00000000052,400000.0,0.0,157000.0,-9200000.000000002,477000.0,0.0,-489000.0,8103000.0,11500000.0,2900000.0000000056,0.0,0.0,0.0,0.0,0.0,-3100000.0000000014,7656000.0,0.0,0.0,-10399999.999999998,0.0,-2000000.000000007,0.0,-2099999.9999999995,12200000.0,14300000.0,2900000.0000000056,0.0,2900000.0000000056,https://www.sec.gov/Archives/edgar/data/1332551/000133255108000054/0001332551-08-000054-index.html,https://www.sec.gov/Archives/edgar/data/1332551/000133255108000054/rccform10q093008.htm
2008-06-30,XAN,2008-08-08 00:00:00,2008-08-08 17:28:23,Q2,-5300000.000000001,200000.0,0.0,541000.0,7000000.000000001,431000.0,0.0,1108000.0,10698000.0,16800000.0,18699999.999999996,0.0,0.0,0.0,0.0,0.0,-1399999.9999999986,8916000.0,0.0,0.0,-10400000.0,0.0,-12100000.000000002,0.0,5100000.0,14200000.0,9100000.0,18699999.999999996,0.0,18699999.999999996,https://www.sec.gov/Archives/edgar/data/1332551/000133255108000024/0001332551-08-000024-index.html,https://www.sec.gov/Archives/edgar/data/1332551/000133255108000024/rccform10q063008.htm
2008-03-31,XAN,2008-05-12 00:00:00,2008-05-12 16:50:16,Q1,9400000.0,200000.0,0.0,81000.0,2800000.0,2412000.0,0.0,-1601000.0,5679000.0,2200000.0,14600000.0,0.0,0.0,0.0,0.0,0.0,39800000.0,6991000.0,0.0,0.0,-10400000.0,0.0,-51300000.0,0.0,3100000.0,9100000.0,6000000.0,14600000.0,0.0,14600000.0,https://www.sec.gov/Archives/edgar/data/1332551/000133255108000007/0001332551-08-000007-index.html,https://www.sec.gov/Archives/edgar/data/1332551/000133255108000007/rccform10q033108.htm
2007-12-31,XAN,2008-03-17,2008-03-17 17:24:07,Q4,3500000.0,200000.00000000006,0.0,848000.0,-15600000.0,338000.0,0.0,48000.0,2071000.0,8900000.000000002,-2900000.000000002,0.0,0.0,0.0,0.0,0.0,-9899999.999999978,8388000.0,-15416000.0,-1500000.0,-10300000.0,0.0,3699999.999999932,0.0,-9100000.000000002,5999999.999999999,15100000.0,-2900000.000000002,0.0,-2900000.000000002,https://www.sec.gov/Archives/edgar/data/1332551/000008340208000009/rccform10k123107.htm,https://www.sec.gov/Archives/edgar/data/1332551/000008340208000009/rccform10k123107.htm
2007-09-30,XAN,2007-11-14 00:00:00,2007-11-14 12:50:33,Q3,-13900000.0,199999.99999999997,0.0,94000.0,7699999.999999999,-2869000.0,0.0,795000.0,11228000.0,25800000.0,19700000.000000004,0.0,0.0,-17890000.0,0.0,0.0,-37200000.000000045,5627000.0,-50000.0,-1400000.0000000005,-10300000.0,0.0,29800000.000000067,0.0,12400000.0,15100000.0,2700000.0,19700000.000000004,0.0,19700000.000000004,https://www.sec.gov/Archives/edgar/data/1332551/000114036107021863/0001140361-07-021863-index.html,https://www.sec.gov/Archives/edgar/data/1332551/000114036107021863/rccform10q093007.htm
2007-06-30,XAN,2007-08-09 00:00:00,2007-08-09 16:28:18,Q2,9900000.0,200000.0,0.0,137000.0,-11399999.999999998,1201000.0,0.0,400000.0,-1259000.0,1700000.0,399999.9999999995,0.0,0.0,-40572000.0,0.0,0.0,-525400000.0,5736000.0,571000.0,599999.9999999997,-9700000.0,0.0,513400000.0,0.0,-11799999.999999998,2700000.000000001,14500000.0,399999.9999999995,0.0,399999.9999999995,https://www.sec.gov/Archives/edgar/data/1332551/000133255107000025/0001332551-07-000025-index.html,https://www.sec.gov/Archives/edgar/data/1332551/000133255107000025/rccform10q063007.htm
2007-03-31,XAN,2007-05-10 00:00:00,2007-05-09 19:49:52,Q1,9400000.0,200000.0,0.0,486000.0,-4200000.0,-3551000.0,0.0,-1189000.0,11079000.0,800000.0,6200000.0,0.0,0.0,-28916000.0,0.0,0.0,-92500000.0,6615000.0,14895000.0,14900000.0,-7700000.0,0.0,95400000.0,0.0,9200000.0,14600000.0,5400000.0,6200000.0,0.0,6200000.0,https://www.sec.gov/Archives/edgar/data/1332551/000133255107000008/0001332551-07-000008-index.html,https://www.sec.gov/Archives/edgar/data/1332551/000133255107000008/rccform10q033107.htm
2006-12-31,XAN,2007-03-30,2007-03-30 12:26:40,Q4,6799999.999999999,100000.00000000003,0.0,812000.0,-8400000.0,2434000.0,0.0,854000.0,3628000.0,1000000.0,-500000.0,0.0,0.0,-31208000.0,0.0,0.0,557500000.0,12386000.0,92951000.0,92900000.0,-6600000.000000001,0.0,-565200000.0,0.0,-8200000.0,5300000.0,13500000.0,-500000.0,0.0,-500000.0,https://www.sec.gov/Archives/edgar/data/1332551/000008340207000035/rrcform10k123106.htm,https://www.sec.gov/Archives/edgar/data/1332551/000008340207000035/rrcform10k123106.htm
2006-09-30,XAN,2006-11-13,2006-11-13 13:24:24,Q3,-2399999.9999999986,199999.99999999997,0.0,798000.0,3500000.0,-1455000.0,0.0,626000.0,12689000.0,9300000.0,10600000.000000002,-1000.0,0.0,-1215000.0,0.0,0.0,-131700000.00000001,21101000.0,0.0,0.0,-6399999.999999999,0.0,131000000.0,0.0,9899999.999999998,13499999.999999998,3600000.0,10600000.000000002,0.0,10600000.000000002,https://www.sec.gov/Archives/edgar/data/1332551/000133255106000023/rccform10q093006.htm,https://www.sec.gov/Archives/edgar/data/1332551/000133255106000023/rccform10q093006.htm
2006-06-30,XAN,2006-08-10,2006-08-10 11:39:03,Q2,5999999.999999999,0.0,0.0,240000.0,-14899999.999999998,802000.0,0.0,-110000.0,3031000.0,100000.00000000009,-8600000.000000002,-5000.0,0.0,-3000000.0,0.0,0.0,-323200000.0,3814000.0,-323000.0,-300000.0000000007,-5900000.0,0.0,311800000.0,0.0,-20000000.0,3700000.0,23700000.0,-8600000.000000002,0.0,-8600000.000000002,https://www.sec.gov/Archives/edgar/data/1332551/000133255106000012/rccform10q063006.htm,https://www.sec.gov/Archives/edgar/data/1332551/000133255106000012/rccform10q063006.htm
2006-03-31,XAN,2006-05-12,2006-05-12 15:30:38,Q1,5200000.0,100000.0,0.0,582000.0,5300000.0,-1449000.0,0.0,328000.0,22968000.0,1000000.0,11400000.0,0.0,0.0,-4724000.0,0.0,0.0,81300000.0,4594000.0,27604000.0,27600000.0,-5600000.0,0.0,-86800000.0,0.0,5900000.0,23600000.0,17700000.0,11400000.0,0.0,11400000.0,https://www.sec.gov/Archives/edgar/data/1332551/000008340206000048/rccform10q033106.htm,https://www.sec.gov/Archives/edgar/data/1332551/000008340206000048/rccform10q033106.htm
2005-12-31,XAN,,,Q4,7100000.000000001,0.0,0.0,0.0,-17000000.0,5900000.0,0.0,0.0,0.0,1900000.0,-8000000.0,0.0,0.0,0.0,0.0,0.0,-1505000000.0,0.0,0.0,214700000.00000003,-4699999.999999999,0.0,1528699999.9999998,0.0,15700000.0,39100000.0,23400000.0,-8000000.0,0.0,-8000000.0,,
2005-09-30,XAN,,,Q3,1599999.9999999995,0.0,0.0,0.0,9900000.0,0.0,0.0,0.0,0.0,-200000.00000000006,11300000.0,0.0,0.0,0.0,0.0,0.0,982000000.0000001,0.0,0.0,-215200000.00000003,-3100000.0,0.0,-1091699999.9999998,0.0,-98500000.0,-13000000.0,85500000.0,11300000.0,0.0,11300000.0,,
2005-06-30,XAN,,,Q2,2200000.0,0.0,0.0,0.0,-8700000.000000002,0.0,0.0,0.0,0.0,700000.0,-5700000.0,0.0,0.0,0.0,0.0,0.0,-929000000.0000001,0.0,0.0,100000.00000002274,0.0,0.0,922699999.9999999,0.0,-12099999.999999994,-12099999.999999994,0.0,-5700000.0,0.0,-5700000.0,,
2005-03-31,XAN,,,Q1,0.0,0.0,0.0,0.0,-100000.0,0.0,0.0,0.0,0.0,200000.0,0.0,0.0,0.0,0.0,0.0,0.0,-502900000.0,0.0,0.0,215200000.0,0.0,0.0,615400000.0,0.0,112600000.0,192558000.0,79958000.0,0.0,0.0,0.0,,
