symbol,date,currentRatio,quickRatio,cashRatio,daysOfSalesOutstanding,daysOfInventoryOutstanding,operatingCycle,daysOfPayablesOutstanding,cashConversionCycle,grossProfitMargin,operatingProfitMargin,pretaxProfitMargin,netProfitMargin,effectiveTaxRate,returnOnAssets,returnOnEquity,returnOnCapitalEmployed,netIncomePerEBT,ebtPerEbit,ebitPerRevenue,debtRatio,debtEquityRatio,longTermDebtToCapitalization,totalDebtToCapitalization,interestCoverage,cashFlowToDebtRatio,companyEquityMultiplier,receivablesTurnover,payablesTurnover,inventoryTurnover,fixedAssetTurnover,assetTurnover,operatingCashFlowPerShare,freeCashFlowPerShare,cashPerShare,payoutRatio,operatingCashFlowSalesRatio,freeCashFlowOperatingCashFlowRatio,cashFlowCoverageRatios,shortTermCoverageRatios,capitalExpenditureCoverageRatio,dividendPaidAndCapexCoverageRatio,dividendPayoutRatio,priceBookValueRatio,priceToBookRatio,priceToSalesRatio,priceEarningsRatio,priceToFreeCashFlowsRatio,priceToOperatingCashFlowsRatio,priceCashFlowRatio,priceEarningsToGrowthRatio,priceSalesRatio,dividendYield,enterpriseValueMultiple,priceFairValue
MTL,2020-06-30,0.17633750231445666,0.055032072662525584,0.010835461788003379,97.64056367333427,85.21734087956949,109.2930963058711,89.8851827797365,19.407913526134607,0.3204394634384704,0.03258145363408521,0.15006068630696237,0.7420122633628096,0.3802521008403361,0.23979908917710105,-0.2012930923893987,-0.04809173802126746,4.944747899159664,1.0,0.15006068630696237,2.1308059865719846,-1.7886495223597225,-0.000860235302173699,-0.002808711723262565,1.7908201655379985,12.630534351145037,-0.8394239239196436,3.7382004596075658,1.0012773765009173,1.0561230739080376,,0.3231740242274816,,,,0.0,0.13040462792200627,0.8577299649462106,12.630534351145037,18.222466960352424,-7.028887000849617,,,,,,,0.0,,,,,,-0.6250216001382409,
MTL,2020-05-26,0.15806401719604524,0.013515710824069705,0.013515710824069705,0.0,373.35624311509173,373.35624311509173,0.0,0.0,0.3888953930808406,0.0030585962652929814,-0.010434349938535386,0.0,1.0,0.0,,0.003943278728417048,0.0,1.0,-0.010434349938535386,1.8284634978731824,,,,,,,,,0.9776185793884908,0.38212941577796544,0.21123503808487487,,,,,0.23355089855411812,1.000250642270819,,,-3989.75,,,,,,,0.0,,,,,,-1.6224708402761248,
MTL,2019-12-31,0.14372310578771066,0.00763757539085711,0.00763757539085711,0.0,315.1653206547697,315.1653206547697,0.0,0.0,0.32634257634257635,0.002457002457002457,-0.08435708435708436,0.0,1.0,0.0,,0.03925572025535275,0.0,1.0,-0.08435708435708436,1.7474984400249596,,,,,,,,,1.1581223443039248,0.34710038986354774,0.21879969920481274,,,,,-0.6226892476892477,1.0,,,,,,,,,,0.0,,,,,,0.3161261261261261,
MTL,2019-11-19,0.1518779368197159,0.006396162736437726,0.006396162736437726,0.0,309.1417746425805,309.1417746425805,0.0,0.0,0.36187804715153943,0.0033660589060308557,-0.0006812262071729113,0.0,1.0,0.0,,0.00037286698153211775,0.0,1.0,-0.0006812262071729113,1.6898696472171548,,,,,,,,,1.1806880529879886,0.38129895794073604,0.2310883515913658,,,,,0.2107927603018767,1.000253469361891,,,-3945.25,,,,,,,0.0,,,,,,-0.6795019598801014,
MTL,2019-08-15,0.1602477385001707,0.00815134004399822,0.00815134004399822,0.0,320.24121458153934,320.24121458153934,0.0,0.0,0.37843761947240984,0.0011724225818784248,-0.01321524149356442,0.0,1.0,0.0,,0.007627636021272057,0.0,1.0,-0.01321524149356442,1.6820739734327235,,,,,,,,,1.1397658495548337,0.4009114643205657,0.240121422429489,,,,,0.1629030202625207,1.0048501916607995,,,-206.17741935483872,,,,,,,0.0,,,,,,-0.949169602415702,
MTL,2019-05-23,0.16129809414047494,0.005957845799230363,0.005957845799230363,0.0,351.73035272277224,351.73035272277224,0.0,0.0,0.3955327562252859,0.0031126429411136047,-0.015109009297851875,0.0,1.0,0.0,,0.008164296542265213,0.0,1.0,-0.015109009297851875,1.691524392704069,,,,,,,,,1.0377267619200514,0.3912095952337401,0.23232269938269498,,,,,0.18719942289195254,1.010347534432313,,,-96.64137931034483,,,,,,,0.0,,,,,,-0.7767402376910016,
MTL,2019-03-31,0.16129809414046814,0.05038015180027455,0.005957845799225788,101.65635046918811,,,,,0.408022777912958,0.15040396508176943,-0.025022341376228777,0.0,-1.8571428571428572,0.0,0.0,-0.07878437883489961,0.0,-0.16636756459595328,0.15040396508176943,1.6915243927040544,-2.331570819269545,-0.3687289207419987,971090726.633077,-1.0822012890429331,0.030365609479154662,-1.3783843906278632,3.590528268183609,0.0,0.0,0.3250707857920416,0.2252110484874623,1.0388987166499999,0.0,0.22256290211826923,,0.19311075340768544,0.0,0.030365609479154662,0.0351641016504328,-12.601618705053031,,,-0.13675450229083896,-0.13675450229083896,0.4405361930294906,,,2.281261842003451,2.281261842003451,,0.4405361930294906,,,-0.13675450229083896
MTL,2018-12-31,0.1514925608206722,0.0037862640304917104,0.0037862640304917104,0.0,344.55955564251394,344.55955564251394,0.0,0.0,0.391314128435511,0.010242024056847203,0.046406690397110005,0.0,1.0,0.0,,-0.022116415463202373,0.0,1.0,0.046406690397110005,1.7341833923652106,,,,,,,,,1.0593234000414526,0.39799556559703814,0.23792522628886265,-129.18995784822687,-129.0097866473898,4.331315668123639,,-0.7116221831125696,0.9986053776637287,,,717.04,-41.02059496567506,,,,0.01322001545566421,,-0.018603239819004525,-0.01857729532522593,-0.01857729532522593,,0.01322001545566421,1.3873182464455915,0.09680315617098134,
MTL,2018-11-27,0.14899027895808742,0.005885182775508993,0.005885182775508993,0.0,317.4515342979751,317.4515342979751,0.0,0.0,0.4200837866566623,0.0036265866316513473,-0.046557869067717125,0.0,1.0,0.0,,0.02412535073451746,0.0,1.0,-0.046557869067717125,1.7407005013478447,,,,,,,,,1.1497818109689577,0.4114441837490738,0.25182336935983674,45.5809115291059,45.76348501262081,6.671138996327979,,0.23727880947914712,1.0040054811847792,,,-249.6578947368421,-234.2469135802469,,,,0.01046338019696117,,0.04392148018110236,0.04409740684357541,0.04409740684357541,,0.01046338019696117,-0.005975827556785732,-0.6220890678262264,
MTL,2018-09-30,0.14893617021276595,0.04710463915758587,0.0058711042479349185,80.52290076335878,,,,,0.3938931297709924,0.17480916030534352,0.05114503816793893,0.0,-0.582089552238806,0.0,0.0,-0.0990851841217927,0.0,0.287249726241705,0.17805078123870227,1.7411618771966095,-2.2470651013874066,-0.07546628407460546,263000002.2500424,-1.1583238958096596,0.07060444879986352,-1.290554962646745,4.532871972318339,0.0,0.0,0.4422687373396354,0.2708290262559438,1.1092884615384615,0.0,0.11954197159182692,,0.35226259541984734,0.0,0.07060444879986352,0.07356463531213751,-8.514253030498718,-13.929957329048522,,-0.2952401280683031,-0.2952401280683031,0.8447022900763359,,,2.397933533276702,2.397933533276702,,0.8447022900763359,0.019042390364462838,,-0.2952401280683031
MTL,2018-08-22,0.14925096257698556,0.0060516617335454985,0.0060516617335454985,0.0,333.6191747302858,333.6191747302858,0.0,0.0,0.4354089219330855,0.005174319300713353,-0.011629659399176128,0.0,1.0,0.0,,0.005650475958018062,0.0,1.0,-0.011629659399176128,1.7540059014678968,,,,,,,,,1.0940618155268922,0.40700283691568484,0.24783675095556468,49.91462947990736,50.06837557128834,7.053101942102609,,0.26095147191801465,1.0030801809606313,,,-324.65625,-352.1694915254237,,,,0.015736146669973878,,0.060117788237693114,0.06030296190441813,0.06030296190441813,,0.015736146669973878,0.003990502787089475,-0.45984291189890714,
MTL,2018-06-30,0.14927498705334025,0.04848353916765925,0.006057245012338166,88.00831443688585,,,,,0.4618291761148904,0.22826908541194255,0.047619047619047616,0.0,-2809.5238095238096,0.0,0.0,-0.11710736060065109,0.0,0.20603902439027047,0.23111664287853362,1.7541560727557206,-2.2305396667495647,-0.0783051756503084,292000002.5461512,-2.392220421393581,0.04631579195610279,-1.2715742352648596,4.147335423197492,0.0,0.0,0.4247191011235955,0.25875220027381185,0.7162019230769231,0.0,0.1333818666610577,,0.2252003023431595,0.0,0.04631579195610279,0.04851814702730217,-8.224479655496053,-21.071291050454484,,-0.35796070629196713,-0.35796070629196713,1.0879516250944823,,,4.831039806672484,4.831039806672484,,1.0879516250944823,0.015344585298465985,,-0.35796070629196713
MTL,2018-05-24,0.145156657159858,0.00262018589572604,0.00262018589572604,0.0,361.10885750327736,361.10885750327736,0.0,0.0,0.47775596145400057,0.0030356266308419664,-0.01988012504198207,0.0,1.0,0.0,,0.009249909844933285,0.0,1.0,-0.01988012504198207,1.7560453596685255,,,,,,,,,1.0107755387769388,0.3934917859466493,0.24117262220006855,,,,,0.18118169840080606,1.0,,,,,,,,,,0.0,,,,,,-0.3945010812480692,
MTL,2018-03-31,0.14515183491616837,0.04489469956503694,0.0,103.76905487804878,,,,,0.4489329268292683,0.17911585365853658,0.012195121951219513,0.0,-0.375,0.0,0.0,-0.08058237992,0.0,0.06811477617462802,0.17903783343506097,1.7565016031350196,-2.2309954751131222,-0.07411907654921021,305000002.28105754,-1.2916945426743887,0.018671050097574218,-1.2701357466063348,3.517426273458445,0.0,0.0,0.38106302643043855,0.23370146063412897,0.3425504807692308,0.0,0.02381464564951923,,0.10861356707317073,0.0,0.018671050097574218,0.019448247134436453,-7.956504745951982,23.060685022524325,,-0.4687058823529412,-0.4687058823529412,1.5790243902439027,,,14.538003242082512,14.538003242082512,,1.5790243902439027,0.011627950000048268,,-0.4687058823529412
MTL,2017-12-31,0.13934168890504556,0.005064567033221247,0.005064567033221247,0.0,157.2487270500448,157.2487270500448,0.0,0.0,0.4779594591394539,0.006571313552298183,-0.07060314002225958,-0.048225153330649556,0.3169545530773101,-0.025525887812688993,,0.07226958993097848,0.6830454469226899,1.0,-0.07060314002225958,1.7650026478486622,,,,,,,,,2.321163464069492,0.8536500315855969,0.5293065143344186,-37.863000245519274,-37.40928062852934,4.81610606432605,-0.10508224895654308,-0.11412181202491178,0.9880168075945427,,,83.45021645021644,-30.8432,-0.10508224895654308,,,0.015160782578322953,-0.314375,-0.13445861335713535,-0.13284736992270582,-0.13284736992270582,,0.015160782578322953,0.33425765075639946,-0.02349487594390507,
MTL,2017-08-23,0.13357922194485738,0.005912145241233958,0.005912145241233958,0.0,369.9531112091792,369.9531112091792,0.0,0.0,0.46654895902302657,0.0014124917236813066,0.1079967630397999,0.08670639299639521,0.19713896457765667,0.018119038980684912,,-0.04220719477412826,0.8028610354223433,1.0,0.1079967630397999,1.7627183785412528,,,,,,,,,0.9866115162729945,,0.2089700465505261,21.1146575006138,21.124478271544316,5.796219003191751,0.0,0.1581696461413963,1.0004651162790699,,,-2150.0,,,,,0.03865349812403443,0.4457975564228746,0.24426638772663878,0.24438000000000001,0.24438000000000001,,0.03865349812403443,,-0.09727177177177178,
MTL,2017-05-31,0.14374516758508118,0.005907307634090565,0.005907307634090565,0.0,370.5686405523539,370.5686405523539,0.0,0.0,0.4228210566910914,0.0029084715259030725,0.023074945365728242,0.036203239490937136,-0.5689415041782729,0.006821588070547271,,-0.009053596534918764,1.568941504178273,1.0,0.023074945365728242,1.718504276739081,,,,,,,,,0.9849727150574492,0.30634728416575596,0.1884247975172205,22.708388814913448,22.95339547270306,7.691078561917443,0.0,0.13701953978660497,1.0107892576521638,,,-92.68478260869566,,,,,0.027936833140506493,0.7716666666666666,0.20171307576284953,0.20388941010906533,0.20388941010906533,,0.027936833140506493,,-0.42698179791976226,
MTL,2016-12-31,0.12618087409418496,0.0033422645078817286,0.0033422645078817286,0.0,399.32466846796484,399.32466846796484,0.0,0.0,0.6071855556911065,0.02120287910211053,0.2569842625350738,0.2323289008173722,0.09594113458343223,0.05851320418478177,,-0.11710519732489813,0.9040588654165678,1.0,0.2569842625350738,1.7760834498333153,,,,,,,,,0.9140432054957844,0.4011196312263583,0.25185503817614796,0.03130860113423359,0.0313228838479492,-0.0015077189666045255,5.250997689561016e-05,-0.4278760522142247,1.0004561913722807,,,-2192.0625,-2063.1176470588234,5.250997689561016e-05,,,-83.91173241281419,-361.17647058802663,196.02281928462995,196.11224320355768,196.11224320355768,,-83.91173241281419,-1.4538592951561702e-07,950.5296637024564,
MTL,2016-11-29,0.12134321094468177,0.0045383967678890086,0.0045383967678890086,0.0,334.77017997629054,334.77017997629054,0.0,0.0,0.41737697198022133,0.0008633545247625775,-0.10473275253119849,0.0,1.0,0.0,,0.03616436574141828,0.0,1.0,-0.10473275253119849,1.7613474421939739,,,,,,,,,1.0903002173785323,0.304438624829155,0.19112665872618229,,,,,0.1605996389608351,1.005571302902942,,,-179.49122807017545,-189.46296296296296,,,,,,0.0,,,,,,-0.7941872254139912,
MTL,2016-08-29,0.12757793855328414,0.005315511990039537,0.005315511990039537,0.0,167.57190904722947,167.57190904722947,0.0,0.0,0.40915647490294166,0.00046035570150536315,-0.0018567679960716313,0.0,1.0,0.0,,0.0012689024518131673,0.0,1.0,-0.0018567679960716313,1.6385710044299686,,,,,,,,,2.1781693726311024,0.6186143426030083,0.38312908052430605,,,,,0.19060260561327053,1.009822075517269,,,-101.81147540983606,-102.23045267489712,,,,,,0.0,,,,,,-0.46020874103065884,
MTL,2015-12-31,,,,0.0,0.0,0.0,0.0,0.0,0.40217507239048594,0.0007466194729419572,-0.03287495901493634,0.0,1.0,,,,0.0,1.0,-0.03287495901493634,,,,,,,,,,,,,,,,,-0.6241541275415677,1.0227279919493162,,,-43.99860763018658,-44.55696559503666,,,,,,0.0,,,,,,0.0,
MTL,2015-06-23,0.15783502511260303,0.050036739368269,0.00734438353015304,77.71082901667495,188.45117369578185,266.1620027124568,0.0,77.71082901667495,0.3254497907888085,-0.021420182081281186,-0.3087453404570732,-0.34771590223321813,0.12678026206680448,-0.09369892828989441,,0.2270721858720802,1.1262223479015168,1.0,-0.3087453404570732,1.0,,,,-2.8464876976961735,0.012209908511658372,,4.696900092542822,,1.9368412137842255,0.448534754241849,0.269469781761805,379.5582608141247,388.1848579102046,166.2043293481986,-7.634364820846905e-05,0.09320501634932517,1.0227279919493162,0.012209908511658372,0.024419817023316744,-43.99860763018658,-44.55696559503666,-7.634364820846905e-05,,,0.0005107685802721486,-0.0014689249959283389,0.00535827185840708,0.005480054618067203,0.005480054618067203,,0.0005107685802721486,0.05197246177992975,282.31861982132193,
MTL,2014-12-31,0.017181482912413334,0.0011175749858135637,0.00018303251212746226,0.11988572172543897,0.11588287396472469,0.23576859569016367,3.5385016632119255,-3.4186159414864865,0.3706207234824495,0.019736590481670657,-0.47923410264531946,-0.6805951574573349,-0.05990757890745577,-2.047633875754583,,0.4585708199614843,1.4201726331672238,1.0,-0.47923410264531946,0.30886966062155113,,,,-3.8700877931691773,-14.233491210492758,,3044.5660646387832,103.15100422156837,3149.73203125,57.85503201741314,3.0085930722816587,-0.0007508070258456428,-0.0007039480999319326,1.8634506731910743e-05,4.7709332725345173e-05,-0.04879025415691829,0.9375885889440998,-14.233491210492758,-28.466982420985516,16.02271096073003,15.853657299381151,4.7709332725345173e-05,,,168.95774338966748,-248.24999346290394,-3693.4541058515592,-3462.9404234351555,-3462.9404234351555,,168.95774338966748,-1.9218261422622913e-07,-5578.301034923515,
MTL,2014-12-09,0.184540808901904,0.0570229235867721,0.00743207334343157,82.49151891900406,218.3001764054599,300.79169532446394,0.0,82.49151891900406,0.30674663012176384,0.2948022322176541,-0.06129195014503878,-0.057207379435472897,-0.06558206909442073,-0.010528095829592552,,-0.07609319822668074,0.9333587738699729,1.0,-0.06129195014503878,1.0,,,,-0.6047663903541823,0.014541460584485818,,4.424697287467606,,1.6720096429151168,0.36055955171975806,0.18403387698378537,0.012541478895332529,0.012561460309422663,0.00449610119314264,-0.0017522340984755564,0.10576016596044692,1.0015932263058362,0.014541460584485818,0.029082921168971636,-627.657223796034,-1549.3916083916083,-0.0017522340984755561,,,11.63730611385341,-203.42316373676434,109.85983842697237,110.03487001150913,110.03487001150913,,11.63730611385341,8.613739292458352e-06,54.82568837326279,
MTL,2014-10-14,0.1982443242125732,0.058218253305398524,0.006458176811761383,43.049013540764726,118.37138802608932,161.42040156685405,0.0,43.049013540764726,0.3040326824713275,-0.2624432989534627,-0.2735106424168278,-0.4593810585031724,-0.04046403227885591,-0.1634513912918197,,-0.5466163313863212,1.6795728840528248,1.0,-0.2735106424168278,1.0,,,,-3.7698437779500327,-0.9890851865035503,,8.478707639940874,,3.0835154177591733,0.68213502025534,0.3558078598721566,-0.04735563625130601,-0.04709658779636804,0.004575266928845577,-5.179424688339891e-05,-0.17129356146922306,0.9945297228493931,-0.9890851865035503,-2.0065066358564283,182.8060941828255,187.56892468024634,-5.179424688339891e-05,,,6.076851797347739,-13.228346456312964,-35.67137405503413,-35.47624175261013,-35.47624175261013,,6.076851797347739,3.9153984252265435e-06,-21.53716828642621,
MTL,2013-12-31,0.7938376135877275,0.2411543913723696,0.07472565575745838,74.14655451799996,228.64836505623595,302.7949195742359,0.0,74.14655451799996,0.24374341588746784,-0.21429613385728705,-0.4219876846561881,-0.289489709346051,-0.01931748789497757,-0.06082152530158278,,-0.11976888657315005,0.6860145920654319,1.0,-0.4219876846561881,1.0,,,,-2.88396037648453,0.07867873651771957,,4.922683223417913,,1.5963376773336142,0.42517750238946933,0.21009909277596386,0.0005613221750666144,0.0005375708062309303,0.0006633399135459303,0.0,0.08038964872576995,0.9576867441004527,0.07867873651771957,0.15735747303543915,23.633255790431882,,,,,578.5878329384873,-1998.647324098327,7515.289061780807,7197.292712550608,7197.292712550608,,578.5878329384873,,-3525.9882542074856,
MTL,2013-12-23,0.8971809966409185,0.24519884692602728,0.023603502000379174,47.9425608922199,157.77792166222397,205.7204825544439,0.0,47.9425608922199,0.33602836636763855,0.01653952255568217,-0.050124580828327145,-0.10858841376249975,0.2721210990967533,-0.04124701480093302,,-0.02628450698780347,2.166370510596523,1.0,-0.050124580828327145,1.0,,,,-0.8972592576222063,0.18370073669306416,,7.613277080057524,,2.313378172019554,0.8318191134276318,0.3798472909931887,0.0833645143984614,0.08463405670836326,0.033908605794208055,0.0,0.1145064219931063,1.0152288095128075,0.18370073669306416,0.36740147338612833,-65.66501466572267,,,,,5.933792652420812,-54.64480460501953,51.04328172388211,51.82061013816367,51.82061013816367,,5.933792652420812,,127.6408372947984,
MTL,2013-06-18,0.8148400166987451,0.242187619222622,0.035581413385294275,100.70538605856397,337.3345997728222,438.03998583138616,0.0,100.70538605856397,0.3316235757341689,0.10741735502861671,0.1148137209657966,0.14984651514961425,-0.3051272434089479,0.025466853903058143,,0.02693919298817049,1.305127243408948,1.0,0.1148137209657966,1.0,,,,2.102327689508944,0.06917888275234432,,3.624433749628235,,1.0820117481153997,0.3847121472543734,0.16995292735123513,819.5483446716871,817.0499706867462,828.4055609048385,0.0,0.11567871567105245,0.9969515233589522,0.06917888275234432,0.13835776550468865,328.0326923076923,,,,,0.000844073109549155,0.005632917847347936,0.00731901378684794,0.007296701944283228,0.007296701944283228,,0.000844073109549155,,11.04790753762277,
MTL,2012-12-31,1.1121005909992736,0.26840620265730053,0.07851896929045214,102.0139558543989,405.22459909371025,507.23855494810914,0.0,102.0139558543989,0.26017490576846736,-0.34388744987326186,-0.38459658127920343,-0.3676959172014443,0.043943874959954096,-0.052449059504660646,,-0.06964459740534037,0.9560561250400459,1.0,-0.38459658127920343,1.0,,,,-5.2577016399835355,-0.3789228136231388,,3.577941831027043,,0.9007350511699609,0.32365099471857284,0.14264248540982882,-0.0026593821768570356,-0.002659293292397956,0.0007274376199557334,0.0,-0.43858092897989065,0.9999665770268549,-0.3789228136231388,-0.7578456272462776,29919.54054054054,,,,,2140.6402237706716,-5821.7677260689015,-4880.996028947069,-4880.832891547872,-4880.832891547872,,2140.6402237706716,,-4500.987329292358,
MTL,2012-12-12,1.1856234396007526,0.30184237809541614,0.13019868450124922,102.02061346448235,407.06920946641605,509.08982293089844,0.0,102.02061346448235,0.26873566232859253,0.046673218224331424,0.052305519662776495,0.0778547528505906,-0.4884615113765202,0.01119774305342172,,0.009858474179257708,1.4884615113765203,1.0,0.052305519662776495,1.0,,,,0.8897654076543272,0.09520380122273663,,3.5777083434915022,,0.8966534228379491,0.35953717572304705,0.14382863785992708,0.13401995014889254,0.13660670940365532,0.17298469474943753,0.8820860497904109,0.1686239076849182,1.0193012999325022,0.09520380122273663,0.19040760244547325,-51.80998189225894,2.577561695203455,0.8820860497904108,,,17.388324660743255,223.34313608461153,101.1663340719501,103.11897582894453,103.11897582894453,,17.388324660743255,0.003949465675346479,220.99315668975416,
MTL,2012-10-02,1.0373166391722433,0.19925936875948944,0.030654740058239514,96.63262091708947,340.7857575208786,437.41837843796804,0.0,96.63262091708947,0.27182356461335677,-0.19504788706236798,-0.32190926607563397,-0.26437772613191707,-0.04423722192730296,-0.045712308675129786,,-0.07668485236251468,0.8212802612205651,1.0,-0.32190926607563397,1.0,,,,-5.402514055659872,0.18173687255968576,,3.777192386338864,,1.0710541504295052,0.4448274210208818,0.17290529479900524,0.16360327269499852,0.16772529894310986,0.02608563903669139,0.0,0.3212221712068881,1.025195255450641,0.18173687255968576,0.3634737451193715,-39.690012350105576,,,,,26.11350498480718,-98.77346842667552,79.2963260987311,81.29421729108596,81.29421729108596,,26.11350498480718,,-183.3757761797533,
MTL,2012-06-21,1.2727539685953602,0.29654637548514756,0.09362810088769279,117.33259192139285,487.04258404243143,604.3751759638243,0.0,117.33259192139285,0.34806036208664465,0.15278765550822954,0.15329643198769394,0.11536855965821671,-0.24741523229008974,0.016729651338762988,,0.028946917813177528,0.7525847677099102,1.0,0.15329643198769394,1.0,,,,3.205865165336374,-0.06979113079132507,,3.110815111325013,,0.7494211224211988,0.37293141256227985,0.1450104897584329,-0.0008336617554039259,-0.0008588280687368506,0.001079251918123624,0.0,-0.11825866905027141,1.0301876788395206,-0.06979113079132507,-0.13958226158265014,-33.12609774723177,,,,,1645.5121661644216,14263.090143790541,-13506.777924784268,-13914.516198934381,-13914.516198934381,,1645.5121661644216,,8931.468959680386,
MTL,2011-12-31,1.2813648924210248,0.31146269762762446,0.13575642047123407,54.031776956293896,247.09829646104714,301.130073417341,0.0,54.031776956293896,0.3107453191905334,0.14274765593736743,0.09844192342127313,0.05897036284744882,-0.40096291500633735,0.017013828225562546,,0.037642219366609,0.5990370849936626,1.0,0.09844192342127313,1.0,,,,4.4065624095920795,0.038384495184918516,,6.75528403027069,,1.4771449468796278,0.7871535461384285,0.28851489806118097,0.0004889654208104392,0.0005453349838456699,0.0015651568308025106,0.6400312963318142,0.03654165059135889,1.1152833321869688,0.038384495184918516,0.07676899036983703,-8.67428084380993,1.0898119592221365,0.6400312963318141,,,1636.643643684168,27753.664123078604,40158.80266027039,44788.44324758526,44788.44324758526,,1636.643643684168,2.3061145854236774e-05,16915.403682596083,
MTL,2011-12-15,1.357782466984696,0.3060864058370031,0.12668756433735884,100.16625618557325,537.397488121576,637.5637443071492,0.0,100.16625618557325,0.3864750701737405,0.18201049278904322,0.16188696280791753,0.13369685549049024,-0.17413451230705632,0.019583990429813788,,0.030657285516820662,0.8258654876929437,1.0,0.16188696280791753,1.0,,,,2.9119615337531792,0.010999575720387903,,3.6439417214893397,,0.679199304179527,0.4049036738975414,0.14648056125154554,-0.0009623084459397009,-0.0010703735881841877,-0.009723237887498383,0.0,0.019682675555340465,1.1122978216604555,0.010999575720387903,0.021999151440775806,-8.904892234006159,,,,,-389.02754168078206,-2909.773309578349,-17769.496753246753,-19764.9725306389,-19764.9725306389,,-389.02754168078206,,-1820.0635426139593,
MTL,2011-10-11,1.2482442966196465,0.2878678295333,0.08180611963427258,133.37287200585467,595.827941379879,729.2008133857337,0.0,133.37287200585467,0.3813800743684666,0.16764457484134274,0.02510995039222599,0.015653661303838256,-0.3765952915349203,0.00206052301718792,,0.004324957275821796,0.6234047084650797,1.0,0.02510995039222599,1.0,,,,0.37150038952186193,-0.03854589927904048,,2.736688462283226,,0.6125929562059407,0.364665613164793,0.13163201740430416,0.011501374620170743,0.011331138764288816,-0.026415207639994213,0.0,-0.06539718923561903,0.9851986513348263,-0.03854589927904048,-0.07709179855808096,67.56141096472588,,,,,-136.35105799613225,-8710.489855986545,2116.2921484621916,2084.9681704954332,2084.9681704954332,,-136.35105799613225,,-667.4695865432013,
MTL,2011-06-29,1.18730859760573,0.22630336418268893,0.04989632516776856,142.8637981703996,682.2960389762444,825.159837146644,0.0,142.8637981703996,0.3393369343011921,0.07767987518515693,0.06618764848730409,0.043838845725801996,-0.33765820772117283,0.004758003831440381,,0.00949838235111997,0.6623417922788272,1.0,0.06618764848730409,1.0,,,,1.0005727376861397,-0.020043086371456294,,2.554880975267431,,0.5349584039028963,0.31242966730054117,0.10853396691145059,-0.00023212777059315086,-0.000261726295466668,0.000532927193814689,-0.27997167274822354,-0.050845736326013004,1.127509624539471,-0.020043086371456294,-0.04008617274291259,-7.842545247950653,8.78117048346056,-0.27997167274822354,,,10899.531034642432,248627.23582677165,-190122.27988508384,-214364.70040981908,-214364.70040981908,,10899.531034642432,-1.1260700052318114e-06,86865.65441220248,
MTL,2010-12-31,1.1328332223747621,0.23750567294278618,0.09211858970980212,33.81132287874819,204.08637654816718,237.89769942691538,0.0,33.81132287874819,0.41553036722471454,0.24824486643127158,0.22835697088281556,0.18060420713832517,-0.20911454360197895,0.06538895595266439,,0.10800633530601586,0.7908854563980211,1.0,0.22835697088281556,1.0,,,,6.979409577115093,0.04897995917815352,,10.795200214701374,,1.7884584271300197,1.0551866347588048,0.36205665963574607,0.0004889654208104392,0.0004988676300084455,0.0008397515419922195,0.02261099015295014,0.035635251555722385,1.0202513486160105,0.04897995917815352,0.09795991835630705,-49.3794274623969,10.599489663073479,0.02261099015295014,,,4428.120665336559,24518.369397369854,121795.83589933738,124262.36583211325,124262.36583211325,,4428.120665336559,9.222061135670661e-07,21769.410674886858,
MTL,2010-12-14,1.1227343501152887,0.2858390476430122,0.08664628274770482,51.43514111773776,201.05218136223388,252.48732247997162,0.0,51.43514111773776,0.3032291248370193,0.14517205308585054,0.033631036482888885,0.0326640589754649,-0.028752533628155517,0.008853665519247992,,0.011671193636005859,0.9712474663718444,1.0,0.033631036482888885,1.0,,,,0.2253202312407518,-0.05687163800107964,,7.0963157107802175,,1.8154490915091481,0.7984786584865003,0.2710522144813137,,,,0.0,-0.05045386716639152,0.9722612532057265,-0.05687163800107964,-0.11374327600215928,36.050655331207935,,,,,,,0.0,,,,,,3.9172247518917067,
MTL,2009-12-31,0.8221637094659557,0.28114032996691857,0.1372972801169637,22.09500680031407,95.45346988519432,117.54847668550839,0.0,22.09500680031407,0.311680134636834,0.042689914367831476,0.016548763274341665,0.013265391597641075,-0.19840586406788205,0.005789971881873984,,0.009369778489124203,0.8015941359321179,1.0,0.016548763274341665,1.0,,,,0.19083501340718978,0.14603606044359765,,16.519569480051562,,3.8238526104813158,1.2900211971514437,0.4364719909892136,1.3492877093728985,1.3492877093728985,1.2031592563633076,0.0,0.09761118331026011,1.0,0.14603606044359765,0.2920721208871953,,,,,,2.863326041275282,215.84934151393273,29.333995800195485,29.33399580019549,29.33399580019549,,2.863326041275282,,35.12485525133169,
MTL,2008-12-31,0.4328927571829177,0.11700695848233272,0.04018611460530675,32.26441548213295,196.05169118830358,228.3161066704365,0.0,32.26441548213295,0.44767583499059754,0.20643126451849295,-0.057924236638857374,0.008425805815068655,-1.1606011945853467,0.004882741044960233,0.009618657481420616,-0.16669460170061814,-0.14546252663805265,1.0,-0.057924236638857374,0.0,0.0,0.5609245828017106,0.7187081156668115,-1.297965901952286,0.029662884036341992,1.969929880133333,11.312772741912088,,1.8617538965752918,1.0756498429932295,0.5794984066957692,0.7338805420976677,0.7166994163858428,0.8053580608937579,-6.085553635449176,0.06639046441574292,0.9765886616059942,0.029662884036341992,0.059325768072683985,42.71434563758389,-1.3352492012360626,-6.085553635449175,0.702250828369073,0.702250828369073,0.6151616402536673,73.00923540790797,9.487938520015687,9.265813180662077,9.265813180662077,,0.6151616402536673,-0.08335320321393232,12.335674127687218,0.702250828369073
MTL,2008-12-18,1.1233711606602497,0.3370588102347236,0.11892077857829855,41.2906593579374,246.08559184493214,287.3762512028695,0.0,41.2906593579374,0.5121449697041918,0.31917598049681484,0.29496250469622265,0.19919067739805266,-0.27253884265987355,0.08771659518556056,0.17169058581148341,0.18300434399012908,0.6753084687940119,1.0,0.29496250469622265,0.0,0.0,0.039485439362282874,0.04255742853053112,14.278080435827592,9.988471734567465,1.9573329932412402,8.839771649949087,,1.483223772930194,0.8161100038306083,0.44036496251414475,3.738225706925429,3.753062204743694,0.791191799942607,0.3920856016644399,0.5150913011888271,1.0039688608932251,9.988471734567465,132.91031773146565,-251.96146373056996,6.772573955354773,0.39208560166443984,0.7767368655263882,0.7767368655263882,0.901148666206561,4.524050412287874,1.742577032625185,1.749493078463403,1.749493078463403,,0.901148666206561,0.08666693912151983,2.3074413096936337,0.7767368655263882
MTL,2008-07-14,1.1233711606602497,0.3370588102347236,0.11892077857829855,53.578252049543835,291.36804203798425,344.9462940875281,0.0,53.578252049543835,0.4653472788646685,0.27580909036633866,0.31084472517621975,0.21476195569025183,-0.25614024421418,0.07288419885891637,0.14265864711251255,0.1486282503939,0.6908978608805473,1.0,0.31084472517621975,0.0,0.0,0.039485439362282874,0.04255742853053112,12.849034159505717,2.364282917498443,1.9573329932412402,6.812465618745538,,1.2527111671101414,0.6289440001815352,0.3393720206386844,0.8848423878550485,0.8871870157486085,0.791191799942607,0.0,0.15820541267699825,1.0026497689596943,2.364282917498443,31.46002733173898,-377.3913934426229,,,6.394420923538339,6.394420923538339,9.62632389162276,44.823227003513935,60.686190221764925,60.84699460489664,60.84699460489664,,9.62632389162276,,30.656635298672207,6.394420923538339
MTL,2007-12-31,1.1233711606602497,0.3370588102347236,0.11892077857829855,35.21577758837826,172.92594279012,208.14172037849823,0.0,35.21577758837826,0.4078901492833951,0.2582070013768322,0.249719029673459,0.1527120659004926,-0.2646492235617578,0.05862114518301152,0.1543353325156287,0.12223346449108957,0.6115355569825177,1.0,0.249719029673459,1.0,2.6327587431771162,0.2446325320250679,0.39310001262306843,13.513275688227566,-0.18820037635317996,2.6327587431771162,10.364672456372382,,2.1107301432671677,0.956892690561954,0.38386714787297255,-1.0263848832326663,-1.0252894423315768,0.791191799942607,0.5913594054738555,-0.12061863440940052,0.9989327191787555,-0.18820037635317996,-0.3764007527063599,936.9605263157895,-1.3375470758943246,0.5913594054738555,7.297050920174509,7.297050920174509,7.220302071063966,47.28049501844029,-59.92454175699042,-59.860585442851324,-59.860585442851324,,7.220302071063966,0.012507470686235709,35.054193654743706,7.297050920174509
MTL,2007-12-11,2.1518240490865024,1.0383377001569962,0.22601946018988808,30.49548212845833,161.30645161290323,191.80193374136155,0.0,30.49548212845833,0.35415961033767673,0.18529457396525992,0.18427977370216356,0.13514762022345708,-0.24559772516524095,0.18254393649249484,0.10793717056729878,0.45323720901235376,0.7333828206338328,1.0,0.18427977370216356,0.0,0.0,0.028692752733849903,0.030686198451040224,19.0201181830484,3.2693995457452205,0.5912941982147762,11.968986043981337,,2.2627737226277373,,1.3507003393080195,0.7294263675411131,0.7294263675411131,1.4804112141638992,0.004802157575443998,0.1295937521168987,1.0,3.2693995457452205,48.88361358391032,,,0.004802157575443998,8.859885858546864,8.859885858546864,11.093421135099108,82.08373271210338,85.60151206280688,85.60151206280688,85.60151206280688,,11.093421135099108,5.8503157894717814e-05,49.28180733765614,8.859885858546864
MTL,2007-07-11,2.1645504767881043,1.0498102246987226,0.22851673424970909,81.75314404617126,402.84291457745013,484.5960586236214,0.0,81.75314404617126,0.30671760876747767,0.06912097928807594,0.09283694075578956,0.07367155701461481,-0.23556879275095283,0.03730223232029614,0.021947927425240744,0.08517256909696955,0.793558646104142,1.0,0.09283694075578956,0.0,0.0,0.028692752733849903,0.030686198451040224,6.981936734514054,1.4413327747028601,0.58838107158801,4.464660096666876,,0.9060603694193199,,0.5063315318949511,0.3241613045358229,0.3241613045358229,1.4923332489003638,-0.055327608142493635,0.15316138616877442,1.0,1.4413327747028601,21.550609957138146,,,-0.05532760814249363,3.7752051535534665,3.7752051535534665,12.672050363718164,172.0073645410305,82.73658707785751,82.73658707785751,82.73658707785751,,12.672050363718164,-0.00032165836788514845,111.14006090639884,3.7752051535534665
MTL,2006-12-31,2.1645504767881043,1.0498102246987226,0.22851673424970909,15.866519623448088,83.09866365191782,98.9651832753659,0.0,15.866519623448088,0.3477275001136932,0.16500477511483014,0.19664650507071718,0.13716585565510028,-0.26664639251074224,0.3578522741429326,0.210553504530425,0.9295825213393628,0.6975250112163106,1.0,0.19664650507071718,0.0,0.0,0.028692752733849903,0.030686198451040224,22.649137050519865,0.0,0.58838107158801,23.004414872470864,,4.392369070204371,,2.6089019926558263,0.0,0.008478886841882683,1.4764941201336332,0.31428083577022287,0.0,,0.0,0.0,0.0,0.0,0.31428083577022287,2.5608750095550974,2.5608750095550974,1.6682914525444539,12.162585539795899,2122.9201822916666,,,,1.6682914525444539,0.025839969202428058,9.99767955428039,2.5608750095550974
MTL,2005-12-31,1.4025294333689602,0.8883997656059787,0.3216469893986225,38.59506999633873,73.41852244552139,112.01359244186011,0.0,38.59506999633873,-0.8562949341460793,0.00478445518181907,0.0789720788999061,-0.029797592886769145,-1.300816800578805,-0.01359394190703438,-0.017930543403812938,0.05397032053676434,-0.3773180762347207,1.0,0.0789720788999061,0.0,0.0,0.03467650474108021,0.035050284489991555,2.5727791520732812,0.0,1.319009859423816,9.457166421375197,,4.971497489217932,0.8814811820403662,0.4562093978091237,0.0,0.0065191719718867905,1.7872751518237755,-4.898549262015895,0.0,,0.0,0.0,0.0,0.0,-4.898549262015895,3.5251643242128154,3.5251643242128154,5.8582391523906105,-196.6010870291409,2965.1004887366817,,,,5.8582391523906105,0.02491618604982492,1188.057995663105,3.5251643242128154
MTL,2005-10-17,2.3650384014213586,1.3152379988530176,1.1523361333198394,33.261159710727554,154.52675563617518,187.78791534690274,0.0,33.261159710727554,0.09749739416898688,0.18926834447909927,0.07861645998108882,0.12808457475727633,-0.6292335572994135,0.05566737261836228,0.09262651333160643,0.04615663236740651,1.6292335572994137,1.0,0.07861645998108882,0.0,0.0,0.03283092265200641,,4.2222623258499965,,1.6639282397361235,10.97376048142658,,2.362050497322112,1.1673204039782792,0.4346141814801152,1.0397111838131639,1.043839000465074,2.5650783536004833,0.0,0.28166966732056054,1.0039701570168469,,,-251.87920673076923,,,3.788980069390546,3.788980069390546,5.239427497548738,40.90599908285281,18.527761456875265,18.601319579029745,18.601319579029745,,5.239427497548738,,23.80189078839791,3.788980069390546
