symbol,date,revenuePerShare,netIncomePerShare,operatingCashFlowPerShare,freeCashFlowPerShare,cashPerShare,bookValuePerShare,tangibleBookValuePerShare,shareholdersEquityPerShare,interestDebtPerShare,marketCap,enterpriseValue,peRatio,priceToSalesRatio,pocfratio,pfcfRatio,pbRatio,ptbRatio,evToSales,enterpriseValueOverEBITDA,evToOperatingCashFlow,evToFreeCashFlow,earningsYield,freeCashFlowYield,debtToEquity,debtToAssets,netDebtToEBITDA,currentRatio,interestCoverage,incomeQuality,dividendYield,payoutRatio,salesGeneralAndAdministrativeToRevenue,researchAndDdevelopementToRevenue,intangiblesToTotalAssets,capexToOperatingCashFlow,capexToRevenue,capexToDepreciation,stockBasedCompensationToRevenue,grahamNumber,roic,returnOnTangibleAssets,grahamNetNet,workingCapital,tangibleAssetValue,netCurrentAssetValue,investedCapital,averageReceivables,averagePayables,averageInventory,daysSalesOutstanding,daysPayablesOutstanding,daysOfInventoryOnHand,receivablesTurnover,payablesTurnover,inventoryTurnover,roe,capexPerShare
MTL,2020-06-30,,,,,,,,,,,-3617000000.0,,,,0.0,,,-0.05701360319036585,-0.6250216001382409,-0.4372053668560377,-0.5097237880496054,,,-1.7886495223597225,2.1308059865719846,-0.6250216001382409,0.17633750231445666,1.7908201655379985,0.17574457237540894,,0.0,0.1765104585362778,0.0,0.05283078459140322,-7.028887000849617,-53.900594732370436,-2.959218351741716,0.0,,-0.04809173802126746,0.253174496463818,,-324738000000.0,-232355000000.0,-348767000000.0,,,,,24.075755426301605,89.8851827797365,85.21734087956949,3.7382004596075658,1.0012773765009173,1.0561230739080376,-0.2012930923893987,
MTL,2020-05-26,,,,,,,,,,,-6816000000.0,,,,0.0,,,-0.09974828777146871,-1.6224708402761248,-0.42709442947553106,-0.4269874083818831,,,,1.8284634978731824,-1.6224708402761248,0.15806401719604524,,,,,-0.19169642334484574,0.0,0.042542536353744186,-3989.75,-17083.0,-998.0,0.0,,0.003943278728417048,0.0,,-424590000000.0,-281760000000.0,-511774000000.0,,,,41243500000.0,0.0,0.0,373.35624311509173,,,0.9776185793884908,,
MTL,2019-12-31,,,,,,,,,,,-3509000000.0,,,,0.0,,,-0.05131917631917632,0.3161261261261261,0.08241538859008385,0.08241538859008385,,,,1.7474984400249596,0.3161261261261261,0.14372310578771066,,,,,-0.1860886860886861,0.0,0.04368570102878354,,,,0.0,,0.03925572025535275,0.0,,-393407000000.0,-247249000000.0,-480070000000.0,,,,39773000000.0,0.0,0.0,315.1653206547697,,,1.1581223443039248,,
MTL,2019-11-19,,,,,,,,,,,-2947000000.0,,,,0.0,,,-0.039364188873305284,-0.6795019598801014,-0.1867435523731069,-0.18669623059866963,,,,1.6898696472171548,-0.6795019598801014,0.1518779368197159,,,,,-0.18763106925799772,0.0,0.051915781545651254,-3945.25,-18716.25,-1021.25,0.0,,0.00037286698153211775,0.0,,-390768000000.0,-240314000000.0,-477485000000.0,,,,40117500000.0,0.0,0.0,309.1417746425805,,,1.1806880529879886,,
MTL,2019-08-15,,,,,,,,,,,-3772000000.0,,,,0.0,,,-0.04806932585701542,-0.949169602415702,-0.29507940233122115,-0.29365511872323863,,,,1.6820739734327235,-0.949169602415702,0.1602477385001707,,,,,-0.17809353893207594,0.0,0.05146377064380204,-206.17741935483872,-1265.6451612903227,-62.61290322580645,0.0,,0.007627636021272057,0.0,,-388592000000.0,-239715000000.0,-475536000000.0,,,,41283000000.0,0.0,0.0,320.24121458153934,,,1.1397658495548337,,
MTL,2019-05-23,,,,,,,,,,,-2745000000.0,,,,0.0,,,-0.03667040718178904,-0.7767402376910016,-0.19588953114964675,-0.1938833168526628,,,,1.691524392704069,-0.7767402376910016,0.16129809414047494,,,,,-0.1813348295393823,0.0,0.052581104693566555,-96.64137931034483,-516.248275862069,-22.76551724137931,0.0,,0.008164296542265213,0.0,,-386421000000.0,-239756000000.0,-470705000000.0,,,,41688000000.0,0.0,0.0,351.73035272277224,,,1.0377267619200514,,
MTL,2019-03-31,5.3798076923076925,0.0,1.0388987166499999,0.0,0.20350938251634615,-17.330325220003846,22.780262226148555,-17.330325220003846,33.46532010328124,492960000.0,7566934867.265999,,0.4405361930294906,2.281261842003451,,-0.13675450229083896,-0.13675450229083896,6.762229550729222,,35.01736403282086,,0.0,0.0,-2.331570819269545,1.6915243927040544,,0.16129809414046814,-1.0822012890429331,,,,0.0,0.0,0.046366146487746514,-12.601618705053031,-65.25591393892574,-12.89087134237129,0.0,0.0,-0.07878437883489961,0.0,-37.44424361886478,-5958900624.0777,-3666336615.8148003,-7258622896.417299,,309826652.29455,453632122.65045,647695424.0474,101.65635046918811,,,3.590528268183609,0.0,0.0,0.0,-0.08244168792644231
MTL,2018-12-31,181.54290424612952,0.0,-129.18995784822687,-129.0097866473898,4.331315668123639,0.0,722.4672970953076,0.0,0.0,999049788.0,-803950212.0,,0.01322001545566421,-0.01857729532522593,-0.018603239819004525,,,-0.010638342909317066,0.09680315617098134,0.01494942563873703,0.014970303558460421,0.0,-53.75407776974575,,1.7341833923652106,0.21709813365442504,0.1514925608206722,,,1.3873182464455915,,-0.1726720567413426,0.0,0.0531538764266037,717.04,-1007.6133333333333,121.05333333333333,0.0,0.0,-0.022116415463202373,0.0,-1266.7368685733609,-404055000000.0,-250078000000.0,-478680000000.0,,,,41598000000.0,0.0,0.0,344.55955564251394,,,1.0593234000414526,,-0.18017120083708982
MTL,2018-11-27,192.09853433250515,0.0,45.5809115291059,45.76348501262081,6.671138996327979,0.0,716.5937159480184,0.0,0.0,836704197.4499999,-1940295802.5500002,,0.01046338019696117,0.04409740684357541,0.04392148018110236,,,-0.02426431316888639,-0.6220890678262264,-0.10226076750026353,-0.10185279803412074,0.0,22.76790299135364,,1.7407005013478447,-0.8903494709842898,0.14899027895808742,,,-0.005975827556785732,,-0.1636716063277684,0.0,0.060612072657647446,-249.6578947368421,-1052.171052631579,-37.223684210526315,0.0,0.0,0.02412535073451746,0.0,-1272.7437764092695,-401560000000.0,-254452000000.0,-482446000000.0,,,,40052500000.0,0.0,0.0,317.4515342979751,,,1.1497818109689577,,-0.18257348351491767
MTL,2018-09-30,3.1490384615384617,0.0,1.1092884615384615,0.0,0.10148824674735576,-9.009615384615385,11.627403846153847,-9.009615384615385,15.227259327182933,1106560000.0,7600246315.2006,,0.8447022900763359,2.397933533276702,,-0.2952401280683031,-0.2952401280683031,5.801714744427938,,16.46985748660914,,0.0,0.0,-2.2470651013874066,1.7411618771966095,,0.14893617021276595,-1.1583238958096596,,0.019042390364462838,,0.0,0.0,0.0,-8.514253030498718,-24.17018764183841,-2.1682872377719145,0.0,0.0,-0.0990851841217927,0.0,-18.865433989946634,-6120000000.0,,-7351000000.0,,298500000.0,409500000.0,619000000.0,80.52290076335878,,,4.532871972318339,0.0,0.0,0.0,-0.1302860576923077
MTL,2018-08-22,191.27935593936584,0.0,49.91462947990736,50.06837557128834,7.053101942102609,0.0,725.5902645764837,0.0,0.0,1252974942.4499998,-1683025057.5500002,,0.015736146669973878,0.06030296190441813,0.060117788237693114,,,-0.02113715786132322,-0.45984291189890714,-0.08100033966454905,-0.08075161009260148,0.0,16.634011817703772,,1.7540059014678968,-0.8021857923497268,0.14925096257698556,,,0.003990502787089475,,-0.18562242539937707,0.0,0.05986752823117818,-324.65625,-1244.125,-50.75,0.0,0.0,0.005650475958018062,0.0,-1297.326335051482,-412746000000.0,-261478000000.0,-491110000000.0,,,,40431500000.0,0.0,0.0,333.6191747302858,,,1.0940618155268922,,-0.1537460913809833
MTL,2018-06-30,3.1802884615384617,0.0,0.7162019230769231,0.0,0.11246673191177885,-9.665865384615385,11.488353606309374,-9.665865384615385,15.156196494028846,1439360000.0,7825368949.2873,,1.0879516250944823,4.831039806672484,,-0.35796070629196713,-0.35796070629196713,5.914866930678231,,26.264915584638853,,0.0,0.0,-2.2305396667495647,1.7541560727557206,,0.14927498705334025,-2.392220421393581,,0.015344585298465985,,0.0,0.0,0.06529335023964405,-8.224479655496053,-36.520730966708996,-1.6969303814939547,0.0,0.0,-0.11710736060065109,0.0,-20.065536402569712,-6571000000.0,-4189844899.7753,-7816000000.0,,313500000.0,442000000.0,638500000.0,88.00831443688585,,,4.147335423197492,0.0,0.0,0.0,-0.08708173076923077
MTL,2018-05-24,,,,,,,,,,,-1277000000.0,,,,0.0,,,-0.016495724287596557,-0.3945010812480692,-0.09104520176814487,-0.09104520176814487,,,,1.7560453596685255,-0.3945010812480692,0.145156657159858,,,,,-0.18176298860671197,0.0,0.05983987040094707,,,,0.0,,0.009249909844933285,0.0,,-416625000000.0,-261891000000.0,-492928000000.0,,,,39885500000.0,0.0,0.0,361.10885750327736,,,1.0107755387769388,,
MTL,2018-03-31,3.1538461538461537,0.0,0.3425504807692308,0.0,0.0,-10.625,13.495192307692308,-10.625,17.90946536153942,2071680000.0000002,9703869901.2265,,1.5790243902439027,14.538003242082512,,-0.4687058823529412,-0.4687058823529412,7.3962423027641,,68.09685476752092,,0.0,0.0,-2.2309954751131222,1.7565016031350196,,0.14515183491616837,-1.2916945426743887,,0.011627950000048268,,0.0,0.0,0.0,-7.956504745951982,-73.25516471245115,-4.1317699609156895,0.0,0.0,-0.08058237992,0.0,-22.166690162042787,-7291000000.0,,-8623000000.0,,340500000.0,481000000.0,661500000.0,103.76905487804878,,,3.517426273458445,0.0,0.0,0.0,-0.04305288461538462
MTL,2017-12-31,331.77706849987726,-16.0,-37.863000245519274,-37.40928062852934,4.81610606432605,0.0,589.08126687945,0.0,0.0,2560898750.0,108898750.0,-0.314375,0.015160782578322953,-0.13284736992270582,-0.13445861335713535,,,0.0006446917402732719,-0.02349487594390507,-0.005649154432743684,-0.005717670376982044,-3.180914512922465,-7.437232729329889,,1.7650026478486622,0.5290183387270766,0.13934168890504556,,2.3664375153449546,0.33425765075639946,-0.10508224895654308,-0.16291529517630066,0.0,0.06019860431740342,83.45021645021644,-731.2380952380952,24.87012987012987,0.0,0.0,0.07226958993097848,-0.027160938396084237,-1064.2042720353547,-416686000000.0,-263344000000.0,-495798000000.0,,,,38881500000.0,0.0,0.0,157.2487270500448,,,2.321163464069492,,-0.4537196169899337
MTL,2017-08-23,133.4937392585318,11.574760618708568,21.1146575006138,21.124478271544316,5.796219003191751,0.0,602.787134790081,0.0,0.0,2627085000.0,-323915000.0,0.4457975564228746,0.03865349812403443,0.24438000000000001,0.24426638772663878,,,-0.004765908923710734,-0.09727177177177178,-0.030131627906976745,-0.03011761971176197,2.24317066254042,4.093891137896185,,1.7627183785412528,-0.8861861861861862,0.13357922194485738,,1.8241982012557272,,0.0,-0.2058265283601854,0.0,0.05640177347050468,-2150.0,-13593.0,-646.8,0.0,0.0,-0.04220719477412826,0.01920206977001831,-1084.169899337098,-432467000000.0,-266409000000.0,-506628000000.0,,,,38260500000.0,0.0,0.0,369.9531112091792,,,0.9866115162729945,,-0.009820770930518046
MTL,2017-05-31,165.73102529960053,6.0,22.708388814913448,22.95339547270306,7.691078561917443,0.0,830.7616511318242,0.0,0.0,1738565000.0,-1149435000.0,0.7716666666666666,0.027936833140506493,0.20388941010906533,0.20171307576284953,,,-0.018470160046278442,-0.42698179791976226,-0.1347994605371174,-0.13336059867734076,1.2958963282937366,4.957536819158329,,1.718504276739081,-1.0728083209509658,0.14374516758508118,,3.7847314691522413,,0.0,-0.22782491322792134,0.0,0.05548103852849898,-92.68478260869566,-676.4347826086956,-27.293478260869566,0.0,0.0,-0.009053596534918764,0.00722228811576177,-1455.2796271637817,-418611000000.0,-255628000000.0,-497304000000.0,,,,38120000000.0,0.0,0.0,370.5686405523539,,,0.9849727150574492,,-0.24500665778961384
MTL,2016-12-31,-0.07317212770430608,-0.01700000000000982,0.03130860113423359,0.0313228838479492,-0.0015077189666045255,0.0,-0.2741477630751426,0.0,0.0,-6878244705878.38,-6879933705878.38,-361.17647058802663,-83.91173241281419,196.11224320355768,196.02281928462995,,,-83.93233751224082,950.5296637024564,196.1603999052941,196.07095402771182,-0.0027687296416954105,0.005101446880773485,,1.7760834498333153,0.23335175462835037,0.12618087409418496,,-1.8416824196597354,-1.4538592951561702e-07,5.250997689561016e-05,-0.20502622910821033,0.0,0.05639623308189821,-2192.0625,5123.125,-561.0,0.0,0.0,-0.11710519732489813,0.06201035459607307,0.4987795893722688,-441581000000.0,-270943000000.0,-514288000000.0,,,,37500000000.0,0.0,0.0,399.32466846796484,,,0.9140432054957844,,-1.4282713715614215e-05
MTL,2016-11-29,,,,,,,,,,,-2350000000.0,,,,0.0,,,-0.03688878423985559,-0.7941872254139912,-0.22969406705111914,-0.22842146189735615,,,,1.7613474421939739,-0.7941872254139912,0.12134321094468177,,,,,-0.20078486774978416,0.0,0.06391889905284222,-179.49122807017545,-1117.6315789473683,-50.94736842105263,0.0,,0.03616436574141828,0.0,,-454972000000.0,-275072000000.0,-524248000000.0,,,,36907500000.0,0.0,0.0,334.77017997629054,,,1.0903002173785323,,
MTL,2016-08-29,,,,,,,,,,,-2822000000.0,,,,0.0,,,-0.021652063160802246,-0.46020874103065884,-0.11359793897431769,-0.11249302399744877,,,,1.6385710044299686,-0.46020874103065884,0.12757793855328414,,,,,-0.2043672410882809,0.0,0.06264569364136362,-101.81147540983606,-534.155737704918,-24.885245901639344,0.0,,0.0012689024518131673,0.0,,-463168000000.0,-238542000000.0,-489683000000.0,,,,37563500000.0,0.0,0.0,167.57190904722947,,,2.1781693726311024,,
MTL,2015-12-31,,,,,,,,,,,,,,,0.0,,,0.0,0.0,0.0,0.0,,,,,0.0,,,,,,-0.20193093967393666,0.0,,-43.99860763018658,70.49317738791423,-22.814257866889445,0.0,,,,,,,,,,,,0.0,0.0,0.0,,,,,
MTL,2015-06-23,4072.294342952205,-1416.0015016188563,379.5582608141247,388.1848579102046,151.65610545127308,0.0,14179.516746967169,0.0,31527.78848294996,865843149.6,12877963843149.6,-0.0014689249959283389,0.0005107685802721486,0.005480054618067203,0.00535827185840708,,,7.596825489697889,282.31861982132193,81.50661613775783,79.69530195649236,-680.7699527013732,186.6273355337522,,1.0,282.2996382768826,0.15783502511260303,-2.8464876976961735,-0.26804933496199784,0.05197246177992975,-7.634364820846905e-05,-0.23158584619777167,0.0,0.06172025853045096,-43.99860763018658,-472.062656641604,-22.814257866889445,0.0,0.0,0.2270721858720802,-0.09986246547659829,-13586.645393492641,-7238984000000.0,-388269000000.0,-4934087000000.0,,,,315079000000.0,77.71082901667495,0.0,188.45117369578185,4.696900092542822,,1.9368412137842255,,-8.62659709607986
MTL,2014-12-31,0.015388463102301363,-0.010473313468137185,-0.0007508070258456428,-0.0007039480999319326,3.879686524692001e-06,0.0,0.004146219787797003,0.0,0.0019583072070077853,1082303937000.0,1082324280000.0,-248.24999346290394,168.95774338966748,-3462.9404234351555,-3693.4541058515592,,,168.9609191217851,-5578.301034923515,-3463.0055129119887,-3693.523528066805,-0.004028197487745071,-0.0002707492692045894,,0.30886966062155113,-0.10484785387374758,0.017181482912413334,-3.8700877931691773,0.07168763048387815,-1.9218261422622913e-07,4.7709332725345173e-05,-0.22801968913324508,0.0,0.1893740104651747,16.02271096073003,-328.39982569465803,16.428381010970984,0.0,0.0,0.4585708199614843,-2.5259909035603583,-0.001555855192273961,-8671967000.0,1068318000.0,-506030000.0,,,,19887140000.0,0.11988572172543897,3.5385016632119255,0.11588287396472469,3044.5660646387832,103.15100422156837,3149.73203125,,-4.685892591371032e-05
MTL,2014-12-09,0.11858414537684156,-0.006783888199604255,0.012541478895332529,0.012561460309422663,0.004079038703012022,0.0,0.6119395236145209,0.0,0.8744817762660572,24379655904360.0,39544233904360.0,-203.42316373676434,11.63730611385341,110.03487001150913,109.85983842697237,,,18.875916739274363,54.82568837326279,178.47850906676658,178.19460473494476,-0.004915861014205982,0.009102507470596133,,1.0,21.024770128328843,0.184540808901904,-0.6047663903541823,-1.8487154455263795,8.613739292458352e-06,-0.0017522340984755564,-0.19522882808573158,0.0,0.05031484055047902,-627.657223796034,-5934.7223796033995,-293.6940509915014,0.0,0.0,-0.07609319822668074,-0.011085880120202254,-0.5951800842441347,-7906760000000.0,-572761000000.0,-9594217000000.0,,,,454195000000.0,82.49151891900406,0.0,218.3001764054599,4.424697287467606,,1.6720096429151168,,-1.9981414090134104e-05
MTL,2014-10-14,0.27645893894158174,-0.12700000000364772,-0.04735563625130601,-0.04709658779636804,0.004124563280445882,0.0,0.7369524901002144,0.0,0.0679359356979812,28094203463760.0,28825884463760.0,-13.228346456312964,6.076851797347739,-35.47624175261013,-35.67137405503413,,,6.235116366253233,-21.53716828642621,-36.400179392460814,-36.600393689765156,-0.07559523809740937,-0.028033683212123836,,1.0,-0.5466731419392196,0.1982443242125732,-3.7698437779500327,0.3728790255901248,3.9153984252265435e-06,-5.179424688339891e-05,-0.1953392826667353,0.0,0.0515282691386514,182.8060941828255,-1067.2093721144968,28.880424746075715,0.0,0.0,-0.5466163313863212,-0.172331326251951,-0.7167602550460415,-8562834000000.0,-669527000000.0,-10876122000000.0,,,,541622500000.0,43.049013540764726,0.0,118.37138802608932,8.478707639940874,,3.0835154177591733,,-0.0002590484549379702
MTL,2013-12-31,0.0069825180724626705,-0.0020213671273007668,0.0005613221750666144,0.0005375708062309303,0.0006450729560637272,0.0,0.03158220258788544,0.0,0.008156054781125683,1681733809800.0,1684435108800.0,-1998.647324098327,578.5878329384873,7197.292712550608,7515.289061780807,,,579.517194485137,-3525.9882542074856,7208.853424176802,7527.36055770305,-0.0005003383978467244,0.00013306208075023027,,1.0,-5.654565435820146,0.7938376135877275,-2.88396037648453,-0.2776943225628568,,0.0,-0.2794013523620923,0.0,0.04971357857994248,23.633255790431882,293.9838171336098,14.681602103772631,0.0,0.0,-0.11976888657315005,-0.06400336143990601,-0.029853270135522015,-740840000.0,-687763000.0,-10981872000.0,,,,20574997500.0,74.14655451799996,0.0,228.64836505623595,4.922683223417913,,1.5963376773336142,,2.375136883568409e-05
MTL,2013-12-23,0.7280335281411574,-0.0790560059867645,0.0833645143984614,0.08463405670836326,0.012469429929662193,0.0,1.8233918595719536,0.0,0.4944770351134319,33643494720000.004,37080556720000.0,-54.64480460501953,5.933792652420812,51.82061013816367,51.04328172388211,,,6.5399964196350036,127.6408372947984,57.114669254347454,56.25792798547147,-0.018300001385825115,0.019591216830639642,,1.0,11.831253635884849,0.8971809966409185,-0.8972592576222063,-1.0544994445130231,,0.0,-0.1610621020481628,0.0,0.0486558221489628,-65.66501466572267,-573.4614139779509,-19.89794679882674,0.0,0.0,-0.02628450698780347,-0.04335656407138021,-1.7065413530262412,-423020000000.0,-726264000000.0,-11235359000000.0,,,,833544000000.0,47.9425608922199,0.0,157.77792166222397,7.613277080057524,,2.313378172019554,,-0.001269542309901865
MTL,2013-06-18,7084.694361598724,1061.6167609856898,819.5483446716871,817.0499706867462,408.8853277450473,0.0,39817.18436639116,0.0,12233.713421297478,2489299055.1000004,4763758299055.1,0.005632917847347936,0.000844073109549155,0.007296701944283228,0.00731901378684794,,,1.6152981990596953,11.04790753762277,13.963659517564208,14.006357571446925,177.52788645245647,136.63042988072678,,1.0,11.042134460134836,0.8148400166987451,2.102327689508944,0.7719813540912382,,0.0,-0.1677079267897778,0.0,0.044835712514072694,328.0326923076923,2835.7221153846153,110.00096153846154,0.0,0.0,0.02693919298817049,0.026662276046866287,-37203.61612248298,-885730000000.0,-778023000000.0,-13454889000000.0,,,,930756000000.0,100.70538605856397,0.0,337.3345997728222,3.624433749628235,,1.0820117481153997,,2.498373984940979
MTL,2012-12-31,0.006063606511670668,-0.0022295633578573964,-0.0026593821768570356,-0.002659293292397956,0.0007085724940867512,0.0,0.040590063565480686,0.0,0.007461816707777531,5403194270100.0,5405820812100.0,-5821.7677260689015,2140.6402237706716,-4880.832891547872,-4880.996028947069,,,2141.6808085013995,-4500.987329292358,-4883.205508918965,-4883.3687256207395,-0.00017176913388731866,-0.0002048762166716453,,1.0,-2.1869079040490247,1.1121005909992736,-5.2577016399835355,1.192781612365882,,0.0,-0.17476155876426547,0.0,0.04514457876194604,29919.54054054054,-68218.97297297297,9000.621621621622,0.0,0.0,-0.06964459740534037,-0.054928796902735104,-0.03802044988772872,421108000.0,-798847000.0,-13517676000.0,,,,20923094500.0,102.0139558543989,0.0,405.22459909371025,3.577941831027043,,0.9007350511699609,,-8.888445907963097e-08
MTL,2012-12-12,0.7947861723102467,0.061877881014281176,0.13401995014889254,0.13660670940365532,0.17043979907247367,0.0,5.205579569569074,0.0,1.4544384719993995,47207145301.66,51433505301.66,223.34313608461153,17.388324660743255,103.11897582894453,101.1663340719501,,,18.945066110444824,220.99315668975416,112.35100864727072,110.22355083301724,0.004477415413479101,0.009884711244837576,,1.0,18.159303594599937,1.1856234396007526,0.8897654076543272,2.1658781450185933,0.003949465675346479,0.8820860497904109,-0.1386847870768315,0.0,0.05797125711653163,-51.80998189225894,-307.2516976007243,-11.999320959710277,0.0,0.0,0.009858474179257708,0.011886837995140571,-4.8622341920541565,830036000.0,-1094252000.0,-13574120000.0,,,,20993556500.0,102.02061346448235,0.0,407.06920946641605,3.5777083434915022,,0.8966534228379491,,-0.002586759254762774
MTL,2012-10-02,0.5093150079906138,-0.13465154369741764,0.16360327269499852,0.16772529894310986,0.024757282783116924,0.0,2.784489573224005,0.0,0.9305681579844962,80990095624.2,86321212624.2,-98.77346842667552,26.11350498480718,81.29421729108596,79.2963260987311,,,27.83240838010694,-183.3757761797533,86.64535288935909,84.51595189179133,-0.01012417621785095,0.012610924732564652,,1.0,-11.325115670421088,1.0373166391722433,-5.402514055659872,-1.2150122323338512,,0.0,-0.1776138623566161,0.0,0.05470488210721346,-39.690012350105576,-123.5593801043783,-5.346400541811083,0.0,0.0,-0.07668485236251468,-0.04835771158644065,-2.6452808676643196,183522000.0,-981261000.0,-12835868000.0,,,,20940794500.0,96.63262091708947,0.0,340.7857575208786,3.777192386338864,,1.0710541504295052,,-0.004122026248111343
MTL,2012-06-21,0.007049476897541767,0.0008132879960132677,-0.0008336617554039259,-0.0008588280687368506,0.001056228440939322,0.0,0.04561204511261054,0.0,0.012282184278888011,4828740642000.0,4833273359000.0,14263.090143790541,1645.5121661644216,-13914.516198934381,-13506.777924784268,,,1647.056800992063,8931.468959680386,-13927.577692354242,-13519.456676130403,7.011103413907481e-05,-7.40369024773147e-05,,1.0,8.376066938802664,1.2727539685953602,3.205865165336374,-1.0250511005824876,,0.0,-0.1340845823006443,0.0,0.061742438936164795,-33.12609774723177,280.1155975563192,8.858056510118367,0.0,0.0,0.028946917813177528,0.01783055317965593,-0.04276846851200172,1280851000.0,-1249445000.0,-14259560000.0,,,,21162892500.0,117.33259192139285,0.0,487.04258404243143,3.110815111325013,,0.7494211224211988,,2.5166313332924706e-05
MTL,2011-12-31,0.013381043628228066,0.0007890849980341521,0.0004889654208104392,0.0005453349838456699,0.0015455782269782135,0.0,0.04361356213009877,0.0,0.013037548434973492,9116329315500.0,9120988650500.0,27753.664123078604,1636.643643684168,44788.44324758526,40158.80266027039,,,1637.480128495942,16915.403682596083,44811.33451818298,40179.32773218447,3.603127844904804e-05,2.4901140814870775e-05,,1.0,8.64100761852481,1.2813648924210248,4.4065624095920795,0.6196612811403068,2.3061145854236774e-05,0.6400312963318142,-0.12011069027566108,0.0,0.05962772548581062,-8.67428084380993,-237.38065203494565,10.906115491157042,0.0,0.0,0.037642219366609,0.01809265190676974,-0.040206379384167386,1333449000.0,-1151187000.0,-13233572000.0,,,,21186048500.0,54.031776956293896,0.0,247.09829646104714,6.75528403027069,,1.4771449468796278,,-5.636956303523083e-05
MTL,2011-12-15,-0.04889113998927852,-0.006536591677911899,-0.0009623084459397009,-0.0010703735881841877,-0.009577666044327781,0.0,-0.31628861119840285,0.0,-0.09020400391888644,-1028924940000.0,-1024710335000.0,-2909.773309578349,-389.02754168078206,-19764.9725306389,-17769.496753246753,,,-387.4340363058365,-1820.0635426139593,-19684.01273579469,-17696.710676291794,-0.000343669383696735,-5.627621388981008e-05,,1.0,7.485870538251676,1.357782466984696,2.9119615337531792,0.14721868725431972,,0.0,-0.1482015710448628,0.0,0.052381816092367806,-8.904892234006159,-452.42285323297983,-13.960827916524119,0.0,0.0,0.030657285516820662,0.02066654140073225,0.29190430615376084,1463248000.0,-945810000.0,-12503057000.0,,,,21081061000.0,100.16625618557325,0.0,537.397488121576,3.6439417214893397,,0.679199304179527,,0.00010806514224448675
MTL,2011-10-11,-0.17586955578063956,-0.0027530024598466213,0.011501374620170743,0.011331138764288816,-0.025769063811315294,0.0,-1.2584709882795544,0.0,-0.3102684126754449,-331451560000.0,-327683514000.0,-8710.489855986545,-136.35105799613225,2084.9681704954332,2116.2921484621916,,,-134.8009761118349,-667.4695865432013,2061.2655939410715,2092.233471034804,-0.00011480410591520523,0.00047252455230562196,,1.0,7.6752598108910774,1.2482442966196465,0.37150038952186193,-4.177756753915694,,0.0,-0.12952898737036014,0.0,0.058079868930548915,67.56141096472588,-1033.0934976625585,-35.449213769655756,0.0,0.0,0.004324957275821796,0.0021875772151173935,1.1726568875705397,1080844000.0,-1072570000.0,-13032359000.0,,,,21113892500.0,133.37287200585467,0.0,595.827941379879,2.736688462283226,,0.6125929562059407,,0.00017023585588192737
MTL,2011-06-29,0.004565334035184241,0.00020013897445519502,-0.00023212777059315086,-0.000261726295466668,0.0005114868209150754,0.0,0.03952863658482654,0.0,0.01188343418176072,20713632271200.0,20718240368200.0,248627.23582677165,10899.531034642432,-214364.70040981908,-190122.27988508384,,,10901.955819228959,86865.65441220248,-214412.38945440244,-190164.57579417893,4.022085499501508e-06,-5.259772818863906e-06,,1.0,19.32043235265755,1.18730859760573,1.0005727376861397,-1.15983291722681,-1.1260700052318114e-06,-0.27997167274822354,-0.18346782150214558,0.0,0.06026597351070231,-7.842545247950653,154.24194464735004,7.376430484538592,0.0,0.0,0.00949838235111997,0.00506313882154034,-0.03737148703543892,799281000.0,-1055249000.0,-12443395000.0,,,,21059987500.0,142.8637981703996,0.0,682.2960389762444,2.554880975267431,,0.5349584039028963,,2.9598524873517113e-05
MTL,2010-12-31,0.013721396635740039,0.0024781419602283123,0.0004889654208104392,0.0004988676300084455,0.0008186979366037361,0.0,0.03552313771173134,0.0,0.010431914930750179,25292610466200.0,25296425284200.0,24518.369397369854,4428.120665336559,124262.36583211325,121795.83589933738,,,4428.788547145076,21769.410674886858,124281.10799834924,121814.20604534248,4.078574654753641e-05,8.210461323377972e-06,,1.0,3.2829278745491677,1.1328332223747621,6.979409577115093,0.19731130365323804,9.222061135670661e-07,0.02261099015295014,-0.12382349151303193,0.0,0.06267642273454382,-49.3794274623969,-1385.6904415332363,62.0844250363901,0.0,0.0,0.10800633530601586,0.06976134766974479,-0.033863347158830485,491427000.0,-988785000.0,-11585022000.0,,,,20819813000.0,33.81132287874819,0.0,204.08637654816718,10.795200214701374,,1.7884584271300197,,-9.902209198006456e-06
MTL,2010-12-14,,,,,,,,,,,3296611000.0,,,,0.0,,,0.8171619296914893,3.9172247518917067,-16.196219944777983,-16.658300319359665,,,,1.0,3.9172247518917067,1.1227343501152887,0.2253202312407518,-1.544629441316193,,0.0,-0.18046264209686136,0.0,0.05934026640009949,36.050655331207935,-714.5270988310308,-45.32624867162593,0.0,,0.011671193636005859,0.009412187216056389,,399964000.0,-883194000.0,-11224811000.0,,,,20660668500.0,51.43514111773776,0.0,201.05218136223388,7.0963157107802175,,1.8154490915091481,,
MTL,2009-12-31,13.823085261492494,0.1833686390812787,1.3492877093728985,1.3492877093728985,0.996217017364504,0.0,29.49538767130993,0.0,10.438120026907008,16475996087.099998,19907398087.1,215.84934151393273,2.863326041275282,29.33399580019549,29.333995800195485,,,3.4596616226108963,35.12485525133169,35.44329148858135,35.44329148858135,0.004632861017718007,0.0340901391958792,,1.0,6.05440741335413,0.8221637094659557,0.19083501340718978,7.358334097548833,,0.0,-0.18470334259853677,0.0,0.06866590646310324,,,,0.0,0.0,0.009369778489124203,0.006216858077089822,-28.595177280594147,-537141000.0,-905244000.0,-10700028000.0,,,,20404393000.0,22.09500680031407,0.0,95.45346988519432,16.519569480051562,,3.8238526104813158,,0.0
MTL,2008-12-31,11.054005248435127,0.09313890170206413,0.7338805420976677,0.7166994163858428,0.6121953153349751,9.683149845180688,16.871272085190615,9.683149845180688,25.234007256503215,2830641066.0,12874632066.0,73.00923540790797,0.6151616402536673,9.265813180662077,9.487938520015687,0.702250828369073,0.702250828369073,2.797945622464527,12.335674127687218,42.14378747139869,43.15408229509186,0.013696897309127078,0.10539697299791806,0.0,0.0,9.62352937794807,0.4328927571829177,-1.297965901952286,7.879420185189962,-0.08335320321393232,-6.085553635449176,-0.14894906159111707,0.0,0.11553549391675526,42.71434563758389,643.3807326621924,13.116051454138702,0.0,4.5046924074707295,-0.16669460170061814,0.005520561889569682,3.177891470610071,-3596293000.0,,,,,,20569054500.0,32.26441548213295,0.0,196.05169118830358,11.312772741912088,,1.8617538965752918,0.009618657481420616,0.017181125711824886
MTL,2008-12-18,7.25740407243848,1.4456072333404069,3.738225706925429,3.753062204743694,0.5688100901734039,8.419839832847249,14.265876406952403,8.419839832847249,0.5241804825847178,2722410672.3,2641422672.3,4.524050412287874,0.901148666206561,1.749493078463403,1.742577032625185,0.7767368655263882,0.7767368655263882,0.8743407239216894,2.3074413096936337,1.697448048343502,1.6907377454249852,0.22104086136703469,0.5738627224378736,0.0,0.0,-0.07074788096171973,1.1233711606602497,14.278080435827592,2.585920726397724,0.08666693912151983,0.3920856016644399,-0.12169663146361606,0.0,0.13437476176406324,-251.96146373056996,-489.1588406735751,-29.22538860103627,0.0,16.54886946995058,0.18300434399012908,0.10133322286711369,2.6004734010313406,245640000.0,,,,,,20383334000.0,41.2906593579374,0.0,246.08559184493214,8.839771649949087,,1.483223772930194,0.17169058581148341,-0.014836497818264889
MTL,2008-07-14,5.592996932801511,1.2011629594580326,0.8848423878550485,0.8871870157486085,0.5688100901734039,8.419839832847249,14.265876406952403,8.419839832847249,0.5095601902074574,22412016910.800003,22331028910.800003,44.823227003513935,9.62632389162276,60.84699460489664,60.686190221764925,6.394420923538339,6.394420923538339,9.591538235229692,30.656635298672207,60.62711807978629,60.466894778912035,0.022309861802712345,0.016478213516876086,0.0,0.0,-0.11118249810549899,1.1233711606602497,12.849034159505717,0.7366547402146761,,0.0,-0.12711746107831756,0.0,0.13437476176406324,-377.3913934426229,-2385.4518442622953,-88.40676229508196,0.0,15.084959196669116,0.1486282503939,0.08419832929946398,2.6004734010313406,245640000.0,,,,,,20383334000.0,53.578252049543835,0.0,291.36804203798425,6.812465618745538,,1.2527111671101414,0.14265864711251255,-0.0023446278935599953
MTL,2007-12-31,8.509339276292405,1.2994787803308157,-1.0263848832326663,-1.0252894423315768,0.5688100901734039,8.419839832847249,19.95285304039322,8.419839832847249,5.610929972991496,25575674572.8,27609103572.8,47.28049501844029,7.220302071063966,-59.860585442851324,-59.92454175699042,7.297050920174509,7.297050920174509,7.794362066168688,35.054193654743706,-64.61988319079516,-64.68892443919606,0.021150370773613536,-0.016687653683782173,2.6327587431771162,1.0,2.581764879153695,1.1233711606602497,13.513275688227566,-0.7898435116973389,0.012507470686235709,0.5913594054738555,-0.08467278284699094,0.0,0.09990135075663417,936.9605263157895,-7767.958333333333,278.5219298245614,-5.900306279535056e-05,15.690174375156133,0.12223346449108957,0.06512746711961982,-19.566933535048204,245640000.0,-921854000.0,-6990938000.0,,,,20383334000.0,35.21577758837826,0.0,172.92594279012,10.364672456372382,,2.1107301432671677,0.1543353325156287,-0.001095440901089506
MTL,2007-12-11,5.628561220167016,0.7606866541876101,0.7294263675411131,0.7294263675411131,0.4246115139438491,7.047494854548947,4.042524773998558,7.047494854548947,0.277640444832403,25383245168.96,25301329168.96,82.08373271210338,11.093421135099108,85.60151206280688,85.60151206280688,8.859885858546864,8.859885858546864,11.057620799891614,49.28180733765614,85.32526159067609,85.32526159067609,0.012182681841569669,0.011682036635828204,0.0,0.0,-0.15955559104871242,2.1518240490865024,19.0201181830484,0.9589051727483217,5.8503157894717814e-05,0.004802157575443998,-0.09579461002082482,0.0,0.029904913472913207,,,,9.134076442167966e-05,10.982761211530677,0.45323720901235376,0.18817117932840688,2.636359200510445,879663000.0,,,,,,20213039500.0,30.49548212845833,0.0,161.30645161290323,11.968986043981337,,2.2627737226277373,0.10793717056729878,0.0
MTL,2007-07-11,2.1164688610131615,0.155923556363788,0.3241613045358229,0.3241613045358229,0.42803099170131836,7.104249678922823,4.054384420507065,7.104249678922823,0.25304597894808323,10815823082.34,10733907082.34,172.0073645410305,12.672050363718164,82.73658707785751,82.73658707785751,3.7752051535534665,3.7752051535534665,12.576075820709113,111.14006090639884,82.10996345287089,82.10996345287089,0.005813704562408203,0.01208655125040354,0.0,0.0,-0.8481673224270035,2.1645504767881043,6.981936734514054,2.07897582697201,-0.00032165836788514845,-0.055327608142493635,-0.12031732195454578,0.0,0.03005297533947523,,,,0.0,4.992363888256121,0.08517256909696955,0.03845800994477166,2.6575903055342174,879663000.0,,,,,,20213039500.0,81.75314404617126,0.0,402.84291457745013,4.464660096666876,,0.9060603694193199,0.021947927425240744,0.0
MTL,2006-12-31,10.789481641560089,1.4799484814395854,0.0,0.008478886841882683,0.4234880131147967,7.028847535642575,4.011352532720903,7.028847535642575,0.3161942751934844,7336812150.0,7254896150.0,12.162585539795899,1.6682914525444539,,2122.9201822916666,2.5608750095550974,2.5608750095550974,1.649664866524171,9.99767955428039,,2099.2176359953705,0.08221936007997696,0.0004710492689934824,0.0,0.0,-0.1128851332170251,2.1645504767881043,22.649137050519865,0.0,0.025839969202428058,0.31428083577022287,-0.09525239892673609,0.0,0.03005297533947523,0.0,-1272.5115740740741,0.0,0.0,15.298773654267308,0.9295825213393628,0.3689400194491844,2.6293835259227674,879663000.0,,,,,,20213039500.0,15.866519623448088,0.0,83.09866365191782,23.004414872470864,,4.392369070204371,0.210553504530425,-0.008478886841882683
MTL,2005-12-31,3.299626303598732,-0.09832092127310994,0.0,0.0065191719718867905,0.7734074739478707,5.483432323205663,7.115688610609659,5.483432323205663,0.3004599042644216,7792284084.4,7560801084.4,-196.6010870291409,5.8582391523906105,,2965.1004887366817,3.5251643242128154,3.5251643242128154,5.684210233651921,1188.057995663105,,2877.0171554033486,-0.005086441866172268,0.0003372566979765541,0.0,0.0,-36.37382149591452,1.4025294333689602,2.5727791520732812,0.0,0.02491618604982492,-4.898549262015895,-0.33848892711374207,0.0,0.01617828282464518,0.0,-506.1419330289193,0.0,0.0,3.4828957276262855,0.05397032053676434,-0.013817485088725092,2.664971392543754,390175000.0,,,,,,20134829000.0,38.59506999633873,0.0,73.41852244552139,9.457166421375197,,4.971497489217932,-0.017930543403812938,-0.0065191719718867905
MTL,2005-10-17,3.6912429858125155,0.4727912881635751,1.0397111838131639,1.043839000465074,2.5420826442475946,5.104275991378023,8.379485167990726,5.104275991378023,0.24199573187727247,7796315271.2,6841401271.2,40.90599908285281,5.239427497548738,18.601319579029745,18.527761456875265,3.788980069390546,3.788980069390546,4.59768809946714,23.80189078839791,16.32297912375008,16.258430601414954,0.024446292045686404,0.0539730610374909,0.0,0.0,-3.3222373369608706,2.3650384014213586,4.2222623258499965,2.1990912477504185,,0.0,-0.16376245036152334,0.0,0.013382998218034218,-251.87920673076923,-894.2361778846154,-3.484375,0.0,7.368737169616348,0.04615663236740651,0.05642247449397219,3.5225389456028187,1213915000.0,,,,,,20170772500.0,33.261159710727554,0.0,154.52675563617518,10.97376048142658,,2.362050497322112,0.09262651333160643,-0.004127816651910053
