symbol,date,revenueGrowth,grossProfitGrowth,ebitgrowth,operatingIncomeGrowth,netIncomeGrowth,epsgrowth,epsdilutedGrowth,weightedAverageSharesGrowth,weightedAverageSharesDilutedGrowth,dividendsperShareGrowth,operatingCashFlowGrowth,freeCashFlowGrowth,tenYRevenueGrowthPerShare,fiveYRevenueGrowthPerShare,threeYRevenueGrowthPerShare,tenYOperatingCFGrowthPerShare,fiveYOperatingCFGrowthPerShare,threeYOperatingCFGrowthPerShare,tenYNetIncomeGrowthPerShare,fiveYNetIncomeGrowthPerShare,threeYNetIncomeGrowthPerShare,tenYShareholdersEquityGrowthPerShare,fiveYShareholdersEquityGrowthPerShare,threeYShareholdersEquityGrowthPerShare,tenYDividendperShareGrowthPerShare,fiveYDividendperShareGrowthPerShare,threeYDividendperShareGrowthPerShare,receivablesGrowth,inventoryGrowth,assetGrowth,bookValueperShareGrowth,debtGrowth,rdexpenseGrowth,sgaexpensesGrowth
CMCSA,2019-12-31,0.15274000867660598,0.15274000867660598,0.11131569256667895,0.11131569256667895,0.1357088057284119,0.12109375000000001,0.11857707509881435,-1.0,-1.0,0.0,0.05762028233938346,1.0413886240864316,0.0,0.0,0.0,0.0,0.0,0.0,0.0,0.0,0.0,0.0,0.0,0.0,0.0,0.0,0.0,-1.0,0.0,0.0466060615692694,0.0,-0.08524918786859133,0.0,0.0
CMCSA,2018-12-31,0.11808201026902965,0.11808201026902965,0.05681881358759104,0.05681881358759104,-0.4835343840803029,-0.46887966804979253,-0.4673684210526316,-0.5706125028936323,-0.5706125028936323,1.707758782104756,0.13521468952950522,0.24559667524243023,-0.48252104537282814,0.0,-0.31631511997350553,-0.5545490045010414,0.0,-0.3025551359702246,-0.1360841247380601,0.0,-0.2253744815754105,-0.667923069260217,0.0,-0.26149364360139665,0.14942873081748959,0.0,-0.25859579940356525,0.29932131991575006,0.0,0.34627090810862854,0.0,0.7309467748931161,0.0,0.0
CMCSA,2017-12-31,0.051279181125082396,0.051279181125082396,0.06690788302983569,0.06690788302983569,1.612305922944221,0.3351800554016622,0.3305322128851541,3.4205778869470937,3.4205778869470937,-0.7492590636630241,0.11242203742203742,0.20038009264758286,-0.7681941843299943,0.0,-0.677212621774767,-0.7937427696279948,0.0,-0.6682660619400771,-0.25609170323658165,0.0,-0.28812059493264464,-0.8593907679337978,0.0,-0.6581641010659444,0.0,0.0,-0.6640709539394773,0.0742928975487115,0.0,0.035728531855955675,0.0,0.057497624741997835,0.0,0.0
CMCSA,2016-12-31,0.07909005502617099,0.07909005502617099,0.05381922740342543,0.05381922740342543,0.06517211809383805,0.10060975609756101,0.10185185185185174,-0.022616513491025794,-0.022616513491025794,0.09199292835639186,0.02460325913302801,-0.055000561230216634,0.3972825721101938,0.0,0.0,0.26136059609093554,0.0,0.0,0.4893451363983919,0.0,0.0,-0.4314785810390525,0.0,0.0,0.0,0.0,0.0,0.15356728538283063,0.0,0.08360248298053718,0.0,0.16010718154349024,0.0,0.0
CMCSA,2015-12-31,0.08338785896037805,0.08338785896037805,0.07340311325818573,0.07340311325818573,-0.025894988066825775,0.012345679012345552,0.012500000000000011,-0.1187499999384602,-0.1187499999384602,0.22688113164546228,0.10817350250811449,0.06021658931334047,-0.12070468015144785,0.0,0.0,0.0,0.0,0.0,1.3102001998224986,0.0,0.0,-0.6586807992536448,0.0,0.0,0.0,0.0,0.0,0.09096661920582186,0.0,0.045406334921142974,0.0,0.09095244018741966,0.0,0.0
CMCSA,2014-12-31,0.06368993303122632,0.06368993303122632,0.09887193098871931,0.09887193098871931,0.22946009389671362,0.2461538461538462,0.25000000000000006,0.0,0.0,0.0,0.196680790960452,0.2819221967963387,0.0,0.0,0.0,0.0,0.0,0.0,0.0,0.0,0.0,0.0,0.0,0.0,0.0,0.0,0.0,-0.008626097867001255,0.0,0.0033120714299207242,0.0,0.008088281396952788,0.0,0.0
CMCSA,2013-12-31,0.03335464280006393,0.03335464280006393,0.1136382297397159,0.1136382297397159,0.09882315008866678,0.12068965517241391,0.12280701754385977,0.0,0.0,0.0,-0.04672142183923522,-0.2022635998539613,0.0,0.0,0.0,0.0,0.0,0.0,0.0,0.0,0.0,0.0,0.0,0.0,0.0,0.0,0.0,0.15486324941133853,0.0,-0.03732777276006086,0.0,0.1826338425033368,0.0,0.0
CMCSA,2012-12-31,0.12048279073099101,0.12048279073099101,0.13599477660665982,0.13599477660665982,0.4911057692307692,0.5364238410596025,0.5199999999999999,0.0,0.0,0.0,0.035482746601603346,0.01645225136071252,0.0,0.0,0.0,0.0,0.0,0.0,0.0,0.0,0.0,0.0,0.0,0.0,0.0,0.0,0.0,0.2689037002987819,0.0,0.0453243609727661,0.0,0.029229947340303746,0.0,0.0
CMCSA,2011-12-31,0.4719666816037114,0.4719666816037114,0.34348370927318295,0.34348370927318295,0.14442916093535077,0.1705426356589147,0.16279069767441856,0.0,0.0,0.0,0.28320958940871277,0.4227384723688842,0.0,0.0,0.0,0.0,0.0,0.0,0.0,0.0,0.0,0.0,0.0,0.0,0.0,0.0,0.0,1.3455525606469003,0.0,0.33141545885568696,0.0,0.251281235078784,0.0,-1.0
CMCSA,2010-12-31,0.06099675578923817,0.06099675578923817,0.10618242306626005,0.10618242306626005,-0.4479040097205346,0.0,0.0,0.0,0.0,0.0,0.0,0.0,0.0,0.0,0.0,0.0,0.0,0.0,0.0,0.0,0.0,0.0,0.0,0.0,0.0,0.0,0.0,0.08416130917592052,0.0,0.5838110126802154,0.0,0.04036958537554643,0.0,0.0582003662045514
CMCSA,2009-12-31,0.04378794955628211,0.04378794955628211,0.07159833630421866,0.07159833630421866,1.585001963093836,-1.0,-1.0,-1.0,-1.0,0.0,-1.0,-1.0,0.0,0.0,0.0,0.0,0.0,0.0,0.0,0.0,0.0,0.0,0.0,0.0,0.0,0.0,0.0,0.05227552275522755,0.0,0.051772840338968756,0.0,-0.4359788557446252,0.0,-0.0007841087297438578
CMCSA,2008-12-31,0.10878782974591358,0.10878782974591358,0.2068841878809609,0.2068841878809609,-0.015461925009663703,0.03571428571428575,0.03571428571428575,-0.049411513858377804,-0.049411513858377804,0.0,0.1636715195632393,0.1636715195632393,0.0,0.0,0.1617108481090481,0.0,0.0,0.0,0.0,0.0,1.07142857157186,0.0,0.0,-0.24093974624935696,0.0,0.0,0.0,-0.011550151975683891,0.0,0.03890965368218186,0.0,0.06106310448707785,0.0,-0.03554323166120494
CMCSA,2007-12-31,0.23748297684851397,0.23748297684851397,0.20762069712058887,0.20762069712058887,0.021318594551914725,0.18309859154929578,0.18309859154929578,-0.13674261652899458,-0.13674261652899458,0.0,0.3284980356603203,0.3284980356603203,0.0,0.0,0.0,0.0,0.0,0.0,0.0,0.0,0.0,0.0,0.0,0.0,0.0,0.0,0.0,0.13448275862068965,0.0,0.08878185257602493,0.0,0.1381138204046647,0.0,0.21799201719373656
CMCSA,2006-12-31,0.1218153223994608,0.1218153223994608,0.2517615176151762,0.2517615176151762,1.7295258620689655,0.6904761904761905,0.6904761904761905,0.6146491015250246,0.6146491015250246,0.0,0.0,0.0,0.0,0.0,0.0,0.0,0.0,0.0,0.0,0.0,0.0,0.0,0.0,0.0,0.0,0.0,0.0,0.36792452830188677,0.0,0.18130774431007285,0.0,0.40232175618396915,0.0,0.1244605558432591
CMCSA,2005-12-31,52.49759615384615,52.49759615384615,14.0,14.0,-0.04329896907216495,0.0,0.0,0.0,0.0,0.0,0.0,0.0,0.0,0.0,0.0,0.0,0.0,0.0,0.0,0.0,0.0,0.0,0.0,0.0,0.0,0.0,0.0,0.10531803962460896,0.0,0.09918054781513819,0.0,3.0416773203784198,0.0,33.482142857142854
CMCSA,2004-12-31,0.0,0.0,0.0,0.0,0.0,0.0,0.0,0.0,0.0,0.0,0.0,0.0,0.0,0.0,0.0,0.0,0.0,0.0,0.0,0.0,0.0,0.0,0.0,0.0,0.0,0.0,0.0,0.11252900232018562,0.0,-0.6176092189904889,0.0,-0.7895954379169356,0.0,0.0
CMCSA,2003-12-31,0.0,0.0,0.0,0.0,0.0,0.0,0.0,0.0,0.0,0.0,0.0,0.0,0.0,0.0,0.0,0.0,0.0,0.0,0.0,0.0,0.0,0.0,0.0,0.0,0.0,0.0,0.0,0.0,0.0,0.0,0.0,0.0,0.0,0.0
