symbol,date,revenueGrowth,grossProfitGrowth,ebitgrowth,operatingIncomeGrowth,netIncomeGrowth,epsgrowth,epsdilutedGrowth,weightedAverageSharesGrowth,weightedAverageSharesDilutedGrowth,dividendsperShareGrowth,operatingCashFlowGrowth,freeCashFlowGrowth,tenYRevenueGrowthPerShare,fiveYRevenueGrowthPerShare,threeYRevenueGrowthPerShare,tenYOperatingCFGrowthPerShare,fiveYOperatingCFGrowthPerShare,threeYOperatingCFGrowthPerShare,tenYNetIncomeGrowthPerShare,fiveYNetIncomeGrowthPerShare,threeYNetIncomeGrowthPerShare,tenYShareholdersEquityGrowthPerShare,fiveYShareholdersEquityGrowthPerShare,threeYShareholdersEquityGrowthPerShare,tenYDividendperShareGrowthPerShare,fiveYDividendperShareGrowthPerShare,threeYDividendperShareGrowthPerShare,receivablesGrowth,inventoryGrowth,assetGrowth,bookValueperShareGrowth,debtGrowth,rdexpenseGrowth,sgaexpensesGrowth
IBM,2019-12-31,-0.030706989483735597,-0.012129088152479966,-0.10368541703403279,-0.10368541703403279,0.08054537121906508,0.11076280041797289,0.1092436974789917,-1.0,-1.0,0.0,-0.03128484291991867,0.05332433344583193,0,0.0,0.0,0,0.0,0.0,0,0.0,0.0,0,0.0,0.0,0,0.0,0.0,0.05893433799784715,-0.03745541022592152,0.2334538263279895,0,0.21108006635815943,0.11340397843465329,0.06392646906950325
IBM,2018-12-31,0.005711469692566244,0.019599182907304145,-0.005087719298245614,-0.005087719298245614,0.5171215018251347,0.5510534846029174,0.5504885993485342,-0.055903405925395645,-0.055903405925395645,0.08999356061151101,-0.08831619229849319,-0.12174879585031494,0,-0.3930645253641409,0.5724171133067409,0,-0.3366929966291147,0.4476877518136346,0,-0.597214063953664,0.06859635625846527,0,-0.4394436859268822,0.9018189952721697,0,0.062087619867784556,0.868487570128247,-0.16756272401433692,0.06253948199620973,-0.015747152110788476,0,-0.021612848112079277,-0.0705028512182478,-0.0368528373203362
IBM,2017-12-31,-0.00975988188040391,-0.05400323810518619,-0.07542579075425791,-0.07542579075425791,-0.5154144204851752,-0.503620273531778,-0.5040387722132472,-0.139480889760941,-0.139480889760941,0.21736365353306925,-0.01379879702795141,0.00776641027555821,0,-0.43125394822747853,0.1443873591050204,0,-0.35869056954446354,0.33037561511626096,0,-0.7397714949130688,-0.35788123783463577,0,-0.2993580818973773,0.9892288966727586,0,0.096030448725631,0.7322671950630604,-0.027662818558048356,0.019317450096587252,0.06713203371073466,0,0.11041548093340922,0.006259780907668232,-0.04565949973895297
IBM,2016-12-31,-0.022289915709374733,-0.05874545275784092,-0.22671683913452492,-0.22671683913452492,-0.09992418498862775,-0.07789317507418403,-0.07749627421758563,-0.23778182073687137,-0.23778182073687137,0.4081403712383368,-0.0029397930385700846,-0.0028296969245662374,0,-0.4917958137651856,-0.5048856060174802,0,-0.41905831062634413,-0.40064826933226344,0,-0.49091706300081106,-0.5548971257526192,0,-0.38399784227264905,-0.5052816678835444,0,0.028919676810296772,-0.19958340679482672,0.10188407536301453,0.0012894906511927789,0.0631250282818227,0,0.0571335455890095,0.09605488850771869,0.03127753303964758
IBM,2015-12-31,-0.11910381170993502,-0.12332191264248928,-0.2021915340738517,-0.2021915340738517,0.097155215438363,0.12614870509607348,0.12773109243697475,0.1362201015942201,0.1362201015942201,0.010528578334456307,0.008299739151055252,0.022928092626447287,0,-0.5497337242659976,-0.614692373475468,0,-0.5213773751832725,-0.5722199402970959,0,-0.5108069003745316,-0.6086682269802632,0,-0.6595530888940019,-0.6274781222157619,0,-0.15203600400938577,-0.3606239878475163,-0.08327832783278327,-0.2624821683309558,-0.059873055848619954,0,-0.022424272130183314,-0.03494574213720802,-0.1186367558239862
IBM,2014-12-31,-0.06975368667983278,-0.0432532728584682,0.02366318377381684,0.02366318377381684,-0.2706424801310441,-0.20517928286852588,-0.20348058902275765,0.8684671184882129,0.8684671184882129,-0.43750128673580824,-0.035287389190734916,-0.05295051219160294,0,-0.3738067839662358,-0.48897142646400116,0,-0.475274003882135,-0.49954702442674653,0,-0.4213304385289004,-0.5535393905639087,0,-0.6612128915048333,-0.6529964869407976,0,-0.0363458150259878,-0.2769190454430733,-0.13139034878165312,-0.08961038961038961,-0.06885432924268953,0,0.02734276650385216,-0.12672663026019917,-0.013700961620287635
IBM,2013-12-31,-0.045508913278536366,-0.03564754065768023,-0.10857455940096795,-0.10857455940096795,-0.007287400626355095,0.03647625602202348,0.03966597077244261,-0.043821371921237286,-0.043821371921237286,0.12482822414764833,-0.1072704993362606,-0.10590815273477812,0,0.0,0.16652663602142734,0,0.0,0.04460846661774054,0,0.0,0.2978356913296582,0,0.0,0.15504613215126234,0,0.0,0.4917885839041969,-0.018936908221618073,0.010056843025797988,0.05880231182840798,0,0.19384411914995942,-0.012059663598857505,-0.002165329257419437
IBM,2012-12-31,-0.022531707134572934,0.003191192309226535,0.04280340903680427,0.04280340903680427,0.047240618101545256,0.09660377358490561,0.10030627871362931,-0.04938899513705748,-0.04938899513705748,0.14282355787672377,-0.013100876750982565,-0.014868471216164697,0,0.0,0.25997815466678076,0,0.0,0.08852706151059347,0,0.0,0.4278780965615948,0,0.0,-0.03813190643257341,0,0.0,0.5230475886474106,-0.045800161016191075,-0.1186897880539499,0.023876392431698916,0,0.06222860791826309,0.007031000319590924,-0.0017377299313384759
IBM,2011-12-31,0.07055171723240213,0.08964857757590246,0.06489884905947371,0.06489884905947371,0.06890042472864559,0.13344739093242092,0.13368055555555564,-0.05801133160620833,-0.05801133160620833,0.16049130269584297,0.015192592971507494,0.02434261910960687,0,0.0,0.0,0,0.0,0.0,0,0.0,0.0,0,0.0,0.0,0,0.0,0.0,0.03184419420343364,0.05918367346938776,0.026275429256425623,0,0.0941866964784796,0.03849983405243943,0.08045977011494253
IBM,2010-12-31,0.04294158190438397,0.05088500628068973,0.46912476722532587,0.46912476722532587,0.10487895716945997,0.0,0.0,-0.03270535711674567,-0.03270535711674567,0.14839792509140487,-0.05892263996533963,-0.2603860780821258,0,0.0,0.0,0,0.0,0.0,0,0.0,0.0,0,0.0,0.0,0,0.0,0.0,0.00912816691505216,-0.01764234161988773,0.040634000476967955,0,0.09670498084291188,0.035395189003436425,0.04223940435280642
IBM,2009-12-31,-0.07596255910450642,-0.04108539015790281,0.08845467812550672,0.08845467812550672,0.08845467812550672,0.0,0.0,0.0,0.0,0.0,0.10424197320859026,0.10424197320859026,0,0.0,0.0,0,0.0,0.0,0,0.0,0.0,0,0.0,0.0,0,0.0,0.0,-0.015587749862461031,-0.07663828211773417,-0.004583470289616888,0,-0.23065585851142226,-0.08158434590500237,-0.1040793637218849
IBM,2008-12-31,0.04903528840119045,0.094227036353615,0.18391245920522173,0.18391245920522173,0.18391245920522173,0.0,0.0,0.0,0.0,0.0,0.1688828134708587,0.1688828134708587,0,0.0,0.0,0,0.0,0.0,0,0.0,0.0,0,0.0,0.0,0,0.0,0.0,-0.04567728386419321,0.013888888888888888,-0.09056638240984465,0,-0.03824346544196859,0.029904111815374616,0.06010879419764279
IBM,2007-12-31,0.08052590129506475,0.0896722809766288,0.10641461342395922,0.10641461342395922,0.09755583649388959,0.0,0.0,0.0,0.0,0.0,0.07157600372861042,0.07157600372861042,0,0.0,0.0,0,0.0,0.0,0,0.0,0.0,0,0.0,0.0,0,0.0,0.0,0.05922699045323941,-0.05195729537366548,0.16658271499699712,0,0.5551538665020721,0.007532339937776323,0.08889876104447406
IBM,2006-12-31,0.003182127416770909,0.0482590605496551,0.17788341255941956,0.17788341255941956,0.19637005293672802,0.0,0.0,0.0,0.0,0.0,0.007040364757945555,0.007040364757945555,0,0.0,0.0,0,0.0,0.0,0,0.0,0.0,0,0.0,0.0,0,0.0,0.0,0.13092243186582808,-0.010911650827173531,-0.0237734992623974,0,0.0018108740780000882,0.045361177678877096,-0.04949798254668293
IBM,2005-12-31,0.022472540418036372,0.10642679750439155,0.050045973991856035,0.050045973991856035,0.04628774891204009,0.0,0.0,0.0,0.0,0.0,0.023680417324456037,0.023680417324456037,0,0.0,0.0,0,0.0,0.0,0,0.0,0.0,0,0.0,0.0,0,0.0,0.0,-0.04847396768402154,-0.03433038749150238,0.012359152569957016,0,-0.041934664861205145,0.1506795351585582,0.1939278512211517
IBM,2003-12-31,0.0,0.0,0.0,0.0,0.0,0.0,0.0,0.0,0.0,0.0,0.0,0.0,0,0.0,0.0,0,0.0,0.0,0,0.0,0.0,0,0.0,0.0,0,0.0,0.0,0.011195158850226929,-0.06543837357052097,0.08263546287467352,0,2.918421488973636,0.0,0.0
IBM,2002-12-31,0.0,0.0,0.0,0.0,0.0,0.0,0.0,0.0,0.0,0.0,0.0,0.0,0,0.0,0.0,0,0.0,0.0,0,0.0,0.0,0,0.0,0.0,0,0.0,0.0,0.0,0.0,0.0,0,0.0,0.0,0.0
