symbol,date,revenueGrowth,grossProfitGrowth,ebitgrowth,operatingIncomeGrowth,netIncomeGrowth,epsgrowth,epsdilutedGrowth,weightedAverageSharesGrowth,weightedAverageSharesDilutedGrowth,dividendsperShareGrowth,operatingCashFlowGrowth,freeCashFlowGrowth,tenYRevenueGrowthPerShare,fiveYRevenueGrowthPerShare,threeYRevenueGrowthPerShare,tenYOperatingCFGrowthPerShare,fiveYOperatingCFGrowthPerShare,threeYOperatingCFGrowthPerShare,tenYNetIncomeGrowthPerShare,fiveYNetIncomeGrowthPerShare,threeYNetIncomeGrowthPerShare,tenYShareholdersEquityGrowthPerShare,fiveYShareholdersEquityGrowthPerShare,threeYShareholdersEquityGrowthPerShare,tenYDividendperShareGrowthPerShare,fiveYDividendperShareGrowthPerShare,threeYDividendperShareGrowthPerShare,receivablesGrowth,inventoryGrowth,assetGrowth,bookValueperShareGrowth,debtGrowth,rdexpenseGrowth,sgaexpensesGrowth
JCP,2020-02-01,-0.08127572016460906,-0.023985239852398525,0.3333333333333333,0.3333333333333333,0.050980392156862744,0.03703703703703693,0.03703703703703693,0.014254038644282548,0.014254038644282548,0.0,0.19220055710306408,-4.606060606060606,0.0,-0.16668016241990397,-0.17820559966232155,0.0,0.706903896361845,0.23301304947880627,0.0,-0.6686830782641524,-258.8725796377264,0.0,-0.5871656755802441,-0.4108766492876959,0.0,0.0,0.0,0.0,-0.11120229790726303,0.034710529724129,0.0,-0.022846638655462184,0.0,-0.0030589543937708566
JCP,2019-02-02,-0.0673276827122981,-0.12419205909510618,-1.0517241379310345,-1.0517241379310345,1.1982758620689655,1.1891891891891893,1.1891891891891893,0.014786242365798778,0.014786242365798778,0.0,-0.2092511013215859,-1.5593220338983051,-0.5516823596286393,-0.2233110284358796,-0.10479805053676101,-0.7791518681772245,-1.1562805253476724,-0.20941846401935094,-1.3167564136251775,-0.8549230519252309,-0.5183542744518355,-0.7999234918906927,-0.700706745434044,-0.1339337589500626,-1.0,0.0,0.0,0.0,-0.11766835626357712,-0.08225365505764888,0.0,-0.05084745762711865,0.0,0.03690888119953864
JCP,2018-02-03,-0.00326771339762493,-0.032171581769437,-0.7063291139240506,-0.7063291139240506,-117.0,0.0,0.0,0.009737098344693282,-0.0060702875399361025,0.0,0.3592814371257485,-1.6344086021505377,-0.5466104034720058,-0.3213950721024568,0.0009646873045497621,-0.7372348029396777,-32.98868531018965,0.863556095323787,-1.075175495736652,-0.9170221271499361,-0.8523993978106222,-0.8130874036375734,-0.6935860292077602,-0.29318322049343226,-1.0,-1.0,0.0,0.0,-0.0322354590049054,-0.09673609619926991,0.0,-0.1282051282051282,0.0,-0.01978518937252685
JCP,2017-01-28,-0.0061782178217821785,-0.016479894528675015,-5.438202247191011,-5.438202247191011,-1.0019493177387915,-1.0,-1.0,0.007191892775416803,0.02321019941157241,0.0,-0.2409090909090909,-1.775,-0.5234003014712234,-0.48705955049883354,-0.14390411581457002,-0.7987966769003182,-0.7125909389571013,-1.1489840459737044,-0.9993443031443874,-1.0046422043424041,-1.000582963164585,-0.7612758828120838,-0.7617449398250561,-0.6450945936866888,-1.0,-1.0,0.0,0.0,0.04887908857037854,-0.013556449904681212,0.0,-0.03501782344306983,0.0,-0.06278145695364239
JCP,2016-01-30,0.03002365994941666,0.06805914104670265,-0.711038961038961,-0.711038961038961,-0.3346303501945525,-0.33596837944664026,-0.33596837944664026,0.0022935779816513763,0.0022935779816513763,0.0,0.8410041841004184,-10.23076923076923,0.0,-0.45153943648663764,-0.30329246799844356,0.0,-0.4265923327708225,-32.52925792742727,0.0,-2.0174200450270643,-0.6267995081502035,0.0,-0.8150392704168448,-0.7041957037713777,0.0,-1.0,-1.0,0.0,0.026018099547511313,-0.09246443675509419,0.0,-0.10859813084112149,0.0,-0.054595542198847984
JCP,2015-01-31,0.03356100851673834,0.2202176403207331,-0.7830985915492957,-0.7830985915492957,-0.44452449567723346,-0.5457809694793537,-0.5457809694793537,0.2242278379462495,0.2242278379462495,0.0,-1.1317530319735392,-0.9952983725135623,0.0,0.0,-0.4941539009429449,0.0,0.0,-0.7923848416072626,0.0,0.0,2.6131484100158655,0.0,0.0,-0.6600049679209579,0.0,0.0,-1.0,0.0,-0.09642248722316865,-0.11837979832217609,0.0,0.10037021801727684,0.0,-0.029411764705882353
JCP,2014-02-01,-0.08671544089333846,-0.1411706837186424,0.08396946564885496,0.08396946564885496,0.40913705583756343,0.24053452115812918,0.24053452115812918,0.13731751824817517,0.13731751824817517,-1.0,180.4,2.3353437876960195,0.0,-0.42278356358205443,-0.36785124594712365,0.0,-2.41315196715305,-3.900716601077612,0.0,-3.1833683285226604,-4.377766228730935,0.0,-0.3315034500210698,-0.46477830232342865,0.0,-1.0,-1.0,0.0,0.25373771892353697,0.206522850424292,0.0,0.6800276434001382,0.0,-0.08699511762094984
JCP,2013-02-02,-0.24768250289687138,-0.3460919909938887,654.0,654.0,5.480263157894737,5.414285714285715,5.414285714285715,0.00827966881324747,0.00827966881324747,-0.520821372918888,-1.0121951219512195,9.109756097560975,0.0,-0.3318798937510108,0.0,0.0,-1.0082143168596123,0.0,0.0,-1.9059703889070476,0.0,0.0,-0.3899997579119512,0.0,0.0,-0.49494225579956375,0.0,0.0,-0.19718792866941015,-0.14382002801120447,0.0,-0.0670535138620245,0.0,-0.11802701115678214
JCP,2012-01-28,-0.02809842896559491,-0.10660919540229885,-1.0024038461538463,-1.0024038461538463,-1.3907455012853471,-1.4268292682926829,-1.4294478527607364,-0.0788135593220339,-0.0865546218487395,0.022376036175484285,0.38513513513513514,-1.881720430107527,0.0,-0.07084789473657453,-0.03662770993758331,0.0,-0.2999409191568593,-0.26746534407021993,0.0,-1.1412468748139928,-1.2741851104277506,0.0,0.001968717947177677,-0.0042056629768503035,0.0,0.24650245552007996,0.0318018629254831,0.0,-0.09243697478991597,-0.12406072688238,0.0,0.000968054211035818,0.0,-0.045046728971962616
JCP,2011-01-29,0.011562998405103669,0.00723589001447178,2.314741035856574,2.314741035856574,0.549800796812749,0.5185185185185184,0.5092592592592591,0.0,0.0,0.0,-0.6243654822335025,-0.9047131147540983,0.0,0.0,-0.15128937015357508,0.0,0.0,-0.5483295223172925,0.0,0.0,-0.6676804271804299,0.0,0.0,-0.024437821386180267,0.0,0.0,0.030938917665108027,0.0,0.0625,0.960613349368611,0.0,6.885496183206107,0.0,-0.005945745076179859
JCP,2010-01-30,-0.05030834144758196,-0.0007230657989877079,-0.7788546255506608,-0.7788546255506608,-0.5611888111888111,-0.5764705882352941,-0.5764705882352941,-1.0,-1.0,0.0,0.3645021645021645,-0.15497835497835497,0.0,0.0,0.0,0.0,0.0,0.0,0.0,0.0,0.0,0.0,0.0,0.0,0.0,0.0,0.0,0.0,-0.07210800859159251,-0.42590834555967894,0.0,-0.8878744650499286,0.0,-0.0024096385542168677
JCP,2009-01-31,-0.06918429003021148,-0.09855299178725069,-0.3988347457627119,-0.3988347457627119,-0.48514851485148514,-0.48588709677419356,-0.48588709677419356,0.0014366142245255393,0.0014366142245255393,0.021520974184961014,-0.07154340836012862,-0.07154340836012862,0.0,0.0,0.0,0.0,0.0,0.0,0.0,0.0,0.0,0.0,0.0,0.0,0.0,0.0,0.0,0.0,-0.10491623180444933,-0.19022992522188834,0.0,-0.054746494066882416,0.0,0.007093522493933172
JCP,2008-02-02,-0.0021604783198512787,-0.019680511182108625,-0.01768990634755463,-0.01768990634755463,-0.03642671292281006,0.0020202020202019773,0.0020202020202019773,-0.03836939924241044,-0.03836939924241044,0.1826317726004507,-0.008764940239043825,-0.008764940239043825,0.0,0.0,0.0,0.0,0.0,0.0,0.0,0.0,0.0,0.0,0.0,0.0,0.0,0.0,0.0,0.0,0.07088235294117647,0.1290933480628107,0.0,0.07665505226480836,0.0,-0.029704763629777215
JCP,2007-02-03,192.23300970873785,74.97087378640776,17.660194174757283,17.660194174757283,0.0,0.0,0.0,0.0,0.0,0.0,-0.061331338818249814,-0.061331338818249814,0.0,0.0,0.0,0.0,0.0,0.0,0.0,0.0,0.0,0.0,0.0,0.0,0.0,0.0,0.0,0.0,0.059190031152647975,0.017013080812133857,0.0,-0.006060606060606061,0.0,0.0
JCP,2006-01-28,-0.9858009374138407,-0.9385441527446301,-3.575,-3.575,-1.0,0.0,0.0,0.0,0.0,0.0,0.18633540372670807,0.18633540372670807,0.0,0.0,0.0,0.0,0.0,0.0,0.0,0.0,0.0,0.0,0.0,0.0,0.0,0.0,0.0,0.0,0.012937835279267907,-0.11793020457280386,0.0,-0.20326511841802714,0.0,-1.0
JCP,2005-01-29,0.0,0.0,0.0,0.0,0.0,0.0,0.0,0.0,0.0,0.0,0.0,0.0,0.0,0.0,0.0,0.0,0.0,0.0,0.0,0.0,0.0,0.0,0.0,0.0,0.0,0.0,0.0,0.0,0.004119138149556401,-0.2280327868852459,0.0,-0.22436240413768505,0.0,0.0
JCP,2004-01-31,0.0,0.0,0.0,0.0,0.0,0.0,0.0,0.0,0.0,0.0,0.0,0.0,0.0,0.0,0.0,0.0,0.0,0.0,0.0,0.0,0.0,0.0,0.0,0.0,0.0,0.0,0.0,0.0,0.0,0.0,0.0,0.0,0.0,0.0
