symbol,date,revenueGrowth,grossProfitGrowth,ebitgrowth,operatingIncomeGrowth,netIncomeGrowth,epsgrowth,epsdilutedGrowth,weightedAverageSharesGrowth,weightedAverageSharesDilutedGrowth,dividendsperShareGrowth,operatingCashFlowGrowth,freeCashFlowGrowth,tenYRevenueGrowthPerShare,fiveYRevenueGrowthPerShare,threeYRevenueGrowthPerShare,tenYOperatingCFGrowthPerShare,fiveYOperatingCFGrowthPerShare,threeYOperatingCFGrowthPerShare,tenYNetIncomeGrowthPerShare,fiveYNetIncomeGrowthPerShare,threeYNetIncomeGrowthPerShare,tenYShareholdersEquityGrowthPerShare,fiveYShareholdersEquityGrowthPerShare,threeYShareholdersEquityGrowthPerShare,tenYDividendperShareGrowthPerShare,fiveYDividendperShareGrowthPerShare,threeYDividendperShareGrowthPerShare,receivablesGrowth,inventoryGrowth,assetGrowth,bookValueperShareGrowth,debtGrowth,rdexpenseGrowth,sgaexpensesGrowth
MITT,2019-12-31,-0.03393866164398166,-0.03393866164398166,-7.940320855614973,-7.940320855614973,-1.0,-7.0,-7.0,0.0,0.0,0.0,-0.13531628050030756,-0.13531628050030756,0.0,0.0,0.0,0.0,0.0,0.0,0.0,0.0,0.0,0.0,0.0,0.0,0.0,0.0,0.0,-1.0,0.0,0.2251078213521499,0.0,3.192519364996309,0.0,-1.0
MITT,2018-12-31,-0.00829323985442468,-0.00829323985442468,-1.118296919109621,-1.118296919109621,-0.9867743622699546,-1.1114058355437666,-1.1114058355437666,0.0,0.0,0.0,-0.018174380871512418,-0.018174380871512418,0.0,0.0,0.0,0.0,0.0,0.0,0.0,0.0,0.0,0.0,0.0,0.0,0.0,0.0,0.0,0.012263763479598387,0.0,-0.06343379283534967,0.0,24.13413341336952,0.0,-0.03407115723257523
MITT,2017-12-31,-0.04593237331432915,-0.04593237331432915,0.8616905033859158,0.8616905033859158,0.8616905033859158,1.0944444444444443,1.0944444444444443,0.0,0.0,0.0,0.18755804416673877,0.18755804416673877,0.0,0.0,0.0,0.0,0.0,0.0,0.0,0.0,0.0,0.0,0.0,0.0,0.0,0.0,0.0,0.4710411425020329,0.0,0.4415396539388962,0.0,0.07320556242504957,0.0,0.002616462714896599
MITT,2016-12-31,-0.18921653794658264,-0.18921653794658264,5.111402624871405,5.111402624871405,3.608503128804446,179.0,179.0,0.0,0.0,0.0,-0.23124888857220827,-0.23124888857220827,0.0,0.0,0.0,0.0,0.0,0.0,0.0,0.0,0.0,0.0,0.0,0.0,0.0,0.0,0.0,-0.231685505368324,0.0,-0.1692221131036264,0.0,-0.9901131033917975,0.0,-0.016232608689329672
MITT,2015-12-31,-0.04373417727568935,-0.04373417727568935,-0.9013515408435059,-0.9013515408435059,-0.8736828442629413,-0.9970414201183433,-0.9970326409495549,0.0,0.0,0.0,-0.07225514854153488,-0.07225514854153488,0.0,0.0,0.0,0.0,0.0,0.0,0.0,0.0,0.0,0.0,0.0,0.0,0.0,0.0,0.0,-0.061520514143549664,0.0,-0.08510538466466322,0.0,81.7287193656643,0.0,-0.011690871828886203
MITT,2014-12-31,-0.08267696261540694,-0.08267696261540694,-4.42947910320114,-4.42947910320114,-4.464227143946306,-3.0993788819875774,-3.0931677018633543,0.0,0.0,0.0,-0.2826357801209903,-0.2826357801209903,0.0,0.0,0.0,0.0,0.0,0.0,0.0,0.0,0.0,0.0,0.0,0.0,0.0,0.0,0.0,0.0,0.0,-0.061416357242689755,0.0,0.04424044361426191,0.0,-0.05608582875880893
MITT,2013-12-31,6.35661559347479,6.35661559347479,-2.6236010529081275,-2.6236010529081275,-2.664600813802509,-1.503125,-1.503125,-1.0,-1.0,0.0,7.486567630531531,7.486567630531531,0.0,0.0,0.0,0.0,0.0,0.0,0.0,0.0,0.0,0.0,0.0,0.0,0.0,0.0,0.0,-1.0,0.0,-0.24113781958734637,0.0,0.18803574876632487,0.0,0.0
MITT,2012-12-31,0.0,0.0,-0.999,-0.999,-0.999,0.0,0.0,2.1612715663165183,2.1700774010676174,-1.0003163284074217,-0.999,-0.999,0.0,0.0,0.0,-0.9996836715925784,-0.9996836715925784,-0.9996836715925784,-0.9996836715925784,-0.9996836715925784,-0.9996836715925784,0.2185217465628076,0.2185217465628076,0.2185217465628076,-1.0003163284074217,-1.0003163284074217,-1.0003163284074217,21.824458721597104,0.0,2.4826757678930607,0.0,4.075758657529588,0.0,0.0
MITT,2011-12-31,0.0,0.0,0.0,0.0,0.0,0.0,0.0,0.0,0.0,0.0,0.0,0.0,0.0,0.0,0.0,0.0,0.0,0.0,0.0,0.0,0.0,0.0,0.0,0.0,0.0,0.0,0.0,0.0,0.0,0.0,0.0,0.0,0.0,0.0
