symbol,date,revenueGrowth,grossProfitGrowth,ebitgrowth,operatingIncomeGrowth,netIncomeGrowth,epsgrowth,epsdilutedGrowth,weightedAverageSharesGrowth,weightedAverageSharesDilutedGrowth,dividendsperShareGrowth,operatingCashFlowGrowth,freeCashFlowGrowth,tenYRevenueGrowthPerShare,fiveYRevenueGrowthPerShare,threeYRevenueGrowthPerShare,tenYOperatingCFGrowthPerShare,fiveYOperatingCFGrowthPerShare,threeYOperatingCFGrowthPerShare,tenYNetIncomeGrowthPerShare,fiveYNetIncomeGrowthPerShare,threeYNetIncomeGrowthPerShare,tenYShareholdersEquityGrowthPerShare,fiveYShareholdersEquityGrowthPerShare,threeYShareholdersEquityGrowthPerShare,tenYDividendperShareGrowthPerShare,fiveYDividendperShareGrowthPerShare,threeYDividendperShareGrowthPerShare,receivablesGrowth,inventoryGrowth,assetGrowth,bookValueperShareGrowth,debtGrowth,rdexpenseGrowth,sgaexpensesGrowth
NFLX,2019-12-31,0.27618157667990073,0.32426546770158526,0.6223597175724789,0.6223597175724789,0.541323699145175,0.5323741007194245,0.5410447761194028,0.0055699237896613026,0.0011545859889549779,0,0.07716643182058132,0.10017148812808184,1.4127821361516988,-0.49751338437118525,1.2357470547025513,-2.1475254241861217,-25.038073716102343,0.9186896968490885,1.0817371336001502,-0.039756708833260136,8.795665153391132,3.9188362295960717,-0.43991231601952313,1.771358331579514,0,0,0,0,0,0.30804607613650364,0,0.4246059240208887,0.38264462809917354,0.45070237063973323
NFLX,2018-12-31,0.3507849718025235,0.44476446716341267,0.913993315678585,0.913993315678585,1.167076677001909,1.1550387596899223,1.1440000000000001,0.008078539426004607,0.009914640096326435,0,0.500871805898044,0.45689677172387394,1.429618294641696,-0.5173720109598996,1.2789619472217235,-2.3213780392133434,-4.662532495224029,2.4987269696059884,1.0427085142696597,0.44045133132777853,8.661157712739183,1.1129785350266088,-0.47487632162181664,1.3048367533611571,0,0,0,0,0,0.3661574958519923,0,0.5939943675078069,0.2330581881178029,-0.27012811961536326
NFLX,2017-12-31,0.32410273785598803,0.43997896291302957,1.2082529167204241,1.2082529167204241,1.994080716527925,1.931818181818182,1.9069767441860468,0.007142823829001311,0.01860700509743487,0,0.21164680213625114,0.23874820834363383,1.3099307644263616,-0.5835300858327931,-0.7045170325221344,-1.9504916968625623,-11.085334665586908,-16.07231274633471,0.29655852224738094,3.1891994186334585,-0.7085797059845541,0.2915017658185936,-0.38163656909927796,-0.7317806279914768,0,0,0,0,0,0.399373500821765,0,0.931882412388907,0.2772354549004295,0.49458202592943223
NFLX,2016-12-31,0.3025524997304378,0.28003802498588914,0.2418597503155389,0.2418597503155389,0.5221500150846781,0.517241379310345,0.5357142857142856,0.006886770966143761,0.005031435012922265,0,0.9667831537990417,0.881362504713407,1.0552948609616424,-0.6604011776580896,-0.7260381864333805,-1.8678017077092615,-1.571745073694544,-3.044783248897588,-0.4449800818174545,-0.8982613619924389,-0.7746039821380715,-0.05589904805116322,-0.4862367459974765,-0.7272777954250637,0,0,0,0,0,0.3316457691173396,0,0.41869781563633296,0.18056878737776358,0.418506907192957
NFLX,2015-12-31,0.23159576184233857,0.24895256339417407,-0.24046313405257197,-0.24046313405257197,-0.5403243640343479,-0.9346846846846847,-0.9351851851851851,6.088934385299111,6.073955817760417,0,-46.46739064490687,14.78962492722048,2.112854338518312,-0.6133483563975457,-0.7551284046679736,-1.5748137144619752,-1.3344255035489476,-5.291701337454346,1.3541733674932999,-0.9059607345937706,-0.06785865473369071,0.22842148615880875,-0.05489108365348659,-0.6107595833805689,0,0,0,0,0,0.4458517220137428,0,1.6348888888888888,0.3778510800917173,0.5100744788519358
NFLX,2014-12-31,0.25833306283006163,0.3566854022206975,0.7633163562472903,0.7633163562472903,1.37359323149738,1.3005181347150263,1.3351351351351353,0.032303515584728,0.01543753394447096,0,-0.8315155727734562,-2.21870994323384,8.409610895507424,3.801684385428513,0.5109995833048058,-0.9033453211622021,-0.9522621721799017,-0.9543640062395226,9.69100746478062,1.1679267668412903,0.037859509409567504,9.2861619017255,7.782261010701904,1.542141373865536,0,0,0,0,0,0.30375406253931825,0,0.8,0.24698958996116366,0.4960593673911958
NFLX,2013-12-31,0.2120310909482828,0.31308215444938864,3.5676708273323734,3.5676708273323734,5.553346548507463,5.225806451612903,5.379310344827587,0.04821599034599521,0.03152587260627462,0,3.29743026575884,-3.3372565803552323,12.1938175091858,4.0341429627278105,0.8257631190293757,-0.10539470089597784,-0.6392173882589626,-0.6805315638519144,13.172815359503476,0.4181031110483496,-0.3692753413319021,8.715177983042187,3.0237731072276746,3.1482070910464577,0,0,0,0,0,0.36409099042564186,0,1.5,0.15124556241793513,0.5064376248046989
NFLX,2012-12-31,0.12628967879380024,-0.15563126569105915,-0.8670665943393217,-0.8670665943393217,-0.9241484835887956,-0.927570093457944,-0.9302884615384616,0.05059889870758984,0.08341150287847854,0,-0.9283470564536436,-1.0697384621124502,4.999345022390716,4.546452902955569,2.4067669784399204,-0.8558564827332573,-0.9057550663037667,-0.928656857249335,-1.1985011535971566,-0.6904996891577135,-0.8491888801027921,1.1167292877871995,1.0885804387516307,2.8093658444100162,0,0,0,0,0,0.29281088597795646,0,0.0,0.27013932587739786,0.014838430687570483
NFLX,2011-12-31,0.48179966475926245,0.4463173842313758,0.32585909653399897,0.32585909653399897,0.4057928667789845,0.3986928104575164,0.4054054054054055,0.00605379885396638,0.0011969652327637006,0,0.14946038545446652,0.10729202384542612,4.5961671248205365,5.052125996162488,3.061153470178984,1.1134794050478192,0.5178123041824175,0.2902992521029144,-3.7493859480778107,4.455350386559106,2.1417247213802426,0.9196377276065476,0.8376186786301372,1.135949318997195,0,0,0,0,0,2.1252409458825112,0,4.523946307241894,0.5859584029780381,0.6715611933952236
NFLX,2010-12-31,1.0037831091542346,0.0,0.4777663736916416,0.4777663736916416,0.38833937510788885,0.49268292682926845,0.494949494949495,-0.07126944837340878,-0.07039167351410572,0,-0.1497002119589126,-0.1328121921248446,2.7994644814972696,7.050798153903291,2.512641917480415,0.849801881956381,0.7188094459364214,0.2094505463852022,-2.9675944038022095,24.033940421841624,2.0678465517847275,-0.12823106882343535,0.2997671114007584,-0.13982409216334546,0,0,0,0,0,0.44478134093630745,0,0.04049199643647441,0.0,0.3744569769933571
NFLX,2009-12-31,0.18570719177705952,0.0,0.5796668477276842,0.5796668477276842,0.3954664803796401,0.5073529411764703,0.4999999999999999,-0.07219369760994734,-0.07034184225603157,0,0.14443892873111602,0.1618500959429254,0.7610083285291289,0.9596479360581067,0.9044899923162283,1.0204256738521522,1.0246978811445848,0.4509850155788312,-2.3162235896958654,3.9314430857632785,1.6116598413058956,-0.4443355208601571,0.1712430192169157,-0.46807701722356027,0,0,0,0,0,0.09998931945509802,0,0.06916364530203405,0.0,0.03364745680802223
NFLX,2008-12-31,0.1578110531082415,0.0,0.33287260999769636,0.33287260999769636,0.24008244712629945,0.3600000000000001,0.36082474226804134,-0.09116524539328523,-0.08803808307451162,0,-0.026680556364645693,-0.02956775337585381,0.37797479605563905,1.6208666712231337,1.9198317284540656,0.6379761528988687,1.479624211341294,0.5219840088191471,-1.8751199394929587,8.994206520727575,10.134256320762859,-0.10127187450880311,1.4144447820855917,0.33996202184879354,0,0,0,0,0,-0.044935241569039594,0,-0.10749739483354358,0.0,-0.05463336632909465
NFLX,2007-12-31,0.2538864566137946,0.0,0.4152358183003695,0.4152358183003695,0.3640845931298643,0.282051282051282,0.36619718309859156,0.0718954248366013,-0.0025045240680419832,0,0.17736078947156078,0.12260519024708769,0.08165437034429893,0.08165437034429893,0.20366367383615408,0.5294564027318494,0.5294564027318494,0.5326904513196158,-1.6413601106149058,-1.6413601106149058,1.4029586673090018,0.013477502955257818,0.013477502955257818,1.1362323758884718,0,0,0,0,0,0.06281589870872681,0,0.21939475004179904,0.0,0.4529663946895312
NFLX,2006-12-31,1.3030344214543625,-1.0,13.403846153846153,13.403846153846153,6.537162162162162,0.0,0.0,0.17544189191727558,0.06387074913750616,0,0.5208403639777391,0.6661554269481256,-0.0753386283813431,-0.0753386283813431,0.7586781543317539,0.3924510950556978,0.3924510950556978,1.1079399979652724,-1.503979717755939,-1.503979717755939,4.755642345927114,0.044633334396422225,0.044633334396422225,1.8064210208705878,0,0,0,0,0,0.669346634455867,0,0.16985486836443298,0.0,2.772039645279082
NFLX,2005-12-31,-0.4622126788719707,-0.46083909996953476,-0.76893665392167,-0.76893665392167,-0.6984487149803196,-1.0,-1.0,0.024024774948064938,0.0033223618129278507,0,0.10439720541298765,-0.0018927825411548236,-0.5280636268771483,-0.5280636268771483,-0.5280636268771483,0.0762111450630258,0.0762111450630258,0.0762111450630258,-1.0785970714416786,-1.0785970714416786,-1.0785970714416786,-0.3292883597915786,-0.3292883597915786,-0.3292883597915786,0,0,0,0,0,0.44833653040394295,0,0.9367376316387606,0.0,-0.41149382943451834
NFLX,2004-12-31,0.8594711342440393,0.8547339021496089,3.3278175313059033,3.3278175313059033,2.3161855036855035,1.9999999999999996,2.3,0.08793370443226049,0.029085299917308058,0,0.6434760334996437,0.6387666831438458,-0.10136494615892462,-0.10136494615892462,-0.10136494615892462,-0.002110046803633478,-0.002110046803633478,-0.002110046803633478,-1.2669043456053883,-1.2669043456053883,-1.2669043456053883,-0.5255771261617798,-0.5255771261617798,-0.5255771261617798,0,0,0,0,0,0.43054450832897756,0,0.09617141433435761,0.0,0.6992175273865415
NFLX,2003-12-31,0.7816250670785179,0.6590732556582295,-1.2037636123388162,-1.2037636123388162,-1.296714812958491,-1.0897435897435899,-1.064102564102564,2.3885973620763012,3.459225641752943,0,1.238420501570524,1.1657789792040254,-0.4742293413145846,-0.4742293413145846,-0.4742293413145846,-0.3394256494967662,-0.3394256494967662,-0.3394256494967662,-1.0875627232315037,-1.0875627232315037,-1.0875627232315037,-0.6277702715922633,-0.6277702715922633,-0.6277702715922633,0,0,0,0,0,0.34844097142419367,0,0.16529565469853866,0.0,0.4227400920290931
NFLX,2002-12-31,0.0,0.0,0.0,0.0,0.0,0.0,0.0,0.0,0.0,0,0.0,0.0,0.0,0.0,0.0,0.0,0.0,0.0,0.0,0.0,0.0,0.0,0.0,0.0,0,0,0,0,0,0.0,0,0.0,0.0,0.0
