symbol,date,revenueGrowth,grossProfitGrowth,ebitgrowth,operatingIncomeGrowth,netIncomeGrowth,epsgrowth,epsdilutedGrowth,weightedAverageSharesGrowth,weightedAverageSharesDilutedGrowth,dividendsperShareGrowth,operatingCashFlowGrowth,freeCashFlowGrowth,tenYRevenueGrowthPerShare,fiveYRevenueGrowthPerShare,threeYRevenueGrowthPerShare,tenYOperatingCFGrowthPerShare,fiveYOperatingCFGrowthPerShare,threeYOperatingCFGrowthPerShare,tenYNetIncomeGrowthPerShare,fiveYNetIncomeGrowthPerShare,threeYNetIncomeGrowthPerShare,tenYShareholdersEquityGrowthPerShare,fiveYShareholdersEquityGrowthPerShare,threeYShareholdersEquityGrowthPerShare,tenYDividendperShareGrowthPerShare,fiveYDividendperShareGrowthPerShare,threeYDividendperShareGrowthPerShare,receivablesGrowth,inventoryGrowth,assetGrowth,bookValueperShareGrowth,debtGrowth,rdexpenseGrowth,sgaexpensesGrowth
SHLO,2019-10-31,-0.07477297130385352,-0.21981136138507257,-1.3017399762239275,-1.3017399762239275,-2.73769492116038,-2.7346938775510203,-2.7346938775510203,1010.924749235869,1010.924749235869,0.0,-0.4129560740991245,-0.4129560740991245,-0.9983778019163577,-0.12455631695135573,-0.26273422429418675,-0.9992489792625094,-0.22960940446666245,-0.6643699030296538,-1.0036334940289675,-1.6482403871508182,-5.050528495395027,-0.9988469818974005,-0.15455585872346284,-0.060130505091665454,0.0,0.0,0.0,0.48293172690763053,-0.11013555144793592,-0.08170500581251981,0.0,0.016183040238691736,0.0,-0.1951604893684258
SHLO,2018-10-31,0.09401086003074897,0.017190470766561817,-0.21961710382052796,-0.21961710382052796,-17.469153515064562,-13.25,-13.25,-0.9987922321010763,-0.9987922321010763,0.0,-0.30254864705496953,-0.30254864705496953,1.983096832433668,1189.2232146221315,763.8296782648637,0.8184955646241254,1001.5474574823062,11313.121464825294,-1.4550146721216346,388.05610389455904,1032.7198725997484,0.47290451964503427,1111.2031700476673,1052.7138356610758,0.0,-1.0,0.0,0.31225296442687744,0.15530964861192,0.14725913903227214,0.0,0.34728988705131847,0.0,0.0656948353419451
SHLO,2017-10-31,-0.022374966458191425,0.18670978206621194,0.28391987005955605,0.28391987005955605,-1.189970019078768,-1.1904761904761905,-1.1904761904761905,0.09821275623822304,0.09821275623822304,0.0,0.10025807009702858,0.10025807009702858,-0.9982554655922936,0.0,0.057036463593243304,-0.9985858255259787,0.0,1.2996309915120123,-1.0000869499936011,0.0,-1.0276836261614932,-0.9986706286751863,0.5673462839510327,0.16162048379271318,-1.0,0.0,0.0,-0.3854251012145749,0.02089286009215981,-0.012524962924768809,0.0,-0.292930931278843,0.0,0.132462508683275
SHLO,2016-10-31,-0.03909231469669445,0.10437957880715615,-0.15131185957818316,-0.15131185957818316,-0.556026137463698,-0.5625000000000001,-0.5625000000000001,0.013073407763058946,0.013073407763058946,0.0,18.81176806626678,18.81176806626678,0.6851439458211488,-0.9982540902906684,0.47606144324507244,0.04513190602966327,-0.996780203109972,0.7328717530318553,-0.6413685091972068,-0.9997395868001785,-0.8350600511584997,-0.08358869759377388,-0.9988130467228007,-0.018187230409881402,-1.0,-1.0,-1.0,0.13095238095238096,0.040701971501744615,-0.0602470187776876,0.0,-0.13958325718633807,0.0,0.16483150345878023
SHLO,2015-10-31,0.2622504392633122,0.09403148201655757,-0.3016845820632119,-0.3016845820632119,-0.6317946890037427,-0.633587786259542,-0.6307692307692307,0.008282298046077574,0.008282298046077574,0.0,-0.8816550045634317,-0.8816550045634317,0.66289951763254,-0.9979283976364897,0.0,-0.9056406992837072,-0.9998353504272265,0.0,0.07980346604738313,-0.9989813849441567,0.0,-0.6578384869888404,-0.9987342502428576,0.30482068094427694,0.0,-1.0,0.0,1.048780487804878,-0.3627920221679463,0.058876136769786744,0.0,0.1145581808754907,0.0,0.25536279801621287
SHLO,2014-10-31,0.25501509598878014,0.11027268289280982,-0.09938157438446422,-0.09938157438446422,0.040519239684747334,0.03149606299212601,0.02362204724409451,0.00959839830408668,0.00959839830408668,-1.0,-0.23780692036173448,-0.23780692036173448,0.2854223008486236,-0.9981469989274544,-0.9985296604440846,0.5259327094559947,-0.9990251429056314,-0.9985972560559663,-0.22122292653011671,-0.9943948354638351,-0.9983728087490962,-0.10764658864407152,-0.9986361983644967,-0.9986804791438536,0.0,0.0,-1.0,-0.20802377414561665,1.1270850806075856,0.606123693402015,0.0,1.2451898292119137,0.0,0.3542739999460524
SHLO,2013-10-31,0.0,0.0,0.0,0.0,0.0,0.0,0.0,-0.0006473253692696993,-0.003462238131565049,0.0,0.0,0.0,0.010337169242276777,-0.9974936660655028,-0.9986688018266563,-0.5652443499381241,-0.9981861252042962,-0.9981418682461489,0.05938776051021609,-1.00116953485003,-0.9972935455446809,-0.06737901904738144,-0.9986756875368537,-0.9988008143947941,0.0,0.0,-0.9979144250657794,-0.6943687556766576,-0.09808371154815936,0.2553020452347248,0.0,0.2537633960218506,0.0,0.0
SHLO,2013-01-31,-1.0,-1.0,-1.0,-1.0,-1.0,-1.0,-1.0,1009.7060013085113,1012.560934990781,-1.0,-1.0,-1.0,-1.0,-1.0,-1.0,-1.0,-1.0,-1.0,-1.0,-1.0,-1.0,-0.14313249397188985,-0.9991518330451759,-0.9989892342669566,0.0,-1.0,0.0,3.1082089552238807,0.065007720366102,0.25345440823437787,0.0,3.4415428068713245,0.0,-1.0
SHLO,2012-10-31,0.13197860714678905,0.3030357509759605,0.6235167206040992,0.6235167206040992,0.724155513065647,0.7021276595744683,0.7021276595744683,0.005802823642019622,0.005802823642019622,3.178348590394302,0.005836292009143524,0.005836292009143524,-0.17542627452497744,964.1953573625998,1.1189542992026704,-0.6173226894465424,323.59560081771485,-0.023785504375638377,-1.4449446670314174,1376.1632584235022,-1.7407574518668065,-0.12186722232307073,771.0702406825473,0.09543224002245333,0.0,199.35895757154708,0.0,0.2350230414746544,0.31525194254768074,0.03501832354138794,0.0,-0.17341549295774647,0.0,0.16320060867359878
SHLO,2011-10-31,0.13224295386553298,0.12330506029657838,0.49667003027245205,0.49667003027245205,1.031857031857032,1.043478260869565,1.043478260869565,0.011129929833051052,0.011129929833051052,0.0,-0.29732408325074333,-0.29732408325074333,-0.2673372304497533,801.7117302641124,-0.0026523685426045156,-0.6173354227161822,572.0916826982673,-0.5616187329295054,-1.2595627825177615,1059.070200075156,0.12601556368358688,-0.11472392151187893,269.3231907257964,-0.12565198823619453,0.0,0.0,-0.8801148600143576,-0.9939785781674899,0.6241694153640232,0.05722456259032625,0.0,-0.0540530755584519,0.0,0.1878891343643302
SHLO,2010-10-31,0.6974916567983637,-7.752776154295733,-1.4274868432404453,-1.4274868432404453,-1.2171052631578947,-1.2110091743119267,-1.2110091743119267,0.009587786259541984,0.009587786259541984,0.0,0.41816507536470704,0.41816507536470704,-0.34570822257056816,692.6975482063881,764.8737677720737,-0.4493569539588321,1564.2886133472573,466.0679589216492,-1.129168388306625,137.9391994552829,398.79343883922405,-0.1503789961486113,653.3131993141002,746.0021728010518,0.0,0.0,-1.0,0.10872507999015506,-0.1112668875860311,-0.09818128518288166,0.0,-0.4738857142857143,0.0,0.212246637044251
SHLO,2009-10-31,-0.4696598023388589,-1.1158952359449086,-2.3741553052756372,-2.3741553052756372,-3.608772187179111,-3.5952380952380953,-3.5952380952380953,0.0011616532159452189,0.0011616532159452189,-1.0,-0.5504009413405386,-0.5504009413405386,-0.6108581833099012,402.1135497692586,425.34717359144696,-0.6079987418044771,238.6833844825416,586.0746183869743,-0.3993382504487829,-906.8197457586771,-2454.1391397789494,-0.19836869356800202,703.2303133935967,243.7818683980108,0.0,0.0,0.0,-0.07039796370708269,-0.3119957909505437,-0.14025652902469926,0.0,-0.2600631412786109,0.0,-0.3898009211112762
SHLO,2008-10-31,-0.13968842202251303,-0.2252523308901989,-0.3008413112851755,-0.3008413112851755,-0.28617801047120417,-0.27586206896551724,-0.27586206896551724,-0.9989995106435038,-0.9989995106435038,398.980426697984,-0.259220997239754,-0.259220997239754,-0.2653887707342047,809.3205043260182,777.8543677389027,-0.12709642033521748,600.6531540316564,2480.3643677562977,-1.2305143826508416,1757.7501439226858,246.95140829975043,0.012498532137415854,1009.2580643521817,778.7490302859113,0.0,0.0,0.0,-0.2863091289483084,0.05772144071726697,-0.13924540470815866,0.0,-0.06610156106036276,0.0,-0.17917136672662418
SHLO,2007-10-31,-0.048294982873262136,-0.01871019791613025,0.5184066452709081,0.5184066452709081,0.34166900814835627,0.31818181818181807,0.31818181818181807,0.016793133474312726,0.016793133474312726,0.0,0.7952648661180016,0.7952648661180016,-0.9991456924039418,-0.9991456924039418,-0.11501937630070215,-0.9988210643964692,-0.9988210643964692,-0.2791572230100456,-1.0003230878142515,-1.0003230878142515,-0.512771835427159,-0.9988626257930876,-0.9988626257930876,-0.0008207167647404798,0.0,0.0,0.0,-0.014562569770599299,-0.2754905474419855,-0.10945474956596656,0.0,-0.10496677819141416,0.0,-0.12923093259709575
SHLO,2006-10-31,-0.022383343917778558,-0.2556062406562656,-0.627609964145947,-0.627609964145947,-0.7339264354066986,-0.7396449704142012,-0.7396449704142012,0.01024191014765944,0.01024191014765944,0.0,0.9175372304956657,0.9175372304956657,-0.9990872654006075,-0.9990872654006075,0.006801327601139993,-0.999332280350882,-0.999332280350882,-0.5397708953661029,-1.000244854333703,-1.000244854333703,0.8681593299644582,-0.9967251197497661,-0.9967251197497661,2.267633559529407,0.0,0.0,0.0,-0.10332669017323318,0.5052936813001551,-0.029782696248413724,0.0,-0.17809386407428565,0.0,0.05847476677531752
SHLO,2005-10-31,-0.006142511914625036,0.02410395320535469,0.07586224283985478,0.07586224283985478,0.4260888107041953,0.4322033898305085,0.4322033898305085,0.01719289275214112,0.01719289275214112,0.0,-0.7812089675630988,-0.7812089675630988,-0.99905680540587,-0.99905680540587,-0.99905680540587,-0.9996482162833449,-0.9996482162833449,-0.9996482162833449,-1.0009296756337522,-1.0009296756337522,-1.0009296756337522,-0.9987015071608795,-0.9987015071608795,-0.9987015071608795,0.0,0.0,0.0,0.3391500718538288,-0.20231307154384076,-0.010992507158406838,0.0,-0.11517306374228924,0.0,-0.031750782206502515
SHLO,2004-10-31,0.0927660200787954,0.3286101742063354,0.8582337784024362,0.8582337784024362,4.192084140603376,2.3714285714285714,2.3714285714285714,0.02623638987275351,0.02623638987275351,0.0,0.15684950773558368,0.15684950773558368,-0.9990346595471356,-0.9990346595471356,-0.9990346595471356,-0.9983645038264048,-0.9983645038264048,-0.9983645038264048,-1.0006631139941073,-1.0006631139941073,-1.0006631139941073,-0.9988616915642711,-0.9988616915642711,-0.9988616915642711,0.0,0.0,0.0,0.2893466616841056,-0.025425950196592398,0.026774047513709834,0.0,-0.2217369561593599,0.0,0.016089348409034362
SHLO,2003-10-31,-0.06598548220283035,0.24084221426414118,-1.8988503811007706,-1.8988503811007706,-1.1350351323067722,-1.1933701657458564,-1.1933701657458564,1029.2743614001893,1029.2743614001893,0.0,0.49476516839759493,0.49476516839759493,-0.9990934312715228,-0.9990934312715228,-0.9990934312715228,-0.9985491581423358,-0.9985491581423358,-0.9985491581423358,-1.0001310671578036,-1.0001310671578036,-1.0001310671578036,-0.9989977822817117,-0.9989977822817117,-0.9989977822817117,0.0,0.0,0.0,-0.15284061679703473,-0.3862118896307618,-0.1320251748688902,0.0,-0.28759737792133766,0.0,-0.17424553714103092
SHLO,2002-10-31,0.0,0.0,0.0,0.0,0.0,0.0,0.0,0.0,0.0,0.0,0.0,0.0,0.0,0.0,0.0,0.0,0.0,0.0,0.0,0.0,0.0,0.0,0.0,0.0,0.0,0.0,0.0,0.0,0.0,0.0,0.0,0.0,0.0,0.0
