symbol,date,revenueGrowth,grossProfitGrowth,ebitgrowth,operatingIncomeGrowth,netIncomeGrowth,epsgrowth,epsdilutedGrowth,weightedAverageSharesGrowth,weightedAverageSharesDilutedGrowth,dividendsperShareGrowth,operatingCashFlowGrowth,freeCashFlowGrowth,tenYRevenueGrowthPerShare,fiveYRevenueGrowthPerShare,threeYRevenueGrowthPerShare,tenYOperatingCFGrowthPerShare,fiveYOperatingCFGrowthPerShare,threeYOperatingCFGrowthPerShare,tenYNetIncomeGrowthPerShare,fiveYNetIncomeGrowthPerShare,threeYNetIncomeGrowthPerShare,tenYShareholdersEquityGrowthPerShare,fiveYShareholdersEquityGrowthPerShare,threeYShareholdersEquityGrowthPerShare,tenYDividendperShareGrowthPerShare,fiveYDividendperShareGrowthPerShare,threeYDividendperShareGrowthPerShare,receivablesGrowth,inventoryGrowth,assetGrowth,bookValueperShareGrowth,debtGrowth,rdexpenseGrowth,sgaexpensesGrowth
TUP,2019-12-28,-0.13132338020002898,-0.13822141560798548,-0.6063164477798624,-0.6063164477798624,-0.9204618345093009,-0.9166666666666667,-0.9196141479099679,0.0,0.0,0.0,-0.3378787878787879,-0.5335689045936396,0.0,0.0,0.0,0.0,0.0,0.0,0.0,0.0,0.0,0.0,0.0,0.0,0.0,0.0,0.0,-0.2349689011748445,-0.04850601474582848,-0.035452322738386305,0,-0.015187310158623017,0.006666666666666667,-0.05761433286185762
TUP,2018-12-29,-0.082498448444011,-0.08847273689782954,0.3958969882147534,0.3958969882147534,-1.5874152223059532,-1.5977011494252875,-1.595785440613027,0.0,0.0,0.0,-0.391705069124424,-0.6088458880442295,0.0,0.0,0.0,0.0,0.0,0.0,0.0,0.0,0.0,0.0,0.0,0.0,0.0,0.0,0.0,0.002077562326869806,-0.017162471395881007,-0.057060518731988474,0,0.20430835930090774,-0.10179640718562874,-0.08758496085348016
TUP,2017-12-30,0.01929420270209209,0.008744409585474936,-0.33976945244956774,-0.33976945244956774,-2.1869409660107335,-2.1783295711060946,-2.1836734693877546,0.0,0.0,0.0,-0.09052808046940486,-0.1824858757062147,0.0,0.0,0.0,0.0,0.0,0.0,0.0,0.0,0.0,0.0,0.0,0.0,0.0,0.0,0.0,0.1524341580207502,0.09068219633943428,-0.12583448797077718,0,0.03680292175867397,-0.08743169398907104,-0.007259993167065254
TUP,2016-12-31,-0.030957176635432175,-0.02682863453293491,0.10088832487309644,0.10088832487309644,0.20344456404736275,0.1908602150537633,0.19512195121951226,0.0,0.0,0.0,0.057155516171909615,0.07533414337788578,0.0,0.0,0.0,0.0,0.0,0.0,0.0,0.0,0.0,0.0,0.0,0.0,0.0,0.0,0.0,-0.12193412754029433,-0.05577376276512176,-0.006507320735827806,0,-0.07629427792915532,0.011049723756906077,-0.03843626806833114
TUP,2015-12-26,-0.12367138636276429,-0.10609140003484119,-0.14277943976067448,-0.14277943976067448,-0.1333955223880597,-0.13084112149532712,-0.12142857142857148,0.0,0.0,0.0,-0.1999291031549096,-0.22614010343206395,0.0,0.0,0.0,0.0,0.0,0.0,0.0,0.0,0.0,0.0,0.0,0.0,0.0,0.0,0.0,-0.15110053539559787,-0.16797385620915034,-0.10369581066681621,0,-0.0787712168300263,-0.06217616580310881,-0.09546096129559468
TUP,2014-12-27,-0.024517143284922892,-0.033505443933101356,-0.08872366790582403,-0.08872366790582403,-0.21808898614150254,-0.1893939393939394,-0.1876208897485493,-1.0,-1.0,0.0,-0.12797527047913446,-0.1642436149312377,0.0,0.0,0.0,0.0,0.0,0.0,0.0,0.0,0.0,0.0,0.0,0.0,0.0,0.0,0.0,-0.004146919431279621,-0.023611997447351627,-0.03297358858940289,0,-0.021863673564831054,-0.035,-0.017230050375994743
TUP,2013-12-28,0.03398095827850453,0.031492416348269076,0.3164763458401305,0.3164763458401305,0.42072538860103625,0.5128939828080229,0.5116959064327485,0.0,0.0,0.0,0.08302644794107801,0.1407440609592111,1.5134526327582856,0.46394449478401606,0.3987221623986858,2.4029248103246013,1.924225986941358,0.30089078891099436,5.4437244377687914,1.0167381665235815,0.4638336809368209,0.22512767260181438,-0.36820173260052247,-0.61434845080644,-2.2056643855557905,1.5612798088609725,1.2258154100409309,-0.0265282583621684,-0.0015928639694170119,0.01213085958941706,0,0.3844286176756232,0.0582010582010582,0.03023693117713426
TUP,2012-12-29,-0.0004642166344294004,0.0028447024673439766,-0.10458661992404324,-0.10458661992404324,-0.11589555657352267,-0.03856749311294757,-0.03661971830985913,0.0,0.0,0.0,0.09014598540145985,-0.2003584229390681,0.0,0.0,0.0,0.0,0.0,0.0,0.0,0.0,0.0,0.0,0.0,0.0,0.0,0.0,0.0,0.05925473427000611,0.03768595041322314,-0.012146188049018545,0,0.011294810934686528,-0.03076923076923077,-0.007835820895522387
TUP,2011-12-31,0.12371761432794297,0.12273497588319646,0.039162112932604735,0.039162112932604735,-0.03235815602836879,0.00833333333333328,0.005665722379603405,-1.0,-1.0,0.0,-0.08514190317195326,0.14626129827444537,0.0,0.0,0.0,0.0,0.0,0.0,0.0,0.0,0.0,0.0,0.0,0.0,0.0,0.0,0.0,-0.1000549752611325,0.08384091723396632,-0.08512749280682608,0,0.4250058315838582,0.0,0.12312463330818875
TUP,2010-12-25,0.08152327221438646,0.08885734563520227,0.1978181818181818,0.1978181818181818,0.28914285714285715,0.2857142857142858,0.26071428571428573,0.0,0.0,0.1490909090909092,0.198,-0.056589147286821705,0.8503426854566232,0.6869558464500388,0.12252396540252389,1.17379031775,0.6820978544191616,0.6356873642485874,1.328774188373333,1.4893792825223529,0.8799999792551724,3.1454783942870055,1.211277381358806,0.46259257645363977,0.15127134469019618,0.1399469368615386,0.1527043897962265,0.004972375690607734,0.05320754716981132,0.123008356545961,0,0.003981264637002342,0.0,0.0
TUP,2009-12-26,-0.015733456732993985,0.008589835361488905,0.13168724279835392,0.13168724279835392,0.08695652173913043,0.06870229007633577,0.06870229007633577,0.017080756586358676,0.017080756586358676,0.0014136162962962743,0.9083969465648855,0.8832116788321168,0.7108671935168829,0.6047900815686271,0.16901015350086052,0.814516125,0.9080370247933883,0.39238630232558147,0.8064516088888887,0.8791946046511626,0.7834394765957446,2.343466367638418,1.0284933760000001,0.52555412828,0.001897530980392148,-0.004079498039215629,-0.0058887230188679135,0.11042944785276074,-0.04332129963898917,-0.011019283746556474,0,-0.25087719298245614,0.0,0.0
TUP,2008-12-27,0.09086320040383644,0.08631415241057543,0.25257731958762886,0.25257731958762886,0.3879310344827586,0.3645833333333334,0.3645833333333334,0.017109765706038792,0.017109765706038792,0.0017285831692340906,-0.2598870056497175,-0.29381443298969073,0.7679053621239365,0.7169043237046424,0.6117978091552071,-0.032953056975350614,0.1637010359394098,-0.25169066459543904,0.6903225955769274,2.1951219770270787,0.8068965515062805,1.5304123917363837,0.9391121119159109,0.3497703172371937,0.0004832315800594168,-1.4707273220929196,-0.009357958502887268,0.012422360248447204,0.02973977695167286,-0.028372591006423982,0,-0.037162162162162164,0.0,0.0
TUP,2007-12-29,0.13654618473895583,0.1400709219858156,0.27631578947368424,0.27631578947368424,0.23404255319148937,0.22292993630573238,0.22292993630573238,0.00908687613439808,0.00908687613439808,-0.009005048375228083,0.029069767441860465,-0.015228426395939087,0.6483769990541912,0.6483769990541912,0.5461744013749601,0.3289766524231908,0.3289766524231908,0.3974726501311317,0.2387096883351873,0.2387096883351873,0.28859060026544237,1.834335727546615,1.834335727546615,0.719601938974918,-0.0012432026100669643,-0.0012432026100669643,-0.0072014949273348705,0.11805555555555555,0.15948275862068967,0.0911214953271028,0,-0.12941176470588237,0.0,0.0
TUP,2006-12-30,0.36278342455043,0.370595382746051,0.36936936936936937,0.36936936936936937,0.10588235294117647,0.08275862068965525,0.08275862068965525,0.02135631670927648,0.02135631670927648,-0.002081102788256663,0.029940119760479042,0.12571428571428572,0.46351782180275436,0.46351782180275436,0.421297842014124,0.3031700484049376,0.3031700484049376,0.5681765464154743,0.01290323142171886,0.01290323142171886,0.9146341555072651,1.191640601705847,1.191640601705847,0.6795036451818117,0.007832376696203439,0.007832376696203439,-1.474185094588248,0.09923664122137404,-0.01276595744680851,-0.016091954022988506,0,-0.09454061251664447,0.0,0.0
TUP,2005-12-31,0.04493464052287582,0.030037546933667083,-0.04310344827586207,-0.04310344827586207,-0.011627906976744186,-0.02684563758389264,-0.02027027027027029,0.015637532892616737,0.0088211614117603,0.00390918030897345,0.38016528925619836,0.2773722627737226,0.09685306189276315,0.09685306189276315,0.09685306189276315,0.29230907229271913,0.29230907229271913,0.29230907229271913,-0.06451612065570307,-0.06451612065570307,-0.06451612065570307,0.8746985019761083,0.8746985019761083,0.8746985019761083,0.009934153478964144,0.009934153478964144,0.009934153478964144,0.25961538461538464,0.44171779141104295,0.7700915564598169,0,2.028225806451613,0.0,0.0
TUP,2004-12-25,0.04258943781942078,0.04308093994778068,0.3488372093023256,0.3488372093023256,0.8297872340425532,0.8170731707317074,0.8048780487804879,0.006996990233608056,0.013801036211322235,-1.4733236729020602,0.1523809523809524,-0.5797546012269938,0.06610030381329934,0.06610030381329934,0.06610030381329934,-0.049014195520401496,-0.049014195520401496,-0.049014195520401496,-0.03870966614220207,-0.03870966614220207,-0.03870966614220207,0.6482510651483724,0.6482510651483724,0.6482510651483724,0.006001512176765219,0.006001512176765219,0.006001512176765219,0.0196078431372549,0.01875,0.10573678290213723,0,-0.07462686567164178,0.0,0.0
TUP,2003-12-27,0.01645021645021645,-0.034047919293820936,-0.26495726495726496,-0.26495726495726496,-0.4777777777777778,-0.4709677419354839,-0.4675324675324676,-0.012872629473050288,-0.019241187923155642,-3.1253986854465357,-0.1796875,0.7248677248677249,0.02970523034693441,0.02970523034693441,0.02970523034693441,-0.16899021900071554,-0.16899021900071554,-0.16899021900071554,-0.4709677415352704,-0.4709677415352704,-0.4709677415352704,0.3049335188960514,0.3049335188960514,0.3049335188960514,-3.1253986854465357,-3.1253986854465357,-3.1253986854465357,-0.009708737864077669,0.08108108108108109,0.07108433734939759,0,-0.06293706293706294,0.0,0.0
TUP,2002-12-28,0.0,0.0,0.0,0.0,0.0,0.0,0.0,0.0,0.0,0.0,0.0,0.0,0.0,0.0,0.0,0.0,0.0,0.0,0.0,0.0,0.0,0.0,0.0,0.0,0.0,0.0,0.0,0.0,0.0,0.0,0,0.0,0.0,0.0
