symbol,date,revenueGrowth,grossProfitGrowth,ebitgrowth,operatingIncomeGrowth,netIncomeGrowth,epsgrowth,epsdilutedGrowth,weightedAverageSharesGrowth,weightedAverageSharesDilutedGrowth,dividendsperShareGrowth,operatingCashFlowGrowth,freeCashFlowGrowth,tenYRevenueGrowthPerShare,fiveYRevenueGrowthPerShare,threeYRevenueGrowthPerShare,tenYOperatingCFGrowthPerShare,fiveYOperatingCFGrowthPerShare,threeYOperatingCFGrowthPerShare,tenYNetIncomeGrowthPerShare,fiveYNetIncomeGrowthPerShare,threeYNetIncomeGrowthPerShare,tenYShareholdersEquityGrowthPerShare,fiveYShareholdersEquityGrowthPerShare,threeYShareholdersEquityGrowthPerShare,tenYDividendperShareGrowthPerShare,fiveYDividendperShareGrowthPerShare,threeYDividendperShareGrowthPerShare,receivablesGrowth,inventoryGrowth,assetGrowth,bookValueperShareGrowth,debtGrowth,rdexpenseGrowth,sgaexpensesGrowth
TWTR,2019-12-31,0.1370548314646628,0.11790241662262042,-0.1899783489701882,-0.1899783489701882,0.21571322399875248,0.19749103712777627,0.19749103712777627,0.016623829084518163,0.016623829084518163,0.0,-0.027130478140434764,-0.1087911920979414,18.6659307804174,0.8990055877806362,0.22234569325845457,-12.156216233415346,11.271692480023923,0.526747341568554,-7.903386452136558,-2.9536530860084405,-3.8674426440146337,7.309795475624809,0.8488530244390746,0.6895534327571462,0.0,0.0,0.0,0.07795613034106758,0.0,0.250017121649913,0.0,-0.06917693673296113,0.23186990167154758,0.19011305585327315
TWTR,2018-12-31,0.2451848914111617,0.3130765832078111,20.001856618422718,20.001856618422718,12.156418015416932,3.05273828399137,3.05273828399137,0.054570616703653055,0.054570616703653055,0.0,0.6117619034442601,0.27638944198595905,16.583016490722645,0.12217424649085616,0.17591428852363794,-12.657961330344516,233.68712156592161,1.998268567105808,-6.772864052212082,-1.4581907359821327,-2.983678335281088,5.605086585408993,-0.4342166122954675,0.33570868395252673,0.0,0.0,0.0,0.18732198450023183,0.0,0.3710089083581642,0.0,0.5167660491129169,0.021859375288278814,0.0687821017929566
TWTR,2017-12-31,-0.034123715863930495,-0.009591962834117639,0.9354616457157796,0.9354616457157796,0.76347256239699,1.6908173525820585,1.6908173525820585,0.04353436304984084,0.04353436304984084,0.0,0.08931728381309342,0.23157506089294963,13.891388959207273,3.9951235290745766,0.4379604585768444,-8.627766510287122,-20.30180342746491,7.3904437638362745,-0.4543147455325847,-0.11824410392733781,-0.8455714903444784,4.165831164091837,4.2403383443431615,0.149349896695826,0.0,0.0,0.0,0.020929839391377852,0.0,0.07890585143584075,0.0,0.06349383275269588,-0.24033122068951984,-0.19966189888138886
TWTR,2016-12-31,0.14047903727268138,0.07294784440372494,0.18404749842234844,0.18404749842234844,0.1231366271872499,0.2919458394253385,0.2919458394253385,0.05994800913010398,0.05994800913010398,0.0,0.9919674416419103,14.212597105013133,15.08868169526835,15.08868169526835,0.026803578779842154,-8.307179079122314,-8.307179079122314,146.10126206905673,1.4075063773451113,1.4075063773451113,-0.8089168376492875,3.918338369485144,3.918338369485144,-0.5787013374341431,0.0,0.0,0.0,0.018719449376383684,0.0,0.06642298048922154,0.0,0.05221353549317636,-0.11549771399668753,0.1050563345946347
TWTR,2015-12-31,0.5809208838203849,0.5561576251698547,0.164898868064576,0.164898868064576,0.09825025960539979,0.18067708333333332,0.18067708333333332,0.09491570247933884,0.09491570247933884,0.0,3.682958435207824,-1.2987145242070117,13.952634441408264,13.952634441408264,4.015667532728617,-4.888231180570259,-4.888231180570259,-10.839036607464529,1.9101815297055533,1.9101815297055533,3.7024721695368066,3.9450053479204215,3.9450053479204215,4.016327540438505,0.0,0.0,0.0,0.5279760765550239,0.0,0.15393856349632815,0.0,-0.0025164903546981954,0.16651916124367316,0.4081641791044776
TWTR,2014-12-31,1.110091743119266,1.402561526870919,0.15240641711229946,0.15240641711229946,0.10460251046025104,0.718475073313783,0.718475073313783,2.192612137203166,2.192612137203166,0.0,57.42857142857143,0.6123822341857336,9.355909907248314,9.355909907248314,9.355909907248314,-1.9091016786458455,-1.9091016786458455,-1.9091016786458455,2.533578454423066,2.533578454423066,2.533578454423066,3.4945679109056966,3.4945679109056966,3.4945679109056966,0.0,0.0,0.0,0.6923076923076923,0.0,0.6586452762923352,0.0,7.116161616161616,0.16414141414141414,0.8272727272727273
TWTR,2013-12-31,1.0981382139476175,1.1158342189160468,-7.246433203631647,-7.246433203631647,-7.1272040302267,-19.058823529411764,-19.058823529411764,-0.6008005055824731,-0.6008005055824731,0.0,-1.050179211469534,-0.0535031847133758,14.668704344005738,14.668704344005738,14.668704344005738,-1.049674482573045,-1.049674482573045,-1.049674482573045,11.599259650760812,11.599259650760812,11.599259650760812,10.674232098271412,10.674232098271412,10.674232098271412,0.0,0.0,0.0,1.2053571428571428,0.0,3.045673076923077,0.0,0.7217391304347827,3.991596638655462,2.009575923392613
TWTR,2012-12-31,1.9811853245531514,3.2292134831460673,0.39481946624803765,0.39481946624803765,0.38113795791114574,0.5142857142857142,0.5142857142857142,0.0,0.0,0.0,-0.6048158640226629,-0.0438489646772229,1.9811853245531512,1.9811853245531512,1.9811853245531512,-0.604815864022663,-0.604815864022663,-0.604815864022663,-0.38113795791114574,-0.38113795791114574,-0.38113795791114574,-0.01421800947867304,-0.01421800947867304,-0.01421800947867304,0.0,0.0,0.0,1.8,0.0,0.1539528432732316,0.0,1.6136363636363635,0.4837905236907731,0.5943293347873501
TWTR,2011-12-31,2.756183745583039,3.9865771812080535,-0.8874074074074074,-0.8874074074074074,-0.9063893016344725,-1.4999999999999996,-1.4999999999999996,0.0,0.0,0.0,0.44969199178644764,0.5091911764705882,0.0,0.0,0.0,0.0,0.0,0.0,0.0,0.0,0.0,0.0,0.0,0.0,0.0,0.0,0.0,0.0,0.0,0.0,0.0,0.0,1.7372013651877134,2.9525862068965516
