symbol,date,revenueGrowth,grossProfitGrowth,ebitgrowth,operatingIncomeGrowth,netIncomeGrowth,epsgrowth,epsdilutedGrowth,weightedAverageSharesGrowth,weightedAverageSharesDilutedGrowth,dividendsperShareGrowth,operatingCashFlowGrowth,freeCashFlowGrowth,tenYRevenueGrowthPerShare,fiveYRevenueGrowthPerShare,threeYRevenueGrowthPerShare,tenYOperatingCFGrowthPerShare,fiveYOperatingCFGrowthPerShare,threeYOperatingCFGrowthPerShare,tenYNetIncomeGrowthPerShare,fiveYNetIncomeGrowthPerShare,threeYNetIncomeGrowthPerShare,tenYShareholdersEquityGrowthPerShare,fiveYShareholdersEquityGrowthPerShare,threeYShareholdersEquityGrowthPerShare,tenYDividendperShareGrowthPerShare,fiveYDividendperShareGrowthPerShare,threeYDividendperShareGrowthPerShare,receivablesGrowth,inventoryGrowth,assetGrowth,bookValueperShareGrowth,debtGrowth,rdexpenseGrowth,sgaexpensesGrowth
XAN,2019-12-31,0.10612665738111174,0.10612665738111174,2.6735981643482,2.6735981643482,2.6735981643482,2.727272727272727,2.681818181818182,0.007429695170435305,0.00915314235030049,1.4261378888571417,-0.10112429472286757,-0.10112429472286757,-2.8007618883987817,1.50483172026256,-0.05205838227270155,-0.2807771657990062,-3.5364284203140843,0.006981624235898635,0.0,0.6784709568151296,-1.813559216276382,0.8815172742443467,1.3804956367916392,-0.23238649740613546,0.0,0.05729672562216787,-0.498457635982071,-0.01902903147109051,0.0,0.15177203386529622,0.0,0.19796855310067948,0.0,-0.025689105569098068
XAN,2018-12-31,0.26479672378686314,0.26479672378686314,-0.7908581026363937,-0.7908581026363937,-0.7908581026363937,0.22222222222222227,0.22222222222222227,0.011736746183082332,0.00988921052908491,0.7497768133448316,-0.7816646889917481,-0.7816646889917481,-2.6669828944566656,1.3068841625095928,-0.4392073511519267,-0.25029527513456795,1.6757077731145278,-0.2873788299459579,0.0,-0.42994746424881397,-0.5801179599816336,1.3553674146488006,1.717556109047978,-0.3002181146571571,0.0,-0.5502598599153569,-0.8728984101506497,0.19521796180201195,0.0,0.11445053149065805,0.0,0.35727577063735244,0.0,-0.32689637763473434
XAN,2017-12-31,-0.3026643267389917,-0.3026643267389917,-2.0897888474864352,-2.0897888474864352,-2.0897888474864352,-1.1040462427745665,-1.1040462427745665,0.00972616690279357,0.01756480299249143,-0.8818565945484242,4.280606509937101,4.280606509937101,-2.0530720228085024,0.01308818122524745,0.8248838823323836,6.537789111407866,14.441237876316386,-14.172895936151493,1.9931815698534825,0.4833441659012527,1.2267087192189883,0.9730920054480133,2.138807788331941,1.9281586003684044,0.0,-0.7579344632641285,-0.7509430016297929,0.07104934415990007,0.0,-0.06888971889071717,0.0,-0.023476318051191148,0.0,0.04270579719681516
XAN,2016-12-31,-0.3854841714134452,-0.3854480209426137,-2.7804807076761917,-2.7804807076761917,-2.7804807076761917,3.0232558139534884,3.0232558139534884,-0.05393224273898904,-0.05393224273898904,-0.3851646341554797,-0.4026287591970855,-0.40250925251139597,-5.418328863626581,0.5347010636899048,1.6719867957637136,0.8654862995944508,1.9180035636829447,1.3708388176260036,-2.125826394515274,-2.8701899899487073,-3.5550688888380373,0.27370939894541463,2.7790002266822285,2.53052161900149,0.0,0.7294039179654599,1.1755522011302435,-0.542865300878007,0.0,-0.2560791209491848,0.0,-0.37135886472135105,0.0,-0.683922628951747
XAN,2015-12-31,0.025672224121633853,0.08499728732061743,-0.723603783296873,-0.723603783296873,-0.723603783296873,-2.264705882352941,-2.264705882352941,-0.7478711963215428,-0.7502671179329291,2.428707394344821,-2.0057764430330636,-1.9932300093672826,0.0,33.77960688137483,1.2583858547672218,0.0,4.038616643046438,3.6760575636749913,0.0,0.3060633194964908,-0.26972211496336734,0.0,2.4749114538737396,2.6565528771429547,0.0,0.0,2.3324576348126973,-0.1384378843788438,0.0,0.011466253642632348,0.0,0.09244735002170153,0.0,2.150101552774684
XAN,2014-12-31,0.09272913072620788,0.2216908181168367,0.3382989257959658,0.3382989257959658,0.3382989257959658,0.030303030303030328,0.030303030303030328,0.08062541416737014,0.07681182843841891,0.03200129874344716,-2.0171292439455724,-2.0354161768163648,0.0,-1.7189153162792201,-0.4191997022101273,0.0,-1.2835573156493543,-2.1584698959175577,0.0,0.0,-0.09351407223771983,0.0,-0.20961112250547984,0.21857463440520336,0.0,0.0,-0.17963490443247088,0.8137200223089793,0.0,0.26852503013116413,0.0,0.3027618625676761,0.0,-0.052576039726877716
XAN,2013-12-31,-0.2642807482740222,-0.33468508975201466,-0.2791614294803159,-0.2791614294803159,-0.2791614294803159,-0.5352112676056338,-0.5352112676056338,0.34010075209360285,0.3444549628822422,-0.05821022911011842,0.6689269946581458,0.6598287679586311,0.0,-1.7226123103828508,7.454758234450259,0.0,-0.7198106862048038,0.34193461771127187,0.0,0.0,-0.03799650630322627,0.0,-0.1332773565164991,-0.10519599558771298,0.0,0.0,0.0,0.15483704753317015,0.0,-0.13187687607106785,0.0,-0.25419466845878136,0.0,2.6332882273342353
XAN,2012-12-31,0.3136582309399658,0.2650623495952746,0.7086382437161948,0.7086382437161948,0.7086382437161948,0.31481481481481466,0.33962264150943383,0.25564703181705484,0.2609184854915798,-0.1559406967846187,0.24094197415019525,2.467269959404601,0.0,-2.039467286583975,-2.2949879366405757,0.0,-0.5118403607414629,-0.7580976965122385,0.0,1.017860479489519,0.0,0.0,-0.3713880751848856,-0.262655076276256,0.0,0.0,0.0,-0.12143503847894975,0.0,0.07767520558768878,0.0,459.8,0.0,0.12253164556962025
XAN,2011-12-31,20.72156862745098,20.08881199538639,0.49856961220597584,0.49856961220597584,0.9394251041291716,0.3170731707317075,0.29268292682926844,0.4756368017978047,0.48399803651180984,0.0,0.6088925684231031,-0.4241745397876692,0.0,-3.878950805574817,-2.2581020483279075,0.0,-0.36069773086913715,-0.7723499348331084,0.0,-0.39801496074409465,0.0,0.0,-0.6629506952785585,-0.19026651311340845,0.0,0.0,0.0,0.0,0.0,0.18892927308447938,0.0,-0.8880381392661081,0.0,0.2904279647174126
XAN,2010-12-31,-1.164973170453248,-1.164973170453248,4.368600682593857,4.368600682593857,0.0,0.0,0.0,0.9618875978284945,0.9618875978284945,0.0,-0.5595641542619364,-0.5595641542619364,0.0,0.0,-1.067496973859462,0.0,0.0,-0.5469664125795451,0.0,0.0,0.1282752231558791,0.0,0.0,-0.3385291185688454,0.0,0.0,0.0,0.0,0.0,0.07743830158914072,0.0,-0.22305032999595922,0.0,35.87951807228916
XAN,2009-12-31,0.0,0.0,0.0,0.0,0.0,0.0,0.0,-0.016136075691925638,-0.016136075691925638,0.0,-0.084946025515211,-0.084946025515211,0.0,0.0,1.325858758795481,0.0,0.0,1.6118614908025406,0.0,0.0,-1.0,0.0,0.0,-0.48035739751372447,0.0,0.0,0.0,0.0,0.0,-0.07275038467875773,0.0,24.454857142857144,0.0,0.0
XAN,2008-12-31,-0.20675602245969932,-0.20675602245969932,-0.4919809276116168,-0.4919809276116168,-1.0,-1.0,-1.0,0.004446116181130728,0.004446116181130728,0.0,1.179399435366584,1.179399435366584,0.0,0.0,0.0,0.0,0.0,0.0,0.0,0.0,0.0,0.0,0.0,0.0,0.0,0.0,0.0,0.0,0.0,-0.06568884075847864,0.0,0.0,0.0,-0.9475015812776724
XAN,2007-12-31,3.066036577881429,3.066036577881429,-0.4086889657823914,-0.4086889657823914,-0.43034730231962065,-0.5955056179775281,-0.5955056179775281,0.4032435234643685,0.4032435234643685,0.0,0.8161901802361715,0.817037152184051,0.0,0.0,0.0,0.0,0.0,0.0,0.0,0.0,0.0,0.0,0.0,0.0,0.0,0.0,0.0,-1.0,0.0,0.1493868802864831,0.0,-1.0,0.0,0.05752508361204013
XAN,2006-12-31,0.0,0.0,0.0,0.0,0.0,0.0,0.0,0.0,0.0,0.0,0.0,0.0,0.0,0.0,0.0,0.0,0.0,0.0,0.0,0.0,0.0,0.0,0.0,0.0,0.0,0.0,0.0,0.0,0.0,-0.11865677004732719,0.0,2.512256930755724,0.0,0.0
XAN,2005-12-31,0.0,0.0,0.0,0.0,0.0,0.0,0.0,0.0,0.0,0.0,0.0,0.0,0.0,0.0,0.0,0.0,0.0,0.0,0.0,0.0,0.0,0.0,0.0,0.0,0.0,0.0,0.0,0.0,0.0,0.0,0.0,0.0,0.0,0.0
