date,symbol,fillingDate,acceptedDate,period,revenue,costOfRevenue,grossProfit,grossProfitRatio,researchAndDevelopmentExpenses,generalAndAdministrativeExpenses,sellingAndMarketingExpenses,otherExpenses,operatingExpenses,costAndExpenses,interestExpense,depreciationAndAmortization,ebitda,ebitdaratio,operatingIncome,operatingIncomeRatio,totalOtherIncomeExpensesNet,incomeBeforeTax,incomeBeforeTaxRatio,incomeTaxExpense,netIncome,netIncomeRatio,eps,epsdiluted,weightedAverageShsOut,weightedAverageShsOutDil,link,finalLink
2020-06-30,GOOGL,2020-07-31,2020-07-30 19:57:55,Q2,38297000000,18553000000.0,19744000000,0.51555,6875000000.0,6486000000,3901000000.0,1894000000.0,13361000000,31914000000,13000000.0,3386000000.0,11676000000,0.30488,6383000000,0.166671,-222000000.0,8277000000,0.216127,1318000000.0,6959000000.0,0.181711,9.48895,9.48895,733379000,733379000,https://www.sec.gov/Archives/edgar/data/1652044/000165204420000032/goog-20200630.htm,https://www.sec.gov/Archives/edgar/data/1652044/000165204420000032/goog-20200630.htm
2020-03-31,GOOGL,2020-04-29,2020-04-28 18:52:33,Q1,41159000000,18982000000.0,22177000000,0.538813,6820000000.0,7380000000,4500000000.0,-220000000.0,14200000000,33182000000,21000000.0,3108000000.0,10886000000,0.264487,7977000000,0.193809,-256000000.0,7757000000,0.188464,921000000.0,6836000000.0,0.166088,9.25421,9.25421,738691000,738691000,https://www.sec.gov/Archives/edgar/data/1652044/000165204420000008/goog10-k2019.htm,https://www.sec.gov/Archives/edgar/data/1652044/000165204420000008/goog10-k2019.htm
2019-12-31,GOOGL,2020-02-04,2020-02-03 21:03:59,Q4,46075000000,21020000000.0,25055000000,0.543787,7222000000.0,8567000000,5738000000.0,1438000000.0,15789000000,36809000000,17000000.0,3413000000.0,14134000000,0.306761,9266000000,0.201107,-110000000.0,10704000000,0.232317,33000000.0,10671000000.0,0.231601,15.34969,15.34969,695193000,695193000,https://www.sec.gov/Archives/edgar/data/1652044/000165204420000008/goog10-k2019.htm,https://www.sec.gov/Archives/edgar/data/1652044/000165204420000008/goog10-k2019.htm
2019-09-30,GOOGL,2019-10-29,2019-10-28 19:02:44,Q3,40499000000,17568000000.0,22931000000,0.566212,6554000000.0,7200000000,4609000000.0,-549000000.0,13754000000,31322000000,23000000.0,2920000000.0,11571000000,0.285711,9177000000,0.226598,462000000.0,8628000000,0.213042,1560000000.0,7068000000.0,0.174523,10.12319,10.12319,698199000,698199000,https://www.sec.gov/Archives/edgar/data/1652044/000165204419000032/goog10-qq32019.htm,https://www.sec.gov/Archives/edgar/data/1652044/000165204419000032/goog10-qq32019.htm
2019-06-30,GOOGL,2019-07-26,2019-07-25 18:11:13,Q2,38944000000,17296000000.0,21648000000,0.555875,6213000000.0,6255000000,4212000000.0,2967000000.0,12468000000,29764000000,25000000.0,2835000000.0,15007000000,0.385348,9180000000,0.235723,-552000000.0,12147000000,0.311909,2200000000.0,9947000000.0,0.255418,14.21093,14.21093,699954000,699954000,https://www.sec.gov/Archives/edgar/data/1652044/000165204419000023/goog10-qq22019.htm,https://www.sec.gov/Archives/edgar/data/1652044/000165204419000023/goog10-qq22019.htm
2019-03-31,GOOGL,2019-04-30,2019-04-29 19:32:43,Q1,36339000000,16012000000.0,20327000000,0.559371,6029000000.0,5993000000,3905000000.0,1538000000.0,13719000000,29731000000,35000000.0,2613000000.0,10794000000,0.297036,6608000000,0.181843,121000000.0,8146000000,0.224167,1489000000.0,6657000000.0,0.183192,11.47674,11.47674,700879000,700879000,https://www.sec.gov/Archives/edgar/data/1652044/000165204419000004/goog10-kq42018.htm,https://www.sec.gov/Archives/edgar/data/1652044/000165204419000004/goog10-kq42018.htm
2018-12-31,GOOGL,2019-02-05,2019-02-04 21:06:38,Q4,39276000000,17918000000.0,21358000000,0.543793,6034000000.0,7103000000,5100000000.0,1869000000.0,13137000000,31055000000,29000000.0,2580000000.0,12681000000,0.322869,8221000000,0.209314,177000000.0,10072000000,0.256442,1124000000.0,8948000000.0,0.227824,12.76644,12.76644,700900000,700900000,https://www.sec.gov/Archives/edgar/data/1652044/000165204419000004/goog10-kq42018.htm,https://www.sec.gov/Archives/edgar/data/1652044/000165204419000004/goog10-kq42018.htm
2018-09-30,GOOGL,2018-10-26,2018-10-25 17:41:36,Q3,33740000000,14281000000.0,19459000000,0.576734,5232000000.0,5602000000,3849000000.0,1773000000.0,10834000000,25115000000,28000000.0,2355000000.0,12466000000,0.369472,8625000000,0.255631,-441000000.0,10083000000,0.298844,891000000.0,9192000000.0,0.272436,13.06,13.06,704000000,704000000,https://www.sec.gov/Archives/edgar/data/1652044/000165204418000035/goog10-qq32018.htm,https://www.sec.gov/Archives/edgar/data/1652044/000165204418000035/goog10-qq32018.htm
2018-06-30,GOOGL,2018-07-24,2018-07-23 21:02:56,Q2,32657000000,13883000000.0,18774000000,0.574884,5114000000.0,5544000000,3780000000.0,1408000000.0,15729000000,29612000000,27000000.0,2114000000.0,6356000000,0.194629,3045000000,0.093242,-399000000.0,4215000000,0.129069,1020000000.0,3195000000.0,0.097835,10.01,10.01,703000000,703000000,https://www.sec.gov/Archives/edgar/data/1652044/000165204418000027/goog10-qq22018.htm,https://www.sec.gov/Archives/edgar/data/1652044/000165204418000027/goog10-qq22018.htm
2018-03-31,GOOGL,2018-04-24,2018-04-23 18:54:51,Q1,31146000000,13467000000.0,17679000000,0.567617,5039000000.0,5007000000,3604000000.0,3542000000.0,10046000000,23513000000,30000000.0,1986000000.0,12559000000,0.40323,7633000000,0.245072,-331000000.0,10543000000,0.338503,1142000000.0,9401000000.0,0.301837,13.33,13.33,705000000,705000000,https://www.sec.gov/Archives/edgar/data/1652044/000165204418000007/goog10-kq42017.htm,https://www.sec.gov/Archives/edgar/data/1652044/000165204418000007/goog10-kq42017.htm
2017-12-31,GOOGL,2018-02-06,2018-02-05 20:46:29,Q4,32323000000,14267000000.0,18056000000,0.558612,4306000000.0,6086000000,4310000000.0,354000000.0,10392000000,24659000000,36000000.0,2026000000.0,256000000,0.00792,7664000000,0.237107,-9000000.0,8018000000,0.248059,1214000000.0,-3020000000.0,-0.093432,9.8,9.8,695000000,695000000,https://www.sec.gov/Archives/edgar/data/1652044/000165204418000007/goog10-kq42017.htm,https://www.sec.gov/Archives/edgar/data/1652044/000165204418000007/goog10-kq42017.htm
2017-09-30,GOOGL,2017-10-27,2017-10-26 17:49:09,Q3,27772000000,11148000000.0,16624000000,0.598589,4205000000.0,4637000000,3042000000.0,197000000.0,8842000000,19990000000,27000000.0,1761000000.0,9767000000,0.351685,7782000000,0.28021,55000000.0,7979000000,0.287304,1247000000.0,6732000000.0,0.242402,9.57,9.57,704000000,704000000,https://www.sec.gov/Archives/edgar/data/1652044/000165204417000042/goog10-qq32017.htm,https://www.sec.gov/Archives/edgar/data/1652044/000165204417000042/goog10-qq32017.htm
2017-06-30,GOOGL,2017-07-25,2017-07-24 18:23:27,Q2,26010000000,10373000000.0,15637000000,0.601192,4172000000.0,4597000000,2897000000.0,245000000.0,11505000000,21878000000,21000000.0,1625000000.0,6023000000,0.231565,4132000000,0.158862,31000000.0,4377000000,0.168281,853000000.0,3524000000.0,0.135486,8.14,8.14,704000000,704000000,https://www.sec.gov/Archives/edgar/data/1652044/000165204417000026/goog10-qq22017.htm,https://www.sec.gov/Archives/edgar/data/1652044/000165204417000026/goog10-qq22017.htm
2017-03-31,GOOGL,2017-05-02,2017-05-02 16:25:09,Q1,24750000000,9795000000.0,14955000000,0.604242,3942000000.0,4445000000,2644000000.0,251000000.0,8387000000,18182000000,25000000.0,1503000000.0,8347000000,0.337253,6568000000,0.265374,205000000.0,6819000000,0.275515,1393000000.0,5426000000.0,0.219232,7.73,7.73,702000000,702000000,https://www.sec.gov/Archives/edgar/data/1652044/000165204417000008/goog10-kq42016.htm,https://www.sec.gov/Archives/edgar/data/1652044/000165204417000008/goog10-kq42016.htm
2016-12-31,GOOGL,2017-02-03,2017-02-02 18:13:47,Q4,26064000000,10661000000.0,15403000000,0.590968,3622000000.0,5142000000,3118000000.0,434000000.0,8764000000,19425000000,33000000.0,1687000000.0,8577000000,0.329075,6639000000,0.254719,-227000000.0,6857000000,0.263083,1524000000.0,5333000000.0,0.204612,7.71,7.71,691000000,691000000,https://www.sec.gov/Archives/edgar/data/1652044/000165204417000008/goog10-kq42016.htm,https://www.sec.gov/Archives/edgar/data/1652044/000165204417000008/goog10-kq42016.htm
2016-09-30,GOOGL,2016-11-03,2016-11-02 17:46:02,Q3,22451000000,8699000000.0,13752000000,0.612534,3596000000.0,4389000000,2565000000.0,0.0,7985000000,16684000000,29000000.0,1596000000.0,7670000000,0.341633,5767000000,0.256871,188000000.0,6045000000,0.269253,984000000.0,5061000000.0,0.225424,7.25,7.25,698000000,698000000,https://www.sec.gov/Archives/edgar/data/1652044/000165204416000038/goog10-qq32016.htm,https://www.sec.gov/Archives/edgar/data/1652044/000165204416000038/goog10-qq32016.htm
2016-06-30,GOOGL,2016-08-04,2016-08-04 16:22:44,Q2,21500000000,8130000000.0,13370000000,0.62186,3363000000.0,4039000000,2415000000.0,0.0,7402000000,15532000000,32000000.0,1490000000.0,7641000000,0.355395,5968000000,0.277581,149000000.0,6119000000,0.284605,1242000000.0,4877000000.0,0.226837,7.0,7.0,697000000,697000000,https://www.sec.gov/Archives/edgar/data/1652044/000165204416000032/goog10-qq22016.htm,https://www.sec.gov/Archives/edgar/data/1652044/000165204416000032/goog10-qq22016.htm
2016-03-31,GOOGL,2016-05-03,2016-05-02 20:56:36,Q1,20257000000,7648000000.0,12609000000,0.622451,3367000000.0,3900000000,2387000000.0,-1000000.0,7267000000,14915000000,30000000.0,1371000000.0,6530000000,0.322358,5342000000,0.263711,234000000.0,5129000000,0.253196,922000000.0,4207000000.0,0.207681,6.02,6.02,699000000,699000000,https://www.sec.gov/Archives/edgar/data/1652044/000165204416000012/goog10-k2015.htm,https://www.sec.gov/Archives/edgar/data/1652044/000165204416000012/goog10-k2015.htm
2015-12-31,GOOGL,2016-02-11,2016-02-11 16:38:35,Q4,21329000000,8188000000.0,13141000000,0.61611,3510000000.0,4251000000,2679000000.0,291000000.0,7761000000,15949000000,26000000.0,1404000000.0,6630000000,0.310844,5380000000,0.252239,145000000.0,5200000000,0.2438,277000000.0,4923000000.0,0.230813,7.06,7.06,697000000,697000000,https://www.sec.gov/Archives/edgar/data/1652044/000165204416000012/goog10-k2015.htm,https://www.sec.gov/Archives/edgar/data/1652044/000165204416000012/goog10-k2015.htm
2015-09-30,GOOGL,,,Q3,18675000000,7037000000.0,11638000000,0.623186,3230000000.0,3700000000,6368000000.0,0.0,6930000000,13967000000,78000000.0,1248000000.0,6217000000,0.332905,4708000000,0.252102,-40000000.0,4891000000,0.261901,912000000.0,3979000000.0,0.213066,5.73,5.73,694000000,694000000,,
2015-06-30,GOOGL,,,Q2,17727000000,6583000000.0,11144000000,0.628646,2789000000.0,3530000000,0.0,0.0,6319000000,12902000000,100000000.0,1234000000.0,6290000000,0.354826,4825000000,0.272184,31000000.0,4956000000,0.279574,1025000000.0,3931000000.0,0.221752,4.93,4.93,691000000,691000000,,
2015-03-31,GOOGL,,,Q1,17258000000,6356000000.0,10902000000,0.631707,2753000000.0,3702000000,0.0,0.0,6455000000,12811000000,169000000.0,1177000000.0,5950000000,0.344768,4447000000,0.257678,-12000000.0,4604000000,0.266775,1089000000.0,3515000000.0,0.203674,5.1,5.1,689000000,689000000,,
2014-12-31,GOOGL,,,Q4,18103000000,6921000000.0,11182000000,0.617688,2813000000.0,3970000000,0.0,0.0,6783000000,13704000000,-86000000.0,1267000000.0,6675000000,0.368723,4399000000,0.242998,214000000.0,4527000000,0.250069,819000000.0,4675000000.0,0.258244,5.39,5.39,688000000,688000000,,
2014-09-30,GOOGL,,,Q3,16523000000,6695000000.0,9828000000,0.594807,2655000000.0,3449000000,0.0,0.0,6104000000,12799000000,331000000.0,1547000000.0,5550000000,0.335895,3724000000,0.225383,-198000000.0,3857000000,0.233432,933000000.0,2739000000.0,0.165769,4.25,4.25,688000000,688000000,,
2014-06-30,GOOGL,,,Q2,15955000000,6114000000.0,9841000000,0.616797,2238000000.0,3345000000,0.0,0.0,5583000000,11697000000,118000000.0,1079000000.0,5532000000,0.346725,4258000000,0.266876,27000000.0,4403000000,0.275964,984000000.0,3351000000.0,0.210028,4.98,4.98,686000000,686000000,,
2014-03-31,GOOGL,,,Q1,15420000000,5961000000.0,9459000000,0.613424,2126000000.0,3218000000,0.0,0.0,5344000000,11305000000,352000000.0,1086000000.0,5712000000,0.370428,4115000000,0.266861,5000000.0,4472000000,0.290013,903000000.0,3371000000.0,0.218612,5.2,5.2,686000000,686000000,,
2013-12-31,GOOGL,,,Q4,15707000000,6253000000.0,9454000000,0.601897,1933000000.0,3092000000,0.0,0.0,5025000000,11278000000,65000000.0,1036000000.0,5136000000,0.326988,4429000000,0.281976,104000000.0,4541000000,0.289107,846000000.0,3189000000.0,0.20303,4.07,4.07,919000000,919000000,,
2013-09-30,GOOGL,,,Q3,13754000000,5409000000.0,8345000000,0.606733,1821000000.0,2763000000,0.0,0.0,4584000000,9993000000,183000000.0,974000000.0,4739000000,0.344554,3761000000,0.273448,-169000000.0,3775000000,0.274466,612000000.0,2970000000.0,0.215937,4.66,4.66,678000000,678000000,,
2013-06-30,GOOGL,,,Q2,13107000000,5195000000.0,7912000000,0.603647,1766000000.0,2681000000,0.0,0.0,4447000000,9642000000,186000000.0,1030000000.0,5371000000,0.409781,3465000000,0.264363,50000000.0,3701000000,0.282368,927000000.0,3228000000.0,0.246281,4.1,4.1,677000000,677000000,,
2013-03-31,GOOGL,,,Q1,12951000000,5136000000.0,7815000000,0.603428,1617000000.0,2450000000,0.0,0.0,4067000000,9203000000,295000000.0,899000000.0,4894000000,0.377886,3748000000,0.289399,-161000000.0,3882000000,0.299745,354000000.0,3346000000.0,0.258358,5.24,5.24,673000000,673000000,,
2012-12-31,GOOGL,,,Q4,14419000000,6213000000.0,8206000000,0.56911,1935000000.0,2877000000,0.0,0.0,4812000000,11025000000,0.0,953000000.0,4478000000,0.310562,3394000000,0.235384,152000000.0,3546000000,0.245926,639000000.0,2886000000.0,0.200153,4.7,4.7,670000000,670000000,,
2012-09-30,GOOGL,,,Q3,13304000000,5955000000.0,7349000000,0.55239,1879000000.0,2730000000,0.0,0.0,4609000000,10564000000,0.0,828000000.0,3651000000,0.274429,2740000000,0.205953,65000000.0,2805000000,0.210839,647000000.0,2176000000.0,0.16356,3.24,3.24,667000000,667000000,,
2012-06-30,GOOGL,,,Q2,11807000000,4677000000.0,7130000000,0.603879,1538000000.0,2355000000,0.0,0.0,3893000000,8570000000,0.0,670000000.0,4112000000,0.348268,3237000000,0.274159,253000000.0,3490000000,0.295587,657000000.0,2785000000.0,0.235877,4.28,4.28,662000000,662000000,,
2012-03-31,GOOGL,,,Q1,10645000000,3789000000.0,6856000000,0.644058,1441000000.0,2026000000,0.0,0.0,3467000000,7256000000,139000000.0,511000000.0,4195000000,0.394082,3389000000,0.318365,17000000.0,3545000000,0.33302,655000000.0,2890000000.0,0.271489,4.38,4.38,660000000,660000000,,
2011-12-31,GOOGL,,,Q4,10584000000,3702000000.0,6882000000,0.650227,1298000000.0,2077000000,0.0,0.0,3375000000,7077000000,0.0,503000000.0,3992000000,0.377173,3507000000,0.331349,-18000000.0,3489000000,0.329649,784000000.0,2705000000.0,0.255574,4.11,4.11,658000000,658000000,,
2011-09-30,GOOGL,,,Q3,9720000000,3378000000.0,6342000000,0.652469,1404000000.0,1880000000,0.0,0.0,3284000000,6662000000,275000000.0,492000000.0,4127000000,0.424588,3058000000,0.314609,27000000.0,3360000000,0.345679,631000000.0,2729000000.0,0.280761,4.17,4.17,655000000,655000000,,
2011-06-30,GOOGL,,,Q2,9026000000,3172000000.0,5854000000,0.648571,1234000000.0,1739000000,0.0,0.0,2973000000,6145000000,202000000.0,455000000.0,3742000000,0.41458,2881000000,0.319189,2000000.0,3085000000,0.34179,580000000.0,2505000000.0,0.277532,3.84,3.84,652000000,652000000,,
2011-03-31,GOOGL,,,Q1,8575000000,2936000000.0,5639000000,0.657609,1226000000.0,1617000000,0.0,0.0,3343000000,6279000000,0.0,401000000.0,2793000000,0.325714,2296000000,0.267755,96000000.0,2392000000,0.27895,594000000.0,1798000000.0,0.209679,3.33,3.33,653000000,653000000,,
2010-12-31,GOOGL,,,Q4,8440000000,2946000000.0,5494000000,0.650948,1051000000.0,1461000000,0.0,0.0,2512000000,5458000000,157000000.0,381000000.0,3680000000,0.436019,2982000000,0.353318,3000000.0,3142000000,0.372275,599000000.0,2543000000.0,0.301303,3.91,3.91,651000000,651000000,,
2010-09-30,GOOGL,,,Q3,7286000000,2552000000.0,4734000000,0.649739,994000000.0,1193000000,0.0,0.0,2187000000,4739000000,164000000.0,342000000.0,3220000000,0.441943,2547000000,0.349575,3000000.0,2714000000,0.372495,547000000.0,2167000000.0,0.29742,3.36,3.36,645000000,645000000,,
2010-06-30,GOOGL,,,Q2,6820000000,2467000000.0,4353000000,0.63827,898000000.0,1090000000,0.0,0.0,1988000000,4455000000,73000000.0,342000000.0,2849000000,0.417742,2365000000,0.346774,-4000000.0,2434000000,0.356891,594000000.0,1840000000.0,0.269795,2.85,2.85,645000000,645000000,,
2010-03-31,GOOGL,,,Q1,6775000000,2452000000.0,4323000000,0.638081,818000000.0,1017000000,0.0,0.0,1835000000,4287000000,15000000.0,331000000.0,2852000000,0.420959,2488000000,0.367232,3000000.0,2506000000,0.369889,551000000.0,1955000000.0,0.288561,3.03,3.03,645000000,645000000,,
2009-12-31,GOOGL,,,Q4,6674000000,2408000000.0,4265000000,0.639047,736000000.0,1048000000,0.0,0.0,1785000000,4193000000,83000000.0,365000000.0,3017000000,0.452053,2481000000,0.371741,5000000.0,2569000000,0.384927,595000000.0,1974000000.0,0.295775,3.06,3.06,644000000,644000000,,
2009-09-30,GOOGL,,,Q3,5945000000,2226000000.0,3719000000,0.625568,758000000.0,887000000,0.0,0.0,1645000000,3871000000,-8000000.0,379000000.0,2438000000,0.410093,2074000000,0.348865,1000000.0,2067000000,0.347687,428000000.0,1639000000.0,0.275694,2.56,2.56,639000000,639000000,,
2009-06-30,GOOGL,,,Q2,5523000000,2108000000.0,3415000000,0.618323,708000000.0,833000000,0.0,0.0,1541000000,3649000000,-15000000.0,377000000.0,2219000000,0.401774,1874000000,0.339308,-2000000.0,1856000000,0.336049,372000000.0,1485000000.0,0.268876,2.33,2.33,637000000,637000000,,
2009-03-31,GOOGL,,,Q1,5509000000,2102000000.0,3407000000,0.618443,642000000.0,882000000,0.0,0.0,1523000000,3625000000,7000000.0,403000000.0,2300000000,0.417499,1884000000,0.341986,-1000000.0,1890000000,0.343075,467000000.0,1423000000.0,0.258305,2.24,2.24,634000000,634000000,,
2008-12-31,GOOGL,,,Q4,5701000000,2190000000.0,3511000000,0.615857,733000000.0,917000000,0.0,0.0,2745000000,4935000000,68000000.0,385000000.0,1288000000,0.225925,765000000,0.134187,1000000.0,835000000,0.146466,453000000.0,382000000.0,0.067006,1.39,1.39,634000000,634000000,,
2008-09-30,GOOGL,,,Q3,5541000000,2173000000.0,3368000000,0.607833,705000000.0,1016000000,0.0,0.0,1721000000,3894000000,20000000.0,387000000.0,2076000000,0.374662,1648000000,0.297419,1000000.0,1669000000,0.301209,379000000.0,1290000000.0,0.23281,2.03,2.03,636000000,636000000,,
2008-06-30,GOOGL,,,Q2,5367000000,2148000000.0,3220000000,0.599963,682000000.0,959000000,0.0,0.0,1641000000,3789000000,53000000.0,391000000.0,2079000000,0.387367,1578000000,0.294019,5000000.0,1636000000,0.304826,388000000.0,1247000000.0,0.232346,1.96,1.96,636000000,636000000,,
2008-03-31,GOOGL,,,Q1,5186000000,2111000000.0,3076000000,0.593135,673000000.0,856000000,0.0,0.0,1529000000,3640000000,170000000.0,337000000.0,2220000000,0.428076,1546000000,0.29811,-3000000.0,1714000000,0.330505,406000000.0,1307000000.0,0.252025,3.65,3.65,635000000,635000000,,
2007-12-31,GOOGL,,,Q4,4827000000,1956000000.0,2871000000,0.594779,631000000.0,799000000,0.0,0.0,1430000000,3386000000,165000000.0,290000000.0,2063000000,0.427388,1441000000,0.298529,2000000.0,1608000000,0.333126,402000000.0,1206000000.0,0.249845,1.9,1.9,636000000,636000000,,
2007-09-30,GOOGL,,,Q3,4231000000,1663000000.0,2569000000,0.607185,549000000.0,702000000,0.0,0.0,1251000000,2914000000,159000000.0,250000000.0,1881000000,0.444576,1318000000,0.31151,-4000000.0,1472000000,0.347908,402000000.0,1070000000.0,0.252895,1.69,1.69,633000000,633000000,,
2007-06-30,GOOGL,,,Q2,3872000000,1560000000.0,2312000000,0.597107,532000000.0,675000000,0.0,0.0,1207000000,2767000000,138000000.0,223000000.0,1603000000,0.413998,1105000000,0.285382,0.0,1242000000,0.320764,317000000.0,925000000.0,0.238895,1.47,1.47,631000000,631000000,,
2007-03-31,GOOGL,,,Q1,3664000000,1470000000.0,2194000000,0.598799,408000000.0,564000000,0.0,0.0,973000000,2443000000,133000000.0,205000000.0,1690000000,0.461245,1221000000,0.333242,-2000000.0,1352000000,0.368996,350000000.0,1002000000.0,0.273472,1.59,1.59,630000000,630000000,,
2006-12-31,GOOGL,,,Q4,3205000000,1283000000.0,1922000000,0.599688,387000000.0,475000000,0.0,0.0,862000000,2145000000,122000000.0,189000000.0,1496000000,0.466771,1061000000,0.331045,2000000.0,1185000000,0.369735,154000000.0,1031000000.0,0.321685,1.64,1.64,627000000,627000000,,
2006-09-30,GOOGL,,,Q3,2690000000,1049000000.0,1641000000,0.610037,313000000.0,397000000,0.0,0.0,709000000,1758000000,108000000.0,146000000.0,1293000000,0.480669,931000000,0.346097,0.0,1040000000,0.386617,306000000.0,733000000.0,0.272491,1.18,1.18,621000000,621000000,,
2006-06-30,GOOGL,,,Q2,2456000000,989000000.0,1467000000,0.597313,283000000.0,369000000,0.0,0.0,652000000,1641000000,103000000.0,126000000.0,1205000000,0.490635,815000000,0.33184,58000000.0,976000000,0.397394,255000000.0,721000000.0,0.293567,1.16,1.16,620000000,620000000,,
2006-03-31,GOOGL,,,Q1,2254000000,904000000.0,1350000000,0.598935,247000000.0,360000000,0.0,0.0,607000000,1511000000,79000000.0,111000000.0,1000000000,0.443656,743000000,0.329636,-11000000.0,811000000,0.359805,218000000.0,592000000.0,0.262644,0.97,0.97,608000000,608000000,,
2005-12-31,GOOGL,,,Q4,1919000000,777000000.0,1142000000,0.595102,190000000.0,293000000,0.0,0.0,572000000,1349000000,68000000.0,95000000.0,803000000,0.418447,570000000,0.29703,2000000.0,640000000,0.333507,268000000.0,372000000.0,0.193851,0.7,0.7,608000000,608000000,,
2005-09-30,GOOGL,,,Q3,1578000000,655000000.0,923000000,0.584918,178000000.0,216000000,0.0,0.0,394000000,1049000000,25000000.0,76000000.0,651000000,0.412548,529000000,0.335234,-4000000.0,550000000,0.348542,169000000.0,381000000.0,0.241445,0.66,0.66,579000000,579000000,,
2005-06-30,GOOGL,,,Q2,1384000000,598000000.0,786000000,0.567919,123000000.0,188000000,0.0,0.0,311000000,909000000,16000000.0,67000000.0,579000000,0.418353,476000000,0.343931,4000000.0,495000000,0.357659,153000000.0,343000000.0,0.247832,0.6,0.6,574000000,574000000,,
2005-03-31,GOOGL,,,Q1,1257000000,547000000.0,710000000,0.564837,109000000.0,158000000,0.0,0.0,267000000,814000000,12000000.0,56000000.0,524000000,0.416866,443000000,0.352426,2000000.0,456000000,0.362768,87000000.0,369000000.0,0.293556,0.64,0.64,573000000,573000000,,
2004-12-31,GOOGL,,,Q4,1032000000,455000000.0,576000000,0.55814,123000000.0,150000000,0.0,0.0,274000000,729000000,0.0,53000000.0,363000000,0.351744,303000000,0.293605,7000000.0,310000000,0.300388,106000000.0,204000000.0,0.197674,0.36,0.36,572000000,572000000,,
2004-09-30,GOOGL,,,Q3,806000000,364000000.0,442000000,0.548387,100000000.0,130000000,0.0,0.0,431000000,795000000,0.0,41000000.0,56000000,0.069479,11000000,0.013648,4000000.0,15000000,0.01861,-37000000.0,52000000.0,0.064516,0.33,0.33,549000000,549000000,,
2004-06-30,GOOGL,,,Q2,700000000,329000000.0,371000000,0.53,92000000.0,109000000,0.0,0.0,200000000,529000000,0.0,32000000.0,201000000,0.287143,171000000,0.244286,-1000000.0,169000000,0.241429,90000000.0,79000000.0,0.112857,0.15,0.15,533000000,533000000,,
2004-03-31,GOOGL,,,Q1,652000000,320000000.0,331000000,0.507669,81000000.0,95000000,0.0,0.0,176000000,496000000,0.0,23000000.0,179000000,0.27454,155000000,0.23773,0.0,156000000,0.239264,92000000.0,64000000.0,0.09816,0.12,0.12,528000000,528000000,,
2003-12-31,GOOGL,,,Q4,512000000,254000000.0,259000000,0.505859,85000000.0,87000000,0.0,0.0,172000000,426000000,0.0,13000000.0,102000000,0.199219,86000000,0.167969,3000000.0,89000000,0.173828,62000000.0,27000000.0,0.052734,0.05,0.05,525000000,525000000,,
2003-09-30,GOOGL,,,Q3,394000000,173000000.0,221000000,0.560914,77000000.0,77000000,0.0,0.0,154000000,327000000,0.0,19000000.0,86000000,0.218274,67000000,0.170051,0.0,67000000,0.170051,47000000.0,20000000.0,0.050761,0.04,0.04,516000000,516000000,,
2003-06-30,GOOGL,,,Q2,311000000,119000000.0,192000000,0.617363,36000000.0,51000000,0.0,0.0,87000000,206000000,0.0,11000000.0,116000000,0.37299,105000000,0.337621,1000000.0,106000000,0.340836,73000000.0,32000000.0,0.102894,0.06,0.06,515000000,515000000,,
2003-03-31,GOOGL,,,Q1,249000000,89000000.0,160000000,0.64257,32000000.0,43000000,0.0,0.0,75000000,164000000,0.0,7000000.0,92000000,0.369478,85000000,0.341365,0.0,85000000,0.341365,59000000.0,26000000.0,0.104418,0.05,0.05,497000000,497000000,,
2002-12-31,GOOGL,,,Q4,188000000,66000000.0,122000000,0.648936,13000000.0,25000000,0.0,0.0,39000000,105000000,0.0,0.0,83000000,0.441489,83000000,0.441489,0.0,83000000,0.441489,38000000.0,45000000.0,0.239362,0.1,0.1,472000000,472000000,,
2002-09-30,GOOGL,,,Q3,131000000,40000000.0,91000000,0.694656,12000000.0,22000000,0.0,0.0,34000000,74000000,0.0,0.0,56000000,0.427481,57000000,0.435115,-1000000.0,56000000,0.427481,26000000.0,30000000.0,0.229008,0.07,0.07,466000000,466000000,,
2002-06-30,GOOGL,,,Q2,79000000,21000000.0,58000000,0.734177,8000000.0,19000000,0.0,0.0,26000000,47000000,0.0,0.0,31000000,0.392405,31000000,0.392405,0.0,31000000,0.392405,14000000.0,17000000.0,0.21519,0.04,0.04,441000000,441000000,,
2002-03-31,GOOGL,,,Q1,42000000,6000000.0,36000000,0.857143,7000000.0,14000000,0.0,0.0,21000000,27000000,0.0,0.0,15000000,0.357143,15000000,0.357143,-1000000.0,15000000,0.357143,7000000.0,8000000.0,0.190476,0.02,0.02,441000000,441000000,,
