date,symbol,fillingDate,acceptedDate,period,revenue,costOfRevenue,grossProfit,grossProfitRatio,researchAndDevelopmentExpenses,generalAndAdministrativeExpenses,sellingAndMarketingExpenses,otherExpenses,operatingExpenses,costAndExpenses,interestExpense,depreciationAndAmortization,ebitda,ebitdaratio,operatingIncome,operatingIncomeRatio,totalOtherIncomeExpensesNet,incomeBeforeTax,incomeBeforeTaxRatio,incomeTaxExpense,netIncome,netIncomeRatio,eps,epsdiluted,weightedAverageShsOut,weightedAverageShsOutDil,link,finalLink
2020-05-03,HDS,2020-06-09,2020-06-08 19:32:47,Q1,1395000000,845000000,550000000,0.394265,0.0,396000000,0.0,33000000.0,429000000,1274000000,25000000,29000000,150000000,0.107527,121000000,0.086738,0.0,96000000,0.068817,24000000.0,72000000.0,0.051613,0.4746,0.4746,161190000,161190000,https://www.sec.gov/Archives/edgar/data/1573097/000110465920034248/hds-20200202x10k0adf2a.htm,https://www.sec.gov/Archives/edgar/data/1573097/000110465920034248/hds-20200202x10k0adf2a.htm
2020-02-02,HDS,2020-03-17,2020-03-16 19:33:10,Q4,1385000000,840000000,545000000,0.393502,0.0,373000000,0.0,35000000.0,408000000,1248000000,27000000,30000000,167000000,0.120578,137000000,0.098917,0.0,110000000,0.079422,32000000.0,78000000.0,0.056318,0.50768,0.50768,162021000,162021000,https://www.sec.gov/Archives/edgar/data/1573097/000110465920034248/hds-20200202x10k0adf2a.htm,https://www.sec.gov/Archives/edgar/data/1573097/000110465920034248/hds-20200202x10k0adf2a.htm
2019-11-03,HDS,2019-12-10,2019-12-09 19:01:58,Q3,1644000000,1004000000,640000000,0.389294,0.0,405000000,0.0,30000000.0,435000000,1439000000,27000000,29000000,235000000,0.142944,205000000,0.124696,0.0,178000000,0.108273,47000000.0,132000000.0,0.080292,0.82891,0.82891,165142000,165142000,https://www.sec.gov/Archives/edgar/data/1573097/000110465919071100/hds-20190804x10q76ba28.htm,https://www.sec.gov/Archives/edgar/data/1573097/000110465919071100/hds-20190804x10q76ba28.htm
2019-08-04,HDS,2019-09-10,2019-09-09 19:08:32,Q2,1624000000,991000000,633000000,0.389778,0.0,396000000,0.0,26000000.0,422000000,1413000000,28000000,27000000,238000000,0.146552,211000000,0.129926,0.0,183000000,0.112685,48000000.0,135000000.0,0.083128,0.79385,0.79385,170057000,170057000,https://www.sec.gov/Archives/edgar/data/1573097/000141057819001122/hds-20190804x10q.htm,https://www.sec.gov/Archives/edgar/data/1573097/000141057819001122/hds-20190804x10q.htm
2019-05-05,HDS,2019-06-11,2019-06-10 19:07:10,Q1,1493000000,908000000,585000000,0.391829,0.0,392000000,0.0,23000000.0,415000000,1323000000,28000000,27000000,197000000,0.131949,170000000,0.113865,0.0,142000000,0.095111,35000000.0,107000000.0,0.071668,0.62237,0.62237,170712000,170712000,https://www.sec.gov/Archives/edgar/data/1573097/000104746919001389/a2238047z10-k.htm,https://www.sec.gov/Archives/edgar/data/1573097/000104746919001389/a2238047z10-k.htm
2019-02-03,HDS,2019-03-19,2019-03-18 19:09:13,Q4,1446000000,874000000,572000000,0.395574,0.0,396000000,0.0,27000000.0,423000000,1297000000,29000000,28000000,179000000,0.12379,149000000,0.103043,0.0,120000000,0.082988,30000000.0,92000000.0,0.063624,0.51816,0.51816,175140000,175140000,https://www.sec.gov/Archives/edgar/data/1573097/000104746919001389/a2238047z10-k.htm,https://www.sec.gov/Archives/edgar/data/1573097/000104746919001389/a2238047z10-k.htm
2018-10-28,HDS,2018-12-04,2018-12-03 20:11:27,Q3,1612000000,983000000,629000000,0.390199,0.0,391000000,0.0,25000000.0,485000000,1468000000,32000000,27000000,171000000,0.106079,144000000,0.08933,0.0,112000000,0.069479,30000000.0,82000000.0,0.050868,0.72983,0.72983,183579000,183579000,https://www.sec.gov/Archives/edgar/data/1573097/000110465918071151/a18-34011_110q.htm,https://www.sec.gov/Archives/edgar/data/1573097/000110465918071151/a18-34011_110q.htm
2018-07-29,HDS,2018-09-05,2018-09-04 19:01:54,Q2,1600000000,978000000,622000000,0.38875,0.0,384000000,0.0,27000000.0,411000000,1389000000,35000000,27000000,239000000,0.149375,211000000,0.131875,0.0,176000000,0.11,46000000.0,131000000.0,0.081875,0.72,0.72,183800000,183800000,https://www.sec.gov/Archives/edgar/data/1573097/000110465918055116/a18-17009_110q.htm,https://www.sec.gov/Archives/edgar/data/1573097/000110465918055116/a18-17009_110q.htm
2018-04-29,HDS,2018-06-05,2018-06-04 19:02:20,Q1,1389000000,837000000,552000000,0.397408,0.0,372000000,0.0,29000000.0,401000000,1238000000,34000000,24000000,176000000,0.12671,151000000,0.108711,0.0,118000000,0.084953,29000000.0,89000000.0,0.064075,0.52,0.52,185200000,185200000,https://www.sec.gov/Archives/edgar/data/1573097/000104746918001552/a2234805z10-k.htm,https://www.sec.gov/Archives/edgar/data/1573097/000104746918001552/a2234805z10-k.htm
2018-01-28,HDS,2018-03-13,2018-03-12 20:07:05,Q4,1183000000,715000000,468000000,0.395604,0.0,326000000,0.0,25000000.0,354000000,1069000000,32000000,24000000,76000000,0.064243,114000000,0.096365,0.0,83000000,0.070161,29000000.0,-9000000.0,-0.007608,0.31,0.31,184800000,184800000,https://www.sec.gov/Archives/edgar/data/1573097/000104746918001552/a2234805z10-k.htm,https://www.sec.gov/Archives/edgar/data/1573097/000104746918001552/a2234805z10-k.htm
2017-10-29,HDS,2017-12-05,2017-12-04 18:31:58,Q3,1370000000,828000000,542000000,0.39562,0.0,336000000,0.0,24000000.0,438000000,1266000000,36000000,23000000,534000000,0.389781,104000000,0.075912,0.0,69000000,0.050365,23000000.0,452000000.0,0.329927,0.54,0.54,186700000,186700000,https://www.sec.gov/Archives/edgar/data/1573097/000110465917071731/a17-21424_110q.htm,https://www.sec.gov/Archives/edgar/data/1573097/000110465917071731/a17-21424_110q.htm
2017-07-30,HDS,2017-09-06,2017-09-05 18:32:13,Q2,1352000000,813000000,539000000,0.398669,0.0,338000000,0.0,18000000.0,359000000,1172000000,49000000,25000000,566000000,0.418639,180000000,0.133136,0.0,131000000,0.096893,50000000.0,442000000.0,0.326923,0.41,0.41,199000000,199000000,https://www.sec.gov/Archives/edgar/data/1573097/000110465917055565/a17-15714_110q.htm,https://www.sec.gov/Archives/edgar/data/1573097/000110465917055565/a17-15714_110q.htm
2017-04-30,HDS,2017-06-06,2017-06-05 20:03:04,Q1,1216000000,732000000,484000000,0.398026,0.0,334000000,0.0,24000000.0,358000000,1090000000,49000000,25000000,178000000,0.146382,126000000,0.103618,0.0,77000000,0.063322,19000000.0,85000000.0,0.069901,0.3,0.3,200000000,200000000,https://www.sec.gov/Archives/edgar/data/1573097/000104746917001542/a2231265z10-k.htm,https://www.sec.gov/Archives/edgar/data/1573097/000104746917001542/a2231265z10-k.htm
2017-01-29,HDS,2017-03-14,2017-03-13 19:38:03,Q4,1085000000,654000000,431000000,0.397235,0.0,315000000,0.0,17000000.0,334000000,988000000,50000000,26000000,149000000,0.137327,97000000,0.089401,0.0,47000000,0.043318,21000000.0,52000000.0,0.047926,0.12,0.12,202600000,202600000,https://www.sec.gov/Archives/edgar/data/1573097/000104746917001542/a2231265z10-k.htm,https://www.sec.gov/Archives/edgar/data/1573097/000104746917001542/a2231265z10-k.htm
2016-10-30,HDS,2016-12-06,2016-12-05 19:33:57,Q3,1275000000,763000000,512000000,0.401569,0.0,329000000,0.0,28000000.0,412000000,1175000000,65000000,25000000,165000000,0.129412,100000000,0.078431,0.0,35000000,0.027451,15000000.0,60000000.0,0.047059,0.27,0.27,202000000,202000000,https://www.sec.gov/Archives/edgar/data/1573097/000110465916160692/a16-18206_110q.htm,https://www.sec.gov/Archives/edgar/data/1573097/000110465916160692/a16-18206_110q.htm
2016-07-31,HDS,2016-09-07,2016-09-06 19:06:50,Q2,1283000000,770000000,513000000,0.399844,0.0,317000000,0.0,29000000.0,342000000,1112000000,69000000,26000000,234000000,0.182385,171000000,0.133281,0.0,102000000,0.079501,41000000.0,98000000.0,0.076383,0.31,0.31,202000000,202000000,https://www.sec.gov/Archives/edgar/data/1573097/000110465916143288/a16-13008_110q.htm,https://www.sec.gov/Archives/edgar/data/1573097/000110465916143288/a16-13008_110q.htm
2016-05-01,HDS,2016-06-07,2016-06-06 19:31:54,Q1,1176000000,707000000,469000000,0.39881,0.0,308000000,0.0,30000000.0,451000000,1158000000,85000000,25000000,70000000,0.059524,18000000,0.015306,0.0,-67000000,-0.056973,-26000000.0,-14000000.0,-0.011905,0.19,0.19,199100000,199100000,https://www.sec.gov/Archives/edgar/data/1573097/000104746916011316/a2227830z10-k.htm,https://www.sec.gov/Archives/edgar/data/1573097/000104746916011316/a2227830z10-k.htm
2016-01-31,HDS,2016-03-18,2016-03-18 07:19:19,Q4,1584000000,1050000000,534000000,0.337121,0.0,371000000,0.0,33000000.0,403000000,1453000000,83000000,28000000,57000000,0.035985,131000000,0.082702,0.0,48000000,0.030303,-925000000.0,871000000.0,0.549874,4.85,4.85,201200000,201200000,https://www.sec.gov/Archives/edgar/data/1573097/000104746916011316/a2227830z10-k.htm,https://www.sec.gov/Archives/edgar/data/1573097/000104746916011316/a2227830z10-k.htm
2015-11-01,HDS,2015-12-08,2015-12-07 18:31:16,Q3,1942000000,1294000000,648000000,0.333677,0.0,391000000,0.0,32000000.0,521000000,1815000000,99000000,34000000,396000000,0.203913,127000000,0.065396,0.0,28000000,0.014418,13000000.0,250000000.0,0.128733,0.35,0.35,201500000,201500000,https://www.sec.gov/Archives/edgar/data/1573097/000110465915083402/a15-19182_110q.htm,https://www.sec.gov/Archives/edgar/data/1573097/000110465915083402/a15-19182_110q.htm
2015-08-02,HDS,2015-09-09,2015-09-08 19:01:35,Q2,1937000000,1289000000,648000000,0.334538,0.0,397000000,0.0,21000000.0,425000000,1714000000,106000000,36000000,263000000,0.135777,223000000,0.115126,-1000000.0,116000000,0.059886,12000000.0,109000000.0,0.056273,0.52,0.52,201800000,201800000,https://www.sec.gov/Archives/edgar/data/1573097/000110465915064137/a15-15016_110q.htm,https://www.sec.gov/Archives/edgar/data/1573097/000110465915064137/a15-15016_110q.htm
2015-05-03,HDS,2015-06-09,2015-06-08 19:00:54,Q1,1660000000,1101000000,559000000,0.336747,0.0,376000000,0.0,35000000.0,403000000,1504000000,106000000,36000000,200000000,0.120482,156000000,0.093976,0.0,50000000,0.03012,-184000000.0,242000000.0,0.145783,1.17,1.17,200700000,200700000,https://www.sec.gov/Archives/edgar/data/1573097/000104746915002613/a2223690z10-k.htm,https://www.sec.gov/Archives/edgar/data/1573097/000104746915002613/a2223690z10-k.htm
2015-02-01,HDS,2015-03-24,2015-03-23 19:10:53,Q4,1255000000,817000000,438000000,0.349004,0.0,294000000,0.0,24000000.0,426000000,1243000000,114000000,39000000,55000000,0.043825,12000000,0.009562,0.0,-103000000,-0.082072,-5000000.0,-93000000.0,-0.074104,-0.15,-0.15,194400000,194400000,https://www.sec.gov/Archives/edgar/data/1573097/000104746915002613/a2223690z10-k.htm,https://www.sec.gov/Archives/edgar/data/1573097/000104746915002613/a2223690z10-k.htm
2014-11-02,HDS,2014-12-09,2014-12-08 20:02:43,Q3,1914000000,1299000000,615000000,0.321317,0.0,390000000,0.0,57000000.0,436000000,1735000000,115000000,58000000,261000000,0.136364,179000000,0.093521,4000000.0,68000000,0.035528,28000000.0,60000000.0,0.031348,0.2,0.2,200200000,200200000,https://www.sec.gov/Archives/edgar/data/1573097/000110465914085447/a14-21776_110q.htm,https://www.sec.gov/Archives/edgar/data/1573097/000110465914085447/a14-21776_110q.htm
2014-08-03,HDS,2014-09-09,2014-09-08 20:36:16,Q2,1880000000,1269000000,611000000,0.325,0.0,391000000,0.0,68000000.0,448000000,1717000000,116000000,66000000,246000000,0.130851,163000000,0.086702,0.0,47000000,0.025,16000000.0,48000000.0,0.025532,0.16,0.16,200500000,200500000,https://www.sec.gov/Archives/edgar/data/1573097/000110465914065302/a14-15515_110q.htm,https://www.sec.gov/Archives/edgar/data/1573097/000110465914065302/a14-15515_110q.htm
2014-05-04,HDS,2014-06-10,2014-06-09 20:41:16,Q1,1633000000,1102000000,531000000,0.325168,0.0,371000000,0.0,65000000.0,428000000,1530000000,116000000,63000000,164000000,0.100429,103000000,0.063074,-1000000.0,-14000000,-0.008573,-3000000.0,-12000000.0,-0.007348,-0.04,-0.04,193900000,193900000,https://www.sec.gov/Archives/edgar/data/1573097/000104746914002899/a2219170z10-k.htm,https://www.sec.gov/Archives/edgar/data/1573097/000104746914002899/a2219170z10-k.htm
2014-02-02,HDS,2014-03-25,2014-03-25 06:59:18,Q4,-171000000,-339000000,168000000,-0.982456,0.0,125000000,0.0,70000000.0,154000000,-185000000,119000000,62000000,112000000,-0.654971,14000000,-0.081871,0.0,-105000000,0.614035,-3000000.0,-66000000.0,0.385965,-0.35,-0.35,186200000,186200000,https://www.sec.gov/Archives/edgar/data/1573097/000104746914002899/a2219170z10-k.htm,https://www.sec.gov/Archives/edgar/data/1573097/000104746914002899/a2219170z10-k.htm
2013-11-03,HDS,2013-12-10,2013-12-09 19:13:55,Q3,2273000000,1611000000,662000000,0.291245,0.0,441000000,0.0,61000000.0,502000000,2113000000,118000000,62000000,223000000,0.098108,160000000,0.070392,0.0,43000000,0.018918,-8000000.0,51000000.0,0.022437,0.26,0.26,197400000,197400000,https://www.sec.gov/Archives/edgar/data/1573097/000110465913089180/a13-20743_110q.htm,https://www.sec.gov/Archives/edgar/data/1573097/000110465913089180/a13-20743_110q.htm
2013-08-04,HDS,,Not found...,Q2,2237000000,1580000000,657000000,0.293697,0.0,444000000,0.0,117069000.0,551000000,2131000000,272089000,62000000,274089000,0.122525,106000000,0.047385,-20000000.0,-59000000,-0.026375,12000000.0,-72000000.0,-0.032186,-0.27,-0.27,153400000,153400000,updating...,
2013-05-05,HDS,,,Q1,2048000000,1455000000,593000000,0.289551,0.0,433000000,0.0,0.0,533000000,1988000000,-147000000,60000000,-175000000,-0.085449,60000000,0.029297,0.0,-87000000,-0.04248,43000000.0,-131000000.0,-0.063965,-0.79,-0.79,130600000,130600000,,
2013-02-03,HDS,,,Q4,1606000000,1187000000,419000000,0.260897,0.0,328000000,0.0,0.0,873000000,2060000000,-169000000,87000000,-792000000,-0.493151,-454000000,-0.28269,0.0,-623000000,-0.38792,3000000.0,-713000000.0,-0.44396,-2.36,-2.36,130600000,130600000,,
2012-10-28,HDS,,,Q3,2146000000,1530000000,616000000,0.287046,0.0,418000000,0.0,0.0,502000000,2032000000,-165000000,85000000,-128000000,-0.059646,114000000,0.053122,0.0,-51000000,-0.023765,2000000.0,-50000000.0,-0.023299,-0.41,-0.41,130600000,130600000,,
2012-07-29,HDS,,,Q2,2059000000,1465000000,594000000,0.28849,0.0,408000000,0.0,0.0,491000000,1956000000,-158000000,84000000,-129000000,-0.062652,103000000,0.050024,0.0,-55000000,-0.026712,1000000.0,-56000000.0,-0.027198,-0.43,-0.43,130600000,130600000,,
2012-04-29,HDS,,,Q1,1836000000,1313000000,523000000,0.284858,0.0,397000000,0.0,0.0,700000000,2013000000,-166000000,86000000,-407000000,-0.221678,-177000000,-0.096405,0.0,-343000000,-0.186819,33000000.0,-360000000.0,-0.196078,-1.78,-1.78,130600000,130600000,,
