date,symbol,fillingDate,acceptedDate,period,revenue,costOfRevenue,grossProfit,grossProfitRatio,researchAndDevelopmentExpenses,generalAndAdministrativeExpenses,sellingAndMarketingExpenses,otherExpenses,operatingExpenses,costAndExpenses,interestExpense,depreciationAndAmortization,ebitda,ebitdaratio,operatingIncome,operatingIncomeRatio,totalOtherIncomeExpensesNet,incomeBeforeTax,incomeBeforeTaxRatio,incomeTaxExpense,netIncome,netIncomeRatio,eps,epsdiluted,weightedAverageShsOut,weightedAverageShsOutDil,link,finalLink
2020-06-30,NETE,,,Q2,13713608.0,11536390.0,2177218.0,0.158763324721,0.0,1381310.0,0.0,12349601.0,13730911.0,25267301.0,341019.0,772401.0,755098.0,0.0550619501447,-17303.0,-0.00126173943429,0.0,-338997.0,-0.0247197528178,0.0,-325272.0,-0.0237189221101,-0.08,-0.08,4146396.0,4146396.0,,
2020-03-31,NETE,,,Q1,15842570.0,13300810.0,2541760.0,0.160439,81320.0,2562760.0,0.0,14561426.0,3580530.0000000014,16881340.0,348414.0,779440.0,-238366.0,-0.015046,-1038770.0,-0.065568,9740.0,-1377440.0,-0.086945,0.0,-1366220.0,-0.086237,-0.29366,-0.29366,4117640.0,4117640.0,,
2019-12-31,NETE,,,Q4,16645430.0,14480960.0,2164470.0,0.130034,73770.0,2668870.0,0.0,15705954.0,4810620.0,19291580.0,344851.0,765689.9999999998,-1678919.0000000002,-0.100864,-2646150.0,-0.158972,178250.0,-2812750.0,-0.16898,0.0,-2789460.0,-0.167581,-0.36564,-0.36564,4067270.0,4067270.0,,
2019-09-30,NETE,,,Q3,16819690.0,14079240.0,2740450.0,0.162931,94660.0,2735340.0,0.0,15273614.0,3593159.999999999,17672400.0,270041.0,755980.0000000001,15391.0000000001,0.000915,-852710.0,-0.050697,83340.0,-1039410.0,-0.061797,0.0,-1010630.0,-0.060086,-0.24166,-0.24166,4152430.0,4152430.0,,
2019-06-30,NETE,,,Q2,16487310.0,13901370.0,2585940.0,0.156844,61620.0,4399460.0,0.0,16797742.0,5195440.000000001,19096810.0,252581.0,747350.0000000001,-537518.9999999999,-0.032602,-2609500.0,-0.158273,1284410.0,-1577670.0,-0.09569,0.0,-1537450.0,-0.093251,-0.36923,-0.36923,4199080.0,4199080.0,,
2019-03-31,NETE,,,Q1,15047180.0,12260150.0,2787030.0,0.185219,42780.0,2727520.0,0.0,13465682.0,3590400.000000001,15850550.0,245054.0,851220.0,-24576.0,-0.001633,-803370.0,-0.05339,-86390.0,-1134810.0,-0.075417,0.0,-1120850.0,-0.074489,-0.2947,-0.2947,3908870.0,3908870.0,,
2018-12-31,NETE,,,Q4,16096950.0,13625020.0,2471930.0,0.153565,30220.0,2961410.0,0.0,14799574.0,4276460.0,17901480.0,152269.0,625189.9999999999,-733731.0000000001,-0.045582,-1804530.0,-0.112104,426640.0,-1530160.0,-0.095059,0.0,-1511190.0,-0.093881,-0.22045,-0.22045,3862890.0,3862890.0,,
2018-09-30,NETE,,,Q3,17242760.0,14559810.0,2682950.0,0.155599,34630.0,2928550.0,0.0,15657589.0,3444590.0,18004400.0,659714.0,459449.9999999999,208753.9999999999,0.012107,-761640.0,-0.044172,41510.0,-936070.0,-0.054288,0.0,-910410.0,-0.0528,-0.22875,-0.22875,3901220.0,3901220.0,,
2018-06-30,NETE,,,Q2,16460000.0,13810000.0,2650000.0,0.160996,30000.0,3330000.0,0.0,15376930.0,4069999.9999999986,17880000.0,18437.0,670000.0000000002,-211562.9999999998,-0.012853,-1410000.0,-0.085662,670000.0,-970000.0,-0.058931,0.0,-900000.0,-0.054678,-0.22,-0.22,3860000.0,3860000.0,,
2018-03-31,NETE,,,Q1,15980000.0,13620000.0,2360000.0,0.147685,60000.0,2580000.0,0.0,14525157.0,3349999.9999999995,16970000.0,16759.0,700000.0,-893241.0,-0.055897,-990000.0,-0.061952,-350000.0,-1580000.0,-0.098874,0.0,-1610000.0,-0.100751,-0.41,-0.41,3850000.0,3850000.0,,
2017-12-31,NETE,,,Q4,15460000.0,13700000.0,1760000.0,0.113842,0.0,4800000.0,0.0,16335528.0,5480000.0,19180000.0,16028.0,669999.9999999997,-3393972.0000000005,-0.219532,-3720000.0,-0.240621,-90000.0,-4100000.0,-0.265201,0.0,-4080000.0,-0.263907,-1.6,-1.6,2560000.0,2560000.0,,
2017-09-30,NETE,,,Q3,14900000.0,12760000.0,2140000.0,0.143624,0.0,2790000.0,0.0,13817614.0,3420000.0,16180000.0,4526.0,630000.0000000001,-1065474.0,-0.071508,-1270000.0,-0.085235,-90000.0,-1670000.0,-0.112081,0.0,-1700000.0,-0.114094,-0.9,-0.9,1890000.0,1890000.0,,
2017-06-30,NETE,,,Q2,16140000.0,13320000.0,2820000.0,0.174721,0.0,3590000.0,0.0,14885809.0,4160000.0,17480000.0,48113.0,570000.0,-1021887.0,-0.063314,-1340000.0,-0.083024,-50000.0,-1720000.0,-0.106568,0.0,-1640000.0,-0.101611,-0.93,-0.93,1770000.0,1770000.0,,
2017-03-31,NETE,,,Q1,13560000.0,11460000.0,2100000.0,0.154867,0.0,3710000.0,0.0,12993518.0,4359999.999999999,15819999.999999998,46135.0,660000.0,-1783865.0,-0.131553,-2260000.0,-0.166667,-10000.0,-2540000.0,-0.187316,0.0,-2490000.0,-0.183628,-1.51,-1.51,1650000.0,1650000.0,,
2016-12-31,NETE,,,Q4,15320000.0,13140000.0,2180000.0,0.142298,0.0,3790000.0,0.0,15477260.0,4759999.999999998,17899999.999999996,110551.0,970000.0000000002,-1739448.9999999998,-0.113541,-2580000.0,-0.168407,20000.0,-2840000.0,-0.185379,0.0,-2820000.0,-0.184073,-1.85,-1.85,1530000.0,1530000.0,,
2016-09-30,NETE,,,Q3,14010000.0,11700000.0,2310000.0,0.164882,0.0,3320000.0,0.0,13493925.0,4080000.0,15780000.0,444423.0,770000.0,-2255577.0,-0.160998,-1770000.0,-0.126338,-1130000.0,-3500000.0,-0.249822,0.0,-3470000.0,-0.24768,-2.47,-2.47,1400000.0,1400000.0,,
2016-06-30,NETE,,,Q2,13690000.0,11480000.0,2210000.0,0.161432,0.0,4140000.0,0.0,14830139.0,4989999.999999998,16469999.999999998,297434.0,840000.0,-4212566.0,-0.307711,-2780000.0,-0.203068,-2170000.0,-5390000.0,-0.393718,0.0,-5350000.0,-0.390796,-4.59,-4.59,1160000.0,1160000.0,,
2016-03-31,NETE,,,Q1,11260000.0,9390000.0,1880000.0,0.166963,0.0,2700000.0,0.0,10525100.0,3580000.0,12970000.0,-150000.0,890000.0,-1110000.0,-0.098579,-1710000.0,-0.151865,-20000.0,-1890000.0,-0.167851,0.0,-1850000.0,-0.164298,-1.64,-1.64,1130000.0,1130000.0,,
2015-12-31,NETE,,,Q4,15110000.0,13190000.0,1920000.0,0.127068,0.0,5260000.0,0.0,14010606.0,-21810000.0,-8620000.0,-28440000.0,589999.9999999999,-32590000.0,-2.15685,23730000.0,1.570483,-30000.0,-4770000.0,-0.315685,0.0,-4740000.0,-0.3137,-35.0,-35.0,940000.0,940000.0,,
2015-09-30,NETE,,,Q3,12680000.0,10710000.0,1970000.0,0.155363,0.0,3040000.0,0.0,11841344.0,3809999.9999999986,14519999.999999998,-349146.0,849999.9999999999,-4009146.0,-0.316179,-1850000.0,-0.145899,-50000.0,-4540000.0,-0.358044,0.0,-4510000.0,-0.355678,-7.68,-7.68,690000.0,690000.0,,
2015-06-30,NETE,,,Q2,6910000.0,5470000.0,1440000.0,0.208394,0.0,3320000.0,0.0,6225826.0,3940000.0000000005,9410000.0,349146.0,630000.0000000001,-780853.9999999999,-0.113003,-2500000.0,-0.361795,-30000.0,-1770000.0,-0.256151,0.0,-1760000.0,-0.254703,-4.65,-4.65,500000.0,500000.0,,
2015-03-31,NETE,,,Q1,5540000.0,4610000.0,930000.0,0.16787,0.0,2650000.0,0.0,5062172.0,3090000.0,7700000.0,-120000.0,440000.0,-1920000.0,-0.34657,-2160000.0,-0.389892,30000.0,-2250000.0,-0.406137,0.0,-2240000.0,-0.404332,-4.86,-4.86,460000.0,460000.0,,
2014-12-31,NETE,,,Q4,5450000.0,4290000.0,1160000.0,0.212844,0.0,3380000.0,0.0,40000.0,3880000.0,8170000.0,-80000.0,459999.99999999994,-2600000.0,-0.477064,-2720000.0,-0.499083,-50000.0,-2960000.0,-0.543119,0.0,-2980000.0,-0.546789,-6.4,-6.4,450000.0,450000.0,,
2014-09-30,NETE,,,Q3,6030000.0,4720000.0,1310000.0,0.217247,-20000.0,2590000.0,0.0,5538509.0,5470000.0,10190000.0,-790000.0,679999.9999999999,-5070000.0,-0.840796,-4170000.0,-0.691542,-60000.0,-4970000.0,-0.824212,0.0,-4960000.0,-0.822554,-7.07,-7.07,390000.0,390000.0,,
2014-06-30,NETE,,,Q2,4910000.0,3350000.0,1570000.0,0.319756,0.0,-290000.0,0.0,2429463.0,3990000.0,7340000.0,3800000.0,630000.0,5740000.0,1.169043,-2430000.0,-0.494908,-50000.0,1290000.0,0.262729,-40000.0,1350000.0,0.274949,14.85,14.85,420000.0,420000.0,,
2014-03-31,NETE,,,Q1,4840000.0,3530000.0,1310000.0,0.270661,0.0,3240000.0,0.0,4221904.0,3830000.0000000005,7360000.000000001,-1060000.0,590000.0,-4020000.0,-0.830579,-2520000.0,-0.520661,0.0,-3580000.0,-0.739669,40000.0,-3590000.0,-0.741736,-11.13,-11.13,320000.0,320000.0,,
2013-12-31,NETE,,,Q4,5750000.0,4340000.0,1420000.0,0.246957,30000.0,19250000.0,0.0,6906748.0,21540000.0,25880000.0,-2043353.0,790000.0000000003,-22013353.0,-3.828409,-20130000.0,-3.50087,10000.0,-21050000.0,-3.66087,210000.0,-20970000.0,-3.646957,-68.18,-68.18,290000.0,290000.0,,
2013-09-30,NETE,,,Q3,6520000.0,4650000.0,1870000.0,0.28681,20000.0,3450000.0,0.0,5927231.0,4260000.0,8910000.0,920302.0,799999.9999999999,-2149698.0,-0.329708,-2390000.0,-0.366564,-80000.0,-3440000.0,-0.527607,0.0,-3870000.0,-0.593558,-11.28,-11.28,280000.0,280000.0,,
2013-06-30,NETE,,,Q2,5610000.0,4130000.0,1470000.0,0.262032,0.0,9280000.0,0.0,22495556.0,21100000.0,25230000.0,1123051.0,610000.0,-18496949.0,-3.297139,-19620000.0,-3.497326,-10000.0,-20550000.0,-3.663102,0.0,-20230000.0,-3.606061,-31.2,-31.2,280000.0,280000.0,,
2013-03-31,NETE,,,Q1,870000.0,280000.0,590000.0,0.678161,0.0,3190000.0,0.0,0.0,3220000.0,3500000.0,-150000.0,40000.0,-3340000.0,-3.83908,-2630000.0,-3.022989,-80000.0,-2860000.0,-3.287356,0.0,-3230000.0,-3.712644,-10.14,-10.14,280000.0,280000.0,,
2012-12-31,NETE,,,Q4,1160000.0,770000.0,400000.0,0.344828,0.0,6720000.0,0.0,0.0,6850000.0,7620000.0,60000.0,140000.0,-7120000.0,-6.137931,-6460000.0,-5.568966,460000.0,-5940000.0,-5.12069,160000.0,-7480000.0,-6.448276,-21.55,-21.55,280000.0,280000.0,,
2012-09-30,NETE,,,Q3,170000.0,30000.0,140000.0,0.823529,10000.0,1600000.0,0.0,0.0,1670000.0,1700000.0,410000.0,-60000.0,-1460000.0,-8.588235,-1530000.0,-9.0,-50000.0,-1170000.0,-6.882353,0.0,-1810000.0,-10.647059,-5.8,-5.8,190000.0,190000.0,,
2012-06-30,NETE,2012-08-09 00:00:00,2012-08-09 16:12:48,Q2,-20000.0,-60000.0,40000.0,-2.0,340000.0,1030000.0,0.0,497381.0,1380000.0,1320000.0,-20000.0,120000.0,-2470000.0,123.5,-1350000.0,67.5,0.0,-1370000.0,68.5,0.0,-2570000.0,128.5,-7.22,-7.22,190000.0,190000.0,https://www.sec.gov/Archives/edgar/data/1293330/000114420412044039/0001144204-12-044039-index.html,https://www.sec.gov/Archives/edgar/data/1293330/000114420412044039/v319251_10q.htm
2012-03-31,NETE,,Not found...,Q1,70000.0,100000.0,-30000.0,-0.428571,190000.0,3820000.0,0.0,354767.0,4090000.000000001,4190000.000000001,-70000.0,70000.0,-4520000.0,-64.571429,-4110000.0,-58.714286,-410000.0,-4600000.0,-65.714286,0.0,-4520000.0,-64.571429,-24.04,-24.04,190000.0,190000.0,updating...,
2011-12-31,NETE,,Not found...,Q4,0.0,0.0,0.0,2.082958830158752,0.0,-960000.0,0.0,-850780.0,450000.0,450000.0,0.0,310000.0,-140000.0,-141.41322889,-450000.0,-143.033218316,0.0,-450000.0,-144.108983902,0.0,-450000.0,-142.153437313,67.36,67.36,370000.0,370000.0,updating...,
2011-09-30,NETE,2011-11-14 00:00:00,2011-11-14 11:57:58,Q3,0.0,0.0,0.0,-1.7431882163683894,0.0,24640000.0,0.0,355622.0,24640000.0,24640000.0,-200000.0,0.0,-24480000.0,-34.6261059723,-24460000.0,-39.0688719083,0.0,-24700000.0,-40.2868489845,0.0,-24280000.0,-37.4980896843,-202.77,-202.77,240000.0,240000.0,https://www.sec.gov/Archives/edgar/data/1293330/000114420411063797/0001144204-11-063797-index.html,https://www.sec.gov/Archives/edgar/data/1293330/000114420411063797/v239368_10q.htm
2011-06-30,NETE,2011-08-15 00:00:00,2011-08-12 19:43:40,Q2,0.0,0.0,0.0,-0.997786346297683,0.0,40000.0,0.0,5769083.0,40000.0,40000.0,20000.0,0.0,0.0,0.0502839952534,-40000.0,-0.166484565661,0.0,-20000.0,-0.195162708394,0.0,-20000.0,-0.19563996521,-0.4,-0.4,60000.0,60000.0,https://www.sec.gov/Archives/edgar/data/1293330/000114420411046312/0001144204-11-046312-index.html,https://www.sec.gov/Archives/edgar/data/1293330/000114420411046312/v231326_10q.htm
2011-03-31,NETE,2011-05-16 00:00:00,2011-05-16 14:01:41,Q1,0.0,0.0,0.0,0.0,0.0,110000.0,0.0,0.0,110000.0,110000.0,10000.0,0.0,-90000.0,0.0,-110000.0,0.0,0.0,-100000.0,0.0,0.0,-100000.0,0.0,-1.68,-1.68,60000.0,60000.0,https://www.sec.gov/Archives/edgar/data/1293330/000114420411029746/0001144204-11-029746-index.html,https://www.sec.gov/Archives/edgar/data/1293330/000114420411029746/v222773_10-q.htm
