date,symbol,fillingDate,acceptedDate,period,revenue,costOfRevenue,grossProfit,grossProfitRatio,researchAndDevelopmentExpenses,generalAndAdministrativeExpenses,sellingAndMarketingExpenses,otherExpenses,operatingExpenses,costAndExpenses,interestExpense,depreciationAndAmortization,ebitda,ebitdaratio,operatingIncome,operatingIncomeRatio,totalOtherIncomeExpensesNet,incomeBeforeTax,incomeBeforeTaxRatio,incomeTaxExpense,netIncome,netIncomeRatio,eps,epsdiluted,weightedAverageShsOut,weightedAverageShsOutDil,link,finalLink
2020-06-30,PEI,,,Q2,56769000.0,29507000.0,27262000.0,0.480227,0.0,10569000.0,0.0,-586000.0,41997000.0,71504000.0,17100000.0,31899000.0,26626000.0,0.469024,-14735000.0,-0.259561,0.0,-23119000.0,-0.407247,0.0,-22373000.0,-0.394106,-0.48247,-0.48247,77269000.0,77269000.0,,
2020-03-31,PEI,2020-05-21 00:00:00,2020-05-21 16:17:08,Q1,74243000.0,32537000.0,41706000.0,0.56175,0.0,10695000.0,0.0,0.0,41132000.0,73669000.0,16900000.0,31257000.0,35124000.0,0.473095,574000.0,0.007731,0.0,-13549000.0,-0.182495,0.0,-13033000.0,-0.175545,-0.28623,-0.28623,76774000.0,76774000.0,https://www.sec.gov/Archives/edgar/data/77281/000156459020026556/0001564590-20-026556-index.htm,https://www.sec.gov/Archives/edgar/data/77281/000156459020026556/pei-10q_20200331.htm
2019-12-31,PEI,2020-03-16,2020-03-13 18:57:54,Q4,88723000.0,33502000.0,55221000.0,0.622398,0.0,12591000.0,0.0,132000.0,58576000.0,92078000.0,17000000.0,40874999.99999999,43026999.99999999,0.484959,-3355000.0,-0.037814,0.0,-15413000.0,-0.17372,0.0,-14848000.0,-0.167352,-0.24223,-0.24223,76571000.0,76571000.0,https://www.sec.gov/Archives/edgar/data/77281/000156459020010906/pei-10k_20191231.htm,https://www.sec.gov/Archives/edgar/data/77281/000156459020010906/pei-10k_20191231.htm
2019-09-30,PEI,2019-11-04 00:00:00,2019-11-04 16:27:03,Q3,81374000.0,34165000.0,47209000.0,0.580148,0.0,10605000.0,0.0,-2878000.0,9661000.000000002,43826000.0,15500000.0,32468000.0,72230000.0,0.88763,37548000.0,0.461425,0.0,24716000.0,0.303733,0.0,24262000.0,0.298154,-0.17281,-0.17281,76824000.0,76824000.0,https://www.sec.gov/Archives/edgar/data/77281/000156459019039818/0001564590-19-039818-index.html,https://www.sec.gov/Archives/edgar/data/77281/000156459019039818/pei-10q_20190930.htm
2019-06-30,PEI,2019-08-02 00:00:00,2019-08-02 15:11:06,Q2,81392000.0,33762000.0,47630000.0,0.585193,0.0,11609000.0,0.0,-1852000.0,41974000.00000001,75736000.0,15602000.0,33229000.0,43080000.0,0.52929,5656000.0,0.069491,0.0,-6080000.0,-0.0747,0.0,-5751000.0,-0.070658,-0.18389,-0.18389,76405000.0,76405000.0,https://www.sec.gov/Archives/edgar/data/77281/000156459019028323/0001564590-19-028323-index.html,https://www.sec.gov/Archives/edgar/data/77281/000156459019028323/pei-10q_20190630.htm
2019-03-31,PEI,2019-05-07 00:00:00,2019-05-07 17:24:41,Q1,85305000.0,35128000.0,50177000.0,0.588207,0.0,11205000.0,0.0,91989000.0,53354000.0,88482000.0,15898000.0,36191000.0,37554000.0,0.440232,-3177000.0,-0.037243,0.0,-16223000.0,-0.190176,0.0,-14535000.0,-0.170389,-0.20902,-0.20902,71358000.0,71358000.0,https://www.sec.gov/Archives/edgar/data/77281/000007728119000034/0000077281-19-000034-index.html,https://www.sec.gov/Archives/edgar/data/77281/000007728119000034/a2019q110q03-31x19.htm
2018-12-31,PEI,2019-02-25,2019-02-25 17:11:07,Q4,96042000.0,35768000.0,60274000.0,0.62758,0.0,10373000.0,0.0,0.0,145907000.0,181675000.0,15291000.0,33359000.0,-30132000.0,-0.313738,-85633000.0,-0.89162,0.0,-88834000.0,-0.92495,0.0,-78782000.0,-0.820287,0.13598,0.13598,69842000.0,69842000.0,https://www.sec.gov/Archives/edgar/data/77281/000007728119000017/a2018q410-k.htm,https://www.sec.gov/Archives/edgar/data/77281/000007728119000017/a2018q410-k.htm
2018-09-30,PEI,2018-11-01 00:00:00,2018-11-01 14:30:04,Q3,88103000.0,34700000.0,53403000.0,0.606143,0.0,8441000.0,0.0,0.0,42334999.99999999,77035000.0,15164000.0,34139000.0,48558000.0,0.55115,11068000.0,0.125626,0.0,-1636000.0,-0.018569,0.0,-745000.0,-0.008456,-0.09955,-0.09955,69803000.0,69803000.0,https://www.sec.gov/Archives/edgar/data/77281/000007728118000084/0000077281-18-000084-index.html,https://www.sec.gov/Archives/edgar/data/77281/000007728118000084/a2018q310q9-30x18.htm
2018-06-30,PEI,2018-08-03 00:00:00,2018-08-03 15:16:21,Q2,92000000.0,34100000.0,57900000.0,0.629348,0.0,9400000.0,0.0,84591000.0,77500000.0,111600000.0,15999000.0,34000000.0,21799000.0,0.236946,-19700000.0,-0.21413,0.0,-32300000.0,-0.351087,0.0,-28200000.0,-0.306522,-0.02,-0.02,70700000.0,70700000.0,https://www.sec.gov/Archives/edgar/data/77281/000007728118000070/0000077281-18-000070-index.html,https://www.sec.gov/Archives/edgar/data/77281/000007728118000070/a2018q210q06-30x18.htm
2018-03-31,PEI,2018-05-04 00:00:00,2018-05-04 15:35:59,Q1,86300000.0,36700000.0,49600000.0,0.574739,0.0,10100000.0,0.0,88400000.0,44300000.0,81000000.0,14901000.0,34700000.0,47001000.0,0.544623,5300000.0,0.061414,0.0,-3700000.0,-0.042874,0.0,-2600000.0,-0.030127,-0.18,-0.18,69600000.0,69600000.0,https://www.sec.gov/Archives/edgar/data/77281/000007728118000041/0000077281-18-000041-index.html,https://www.sec.gov/Archives/edgar/data/77281/000007728118000041/a2018q110q03-31x2018.htm
2017-12-31,PEI,2018-02-16,2018-02-16 14:09:30,Q4,99800000.0,34800000.0,65000000.0,0.651303,0.0,10200000.0,0.0,0.0,44900000.00000001,79700000.0,14332000.0,34800000.00000001,60232000.00000001,0.603527,20100000.0,0.201403,0.0,8600000.0,0.086172,0.0,11100000.0,0.111222,0.0,0.0,69500000.0,69500000.0,https://www.sec.gov/Archives/edgar/data/77281/000007728118000018/a2017q410-k.htm,https://www.sec.gov/Archives/edgar/data/77281/000007728118000018/a2017q410-k.htm
2017-09-30,PEI,2017-11-02 00:00:00,2017-11-02 14:51:21,Q3,89200000.0,33300000.0,55900000.0,0.626682,0.0,8300000.0,0.0,79388000.0,40200000.0,73500000.0,14342000.0,30599999.999999996,55942000.0,0.627152,15700000.0,0.176009,0.0,12300000.0,0.137892,0.0,11000000.0,0.123318,-0.02,-0.02,69400000.0,69400000.0,https://www.sec.gov/Archives/edgar/data/77281/000007728117000055/0000077281-17-000055-index.html,https://www.sec.gov/Archives/edgar/data/77281/000007728117000055/a2017q310q09-30x17.htm
2017-06-30,PEI,2017-08-09 00:00:00,2017-08-09 13:01:30,Q2,89300000.0,35200000.0,54000000.0,0.604703,0.0,9200000.0,0.0,86627000.0,97200000.0,132400000.0,14418000.0,33600000.0,418000.0,0.004681,-43200000.0,-0.483763,0.0,-53300000.0,-0.596865,0.0,-47600000.0,-0.533035,0.0,0.0,69300000.0,69300000.0,https://www.sec.gov/Archives/edgar/data/77281/000007728117000043/0000077281-17-000043-index.html,https://www.sec.gov/Archives/edgar/data/77281/000007728117000043/a2017q210q06-30x17.htm
2017-03-31,PEI,2017-04-27 00:00:00,2017-04-27 13:18:38,Q1,89300000.0,37000000.0,52300000.0,0.585666,0.0,9000000.0,0.0,85431000.0,41099999.99999999,78100000.0,15338000.0,32500000.0,47438000.0,0.531221,11200000.0,0.12542,0.0,-500000.0,-0.005599,0.0,-400000.0,-0.004479,-0.09,-0.09,69200000.0,69200000.0,https://www.sec.gov/Archives/edgar/data/77281/000007728117000025/0000077281-17-000025-index.html,https://www.sec.gov/Archives/edgar/data/77281/000007728117000025/a2017q110q03-31x17.htm
2016-12-31,PEI,2017-02-28,2017-02-28 14:49:31,Q4,104900000.0,38300000.0,66500000.0,0.633937,0.0,9600000.0,0.0,90635000.0,82400000.0,120700000.0,17113000.0,35100000.00000001,28313000.00000001,0.269905,-15800000.0,-0.15062,0.0,-26700000.0,-0.254528,0.0,-23900000.0,-0.227836,0.14,0.14,69100000.0,69100000.0,https://www.sec.gov/Archives/edgar/data/77281/000007728117000012/a2016q410-k.htm,https://www.sec.gov/Archives/edgar/data/77281/000007728117000012/a2016q410-k.htm
2016-09-30,PEI,2016-11-04 00:00:00,2016-11-04 13:57:18,Q3,98900000.0,37200000.0,61600000.0,0.622851,0.0,8200000.0,0.0,82711000.0,46200000.0,83400000.0,17198000.0,27499999.999999993,47297999.99999999,0.478241,15400000.0,0.155713,0.0,2900000.0,0.029323,0.0,2600000.0,0.026289,0.14,0.14,69100000.0,69100000.0,https://www.sec.gov/Archives/edgar/data/77281/000007728116000134/0000077281-16-000134-index.html,https://www.sec.gov/Archives/edgar/data/77281/000007728116000134/a2016q310q09-30x16.htm
2016-06-30,PEI,2016-07-28 00:00:00,2016-07-28 16:05:26,Q2,94300000.0,37500000.0,56700000.0,0.601273,0.0,8900000.0,0.0,86922000.0,55599999.99999999,93100000.0,17067000.0,32400000.000000007,57667000.00000001,0.611527,1200000.0,0.012725,0.0,9200000.0,0.097561,0.0,8200000.0,0.086957,-0.02,-0.02,69200000.0,69200000.0,https://www.sec.gov/Archives/edgar/data/77281/000007728116000123/0000077281-16-000123-index.html,https://www.sec.gov/Archives/edgar/data/77281/000007728116000123/a2016q210q06-30x16.htm
2016-03-31,PEI,2016-04-29 00:00:00,2016-04-29 16:12:53,Q1,102000000.0,43100000.0,58900000.0,0.577451,0.0,8600000.0,0.0,95526000.0,43499999.99999999,86599999.99999999,19346000.0,34400000.0,55446000.0,0.543588,15300000.0,0.15,0.0,1900000.0,0.018627,0.0,1700000.0,0.016667,-0.05,-0.05,69000000.0,69000000.0,https://www.sec.gov/Archives/edgar/data/77281/000007728116000108/0000077281-16-000108-index.html,https://www.sec.gov/Archives/edgar/data/77281/000007728116000108/a2016q110q03-31x16.htm
2015-12-31,PEI,2016-02-26,2016-02-26 16:32:18,Q4,116600000.0,42100000.0,74500000.0,0.638937,0.0,9200000.0,0.0,101086000.0,102300000.00000001,144400000.0,20157000.0,37100000.000000015,17357000.000000015,0.148859,-27800000.0,-0.238422,0.0,-44700000.0,-0.383362,0.0,-39900000.0,-0.342196,0.18,0.18,68800000.0,68800000.0,https://www.sec.gov/Archives/edgar/data/77281/000007728116000093/a2015q410-k.htm,https://www.sec.gov/Archives/edgar/data/77281/000007728116000093/a2015q410-k.htm
2015-09-30,PEI,2015-10-29 00:00:00,2015-10-29 15:41:52,Q3,107000000.0,42700000.0,64300000.0,0.600935,0.0,7600000.0,0.0,97270000.0,95700000.0,138400000.0,19668000.0,36699999.99999999,24067999.999999996,0.224935,-31300000.0,-0.292523,0.0,-36200000.0,-0.338318,0.0,-32300000.0,-0.301869,0.05,0.05,68800000.0,68800000.0,https://www.sec.gov/Archives/edgar/data/77281/000007728115000072/0000077281-15-000072-index.html,https://www.sec.gov/Archives/edgar/data/77281/000007728115000072/a2015q310q09-30x15.htm
2015-06-30,PEI,2015-08-03 00:00:00,2015-08-03 14:43:24,Q2,101700000.0,42000000.0,59700000.0,0.587021,0.0,9100000.0,0.0,98168000.0,75300000.0,117300000.0,21126000.0,37500000.0,27726000.0,0.272625,-15600000.0,-0.153392,0.0,-34700000.0,-0.3412,0.0,-30900000.0,-0.303835,-0.08,-0.08,68800000.0,68800000.0,https://www.sec.gov/Archives/edgar/data/77281/000007728115000061/0000077281-15-000061-index.html,https://www.sec.gov/Archives/edgar/data/77281/000007728115000061/a2015q210q06-30x15.htm
2015-03-31,PEI,2015-05-04 00:00:00,2015-05-04 16:46:53,Q1,100100000.0,43200000.0,56900000.0,0.568432,0.0,8900000.0,0.0,103531000.0,52800000.0,96000000.0,20145000.0,33900000.0,40545000.0,0.405045,4100000.0,0.040959,0.0,-13900000.0,-0.138861,0.0,-13500000.0,-0.134865,-0.1,-0.1,68600000.0,68600000.0,https://www.sec.gov/Archives/edgar/data/77281/000007728115000041/0000077281-15-000041-index.html,https://www.sec.gov/Archives/edgar/data/77281/000007728115000041/q11510q03-31x15.htm
2014-12-31,PEI,2015-02-23,2015-02-23 14:08:34,Q4,111400000.0,41400000.0,69900000.0,0.627469,0.0,9300000.0,0.0,419810000.0,47600000.0,89000000.0,20373000.0,36900000.0,75773000.0,0.680189,22300000.0,0.20018,0.0,19000000.0,0.170557,0.0,18500000.0,0.166068,0.02,0.02,68400000.0,68400000.0,https://www.sec.gov/Archives/edgar/data/77281/000007728115000010/q41410-k2014.htm,https://www.sec.gov/Archives/edgar/data/77281/000007728115000010/q41410-k2014.htm
2014-09-30,PEI,2014-10-31 00:00:00,2014-10-31 13:24:04,Q3,105100000.0,42900000.0,62200000.0,0.591817,0.0,8400000.0,0.0,4059000.0,45699999.99999999,88600000.0,20072000.0,34399999.99999999,53571999.99999999,0.509724,16500000.0,0.156993,0.0,-900000.0,-0.008563,0.0,-900000.0,-0.008563,-0.02,-0.02,68300000.0,68300000.0,https://www.sec.gov/Archives/edgar/data/77281/000007728114000069/0000077281-14-000069-index.html,https://www.sec.gov/Archives/edgar/data/77281/000007728114000069/q31410q09-30x14.htm
2014-06-30,PEI,2014-08-01 00:00:00,2014-08-01 10:50:22,Q2,106800000.0,44400000.0,62500000.0,0.585206,0.0,8800000.0,0.0,5479000.0,67800000.00000001,112200000.00000001,21550000.0,36800000.00000001,35550000.00000001,0.332865,-5400000.0,-0.050562,0.0,-24100000.0,-0.225655,0.0,-22800000.0,-0.213483,-0.07,-0.07,69300000.0,69300000.0,https://www.sec.gov/Archives/edgar/data/77281/000007728114000057/0000077281-14-000057-index.html,https://www.sec.gov/Archives/edgar/data/77281/000007728114000057/q21410q06-30x14.htm
2014-03-31,PEI,2014-04-25 00:00:00,2014-04-25 13:22:41,Q1,109400000.0,51700000.0,57700000.0,0.527422,0.0,9100000.0,0.0,4973000.0,48300000.0,100000000.0,20170000.0,36500000.0,48070000.0,0.439397,9400000.0,0.085923,0.0,-8400000.0,-0.076782,0.0,-8600000.0,-0.078611,-0.14,-0.14,67900000.0,67900000.0,https://www.sec.gov/Archives/edgar/data/77281/000007728114000038/0000077281-14-000038-index.html,https://www.sec.gov/Archives/edgar/data/77281/000007728114000038/pei-20140331x10q.htm
2013-12-31,PEI,2014-02-28,2014-02-28 12:29:09,Q4,115800000.0,44800000.0,71000000.0,0.613126,0.0,10400000.0,0.0,600000.0,22900000.000000007,67700000.0,20228000.0,36999999.999999985,64827999.999999985,0.559827,48100000.0,0.415371,0.0,30600000.0,0.264249,0.0,7600000.0,0.06563,0.07,0.07,67700000.0,67700000.0,https://www.sec.gov/Archives/edgar/data/77281/000007728114000019/pei-20131231x10kxq4.htm,https://www.sec.gov/Archives/edgar/data/77281/000007728114000019/pei-20131231x10kxq4.htm
2013-09-30,PEI,2013-10-30 00:00:00,2013-10-30 15:28:31,Q3,110300000.0,47900000.0,62400000.0,0.56573,0.0,8100000.0,0.0,3312000.0,50600000.0,98500000.0,23476000.0,36699999.99999999,72376000.0,0.656174,11700000.0,0.106074,0.0,-9400000.0,-0.085222,0.0,12200000.0,0.110607,-0.1,-0.1,67600000.0,67600000.0,https://www.sec.gov/Archives/edgar/data/77281/000007728113000022/0000077281-13-000022-index.html,https://www.sec.gov/Archives/edgar/data/77281/000007728113000022/pei-20130930x10q.htm
2013-06-30,PEI,2013-07-26 00:00:00,2013-07-26 11:08:43,Q2,104900000.0,43600000.0,61300000.0,0.584366,0.0,9600000.0,0.0,5881000.0,45900000.0,89500000.0,27690000.0,36400000.00000001,55390000.00000001,0.528027,15400000.0,0.146806,0.0,-10000000.0,-0.095329,0.0,-8700000.0,-0.082936,-0.2,-0.2,63500000.0,63500000.0,https://www.sec.gov/Archives/edgar/data/77281/000007728113000008/0000077281-13-000008-index.html,https://www.sec.gov/Archives/edgar/data/77281/000007728113000008/pei-20130630x10q.htm
2013-03-31,PEI,2013-04-26 00:00:00,2013-04-26 14:41:44,Q1,104100000.0,43700000.0,60400000.0,0.580211,0.0,8900000.0,0.0,4561000.0,43899999.99999999,87599999.99999999,27337000.0,36000000.0,88137000.0,0.846657,16400000.0,0.157541,0.0,-8500000.0,-0.081652,0.0,24800000.0,0.238232,-0.17,-0.17,61600000.0,61600000.0,https://www.sec.gov/Archives/edgar/data/77281/000119312513177263/0001193125-13-177263-index.html,https://www.sec.gov/Archives/edgar/data/77281/000119312513177263/d506179d10q.htm
2012-12-31,PEI,2013-03-01,2013-03-01 11:10:18,Q4,110000000.0,41200000.0,68700000.0,0.624545,0.0,8700000.0,0.0,-14433000.0,46200000.0,87400000.0,216680000.0,37799999.99999998,247879999.99999997,2.253455,22600000.0,0.205455,0.0,-5800000.0,-0.052727,0.0,-6600000.0,-0.06,-0.08,-0.08,55200000.0,55200000.0,https://www.sec.gov/Archives/edgar/data/77281/000119312513086626/d444435d10k.htm,https://www.sec.gov/Archives/edgar/data/77281/000119312513086626/d444435d10k.htm
2012-09-30,PEI,2012-10-26 00:00:00,2012-10-26 15:45:16,Q3,105500000.0,45600000.0,59800000.0,0.566825,0.0,8700000.0,0.0,2822000.0,45999999.99999999,91599999.99999999,-94562000.0,35300000.00000001,-71662000.0,-0.679261,13900000.0,0.131754,0.0,-13900000.0,-0.131754,0.0,-12400000.0,-0.117536,-0.19,-0.19,55200000.0,55200000.0,https://www.sec.gov/Archives/edgar/data/77281/000119312512437556/0001193125-12-437556-index.html,https://www.sec.gov/Archives/edgar/data/77281/000119312512437556/d410310d10q.htm
2012-06-30,PEI,2012-08-01 00:00:00,2012-08-01 10:48:37,Q2,101100000.0,43100000.0,58000000.0,0.573689,0.0,10200000.0,0.0,4688000.0,42400000.0,85500000.0,-31669000.0,35300000.0,-8269000.0,-0.08179,15600000.0,0.154303,0.0,-13300000.0,-0.131553,0.0,-11900000.0,-0.117705,-0.25,-0.25,56000000.0,56000000.0,https://www.sec.gov/Archives/edgar/data/77281/000119312512327580/0001193125-12-327580-index.html,https://www.sec.gov/Archives/edgar/data/77281/000119312512327580/d355464d10q.htm
2012-03-31,PEI,2012-04-30 00:00:00,2012-04-30 17:17:35,Q1,102800000.0,43200000.0,59600000.0,0.579767,0.0,9900000.0,0.0,4987000.0,42200000.0,85400000.0,31669000.0,35800000.0,57469000.0,0.559037,17400000.0,0.169261,0.0,-11300000.0,-0.109922,0.0,-10000000.0,-0.097276,-0.19,-0.19,54900000.0,54900000.0,https://www.sec.gov/Archives/edgar/data/77281/000119312512196638/0001193125-12-196638-index.html,https://www.sec.gov/Archives/edgar/data/77281/000119312512196638/d328383d10q.htm
2011-12-31,PEI,2012-02-29,2012-02-29 15:33:38,Q4,124100000.0,49500000.0,74700000.0,0.601934,0.0,10400000.0,0.0,-12025000.0,45500000.0,95000000.0,31856000.0,37500000.0,68756000.0,0.554037,29100000.0,0.234488,0.0,-600000.0,-0.004835,0.0,-600000.0,-0.004835,-0.01,-0.01,54700000.0,54700000.0,https://www.sec.gov/Archives/edgar/data/77281/000119312512088875/d277588d10k.htm,https://www.sec.gov/Archives/edgar/data/77281/000119312512088875/d277588d10k.htm
2011-09-30,PEI,2011-11-02 00:00:00,2011-11-02 16:13:35,Q3,113700000.0,47800000.0,65900000.0,0.579595,0.0,8500000.0,0.0,3133000.0,95399999.99999999,143200000.0,31846000.0,36200000.0,11046000.0,0.09715,-29500000.0,-0.259455,0.0,-59400000.0,-0.522427,0.0,-57000000.0,-0.501319,-0.09,-0.09,54700000.0,54700000.0,https://www.sec.gov/Archives/edgar/data/77281/000119312511292774/0001193125-11-292774-index.html,https://www.sec.gov/Archives/edgar/data/77281/000119312511292774/d241018d10q.htm
2011-06-30,PEI,2011-08-01 00:00:00,2011-08-01 13:47:54,Q2,108200000.0,47500000.0,60700000.0,0.560998,0.0,10400000.0,0.0,4304000.0,47400000.00000001,94900000.0,48348000.0,38500000.0,68648000.0,0.634455,13300000.0,0.122921,0.0,-19000000.0,-0.175601,0.0,-18200000.0,-0.168207,-0.36,-0.36,54700000.0,54700000.0,https://www.sec.gov/Archives/edgar/data/77281/000119312511204277/0001193125-11-204277-index.html,https://www.sec.gov/Archives/edgar/data/77281/000119312511204277/d10q.htm
2011-03-31,PEI,2011-04-29 00:00:00,2011-04-29 15:06:56,Q1,110500000.0,49100000.0,61400000.0,0.555656,0.0,9600000.0,0.0,3624000.0,44199999.99999999,93300000.0,33613000.0,36100000.0,55413000.0,0.501475,17200000.0,0.155656,0.0,-14900000.0,-0.134842,0.0,-14300000.0,-0.129412,-0.26,-0.26,54500000.0,54500000.0,https://www.sec.gov/Archives/edgar/data/77281/000119312511118245/0001193125-11-118245-index.html,https://www.sec.gov/Archives/edgar/data/77281/000119312511118245/d10q.htm
2010-12-31,PEI,2011-03-01,2011-03-01 16:44:56,Q4,122200000.0,49000000.0,73300000.0,0.599836,0.0,10700000.0,0.0,-9278000.0,49700000.0,98700000.0,34142000.0,41399999.999999985,67541999.99999999,0.552717,23500000.0,0.192308,0.0,-8500000.0,-0.069558,0.0,-8000000.0,-0.065466,-0.15,-0.15,54200000.0,54200000.0,https://www.sec.gov/Archives/edgar/data/77281/000119312511052256/d10k.htm,https://www.sec.gov/Archives/edgar/data/77281/000119312511052256/d10k.htm
2010-09-30,PEI,2010-11-08 00:00:00,2010-11-08 15:24:00,Q3,112700000.0,50200000.0,62500000.0,0.55457,0.0,9000000.0,0.0,2090000.0,51200000.0,101400000.0,35132000.0,45300000.0,76832000.0,0.681739,11300000.0,0.100266,0.0,-23300000.0,-0.206744,0.0,-3600000.0,-0.031943,-0.41,-0.41,54200000.0,54200000.0,https://www.sec.gov/Archives/edgar/data/77281/000119312510251935/0001193125-10-251935-index.html,https://www.sec.gov/Archives/edgar/data/77281/000119312510251935/d10q.htm
2010-06-30,PEI,2010-08-06 00:00:00,2010-08-06 15:16:43,Q2,108300000.0,47400000.0,60900000.0,0.562327,0.0,9600000.0,0.0,3243000.0,50100000.0,97500000.0,38625000.0,46000000.00000001,61925000.00000001,0.571791,10800000.0,0.099723,0.0,-24300000.0,-0.224377,0.0,-22700000.0,-0.209603,-0.46,-0.46,50300000.0,50300000.0,https://www.sec.gov/Archives/edgar/data/77281/000119312510181236/0001193125-10-181236-index.html,https://www.sec.gov/Archives/edgar/data/77281/000119312510181236/d10q.htm
2010-03-31,PEI,2010-04-29 00:00:00,2010-04-28 19:21:04,Q1,112500000.0,48700000.0,63800000.0,0.567111,0.0,9700000.0,0.0,3865000.0,50700000.0,99400000.0,34831000.0,43599999.99999999,60830999.99999999,0.54072,13100000.0,0.116444,0.0,-19000000.0,-0.168889,0.0,-17600000.0,-0.156444,-0.41,-0.41,43700000.0,43700000.0,https://www.sec.gov/Archives/edgar/data/77281/000119312510097136/0001193125-10-097136-index.html,https://www.sec.gov/Archives/edgar/data/77281/000119312510097136/d10q.htm
2009-12-31,PEI,2010-03-16,2010-03-16 16:41:01,Q4,123600000.0,52000000.0,71600000.0,0.579288,0.0,9100000.0,0.0,200000.0,114300000.00000001,166300000.0,34114000.0,47600000.00000001,20614000.00000001,0.16678,-42700000.0,-0.345469,0.0,-70900000.0,-0.573625,0.0,-61100000.0,-0.494337,-0.2,-0.2,43400000.0,43400000.0,https://www.sec.gov/Archives/edgar/data/77281/000119312510058453/d10k.htm,https://www.sec.gov/Archives/edgar/data/77281/000119312510058453/d10k.htm
2009-09-30,PEI,2009-11-09 00:00:00,2009-11-09 15:31:58,Q3,109600000.0,47800000.0,61700000.0,0.562956,0.0,9600000.0,0.0,2803000.0,45900000.00000001,93700000.0,33588000.0,43200000.0,67188000.0,0.613029,15900000.0,0.145073,0.0,-14700000.0,-0.134124,0.0,-9600000.0,-0.087591,-0.43,-0.43,42200000.0,42200000.0,https://www.sec.gov/Archives/edgar/data/77281/000119312509229266/0001193125-09-229266-index.html,https://www.sec.gov/Archives/edgar/data/77281/000119312509229266/d10q.htm
2009-06-30,PEI,2009-08-10 00:00:00,2009-08-10 14:20:31,Q2,106800000.0,44900000.0,61900000.0,0.579588,0.0,9500000.0,0.0,2783000.0,39800000.00000001,84700000.0,33249000.0,42900000.00000001,72149000.0,0.675552,22100000.0,0.206929,0.0,-5900000.0,-0.055243,0.0,-4000000.0,-0.037453,-0.43,-0.43,37600000.0,37600000.0,https://www.sec.gov/Archives/edgar/data/77281/000119312509170392/0001193125-09-170392-index.html,https://www.sec.gov/Archives/edgar/data/77281/000119312509170392/d10q.htm
2009-03-31,PEI,2009-05-11 00:00:00,2009-05-11 17:10:37,Q1,111400000.0,46300000.0,65100000.0,0.584381,0.0,9400000.0,0.0,3590000.0,47400000.00000001,93700000.0,32509000.0,41300000.0,62809000.0,0.563815,17700000.0,0.158887,0.0,-12300000.0,-0.110413,0.0,-11000000.0,-0.098743,-0.33,-0.33,39000000.0,39000000.0,https://www.sec.gov/Archives/edgar/data/77281/000119312509107330/0001193125-09-107330-index.html,https://www.sec.gov/Archives/edgar/data/77281/000119312509107330/d10q.htm
2008-12-31,PEI,2009-03-02,2009-03-02 15:58:37,Q4,130000000.0,50800000.0,79200000.0,0.609231,0.0,8500000.0,0.0,-40562000.0,46700000.0,97500000.0,31247000.0,41000000.0,74547000.0,0.573438,32500000.0,0.25,0.0,2500000.0,0.019231,0.0,2300000.0,0.017692,0.01,0.01,38900000.0,38900000.0,https://www.sec.gov/Archives/edgar/data/77281/000119312509042504/d10k.htm,https://www.sec.gov/Archives/edgar/data/77281/000119312509042504/d10k.htm
2008-09-30,PEI,2008-11-07 00:00:00,2008-11-07 16:03:31,Q3,114700000.0,47600000.0,67100000.0,0.585004,0.0,10400000.0,0.0,3215000.0,48999999.99999999,96599999.99999999,28451000.0,35099999.99999999,55050999.99999999,0.479956,18200000.0,0.158675,0.0,-9000000.0,-0.078466,0.0,-8500000.0,-0.074106,-0.22,-0.22,38800000.0,38800000.0,https://www.sec.gov/Archives/edgar/data/77281/000119312508229988/0001193125-08-229988-index.html,https://www.sec.gov/Archives/edgar/data/77281/000119312508229988/d10q.htm
2008-06-30,PEI,2008-08-11 00:00:00,2008-08-11 15:11:50,Q2,112800000.0,44700000.0,68000000.0,0.602837,0.0,10900000.0,0.0,4632000.0,48099999.99999999,92800000.0,25375000.0,36300000.00000001,57975000.00000001,0.513963,20000000.0,0.177305,0.0,-4100000.0,-0.036348,0.0,-3700000.0,-0.032801,-0.11,-0.11,39200000.0,39200000.0,https://www.sec.gov/Archives/edgar/data/77281/000119312508173297/0001193125-08-173297-index.html,https://www.sec.gov/Archives/edgar/data/77281/000119312508173297/d10q.htm
2008-03-31,PEI,2008-05-09 00:00:00,2008-05-09 16:20:28,Q1,115400000.0,44400000.0,70900000.0,0.614385,0.0,10500000.0,0.0,4928000.0,47600000.0,92000000.0,26991000.0,34500000.0,58591000.0,0.507721,23300000.0,0.201906,0.0,-3100000.0,-0.026863,0.0,-2900000.0,-0.02513,-0.04,-0.04,38700000.0,38700000.0,https://www.sec.gov/Archives/edgar/data/77281/000119312508109808/0001193125-08-109808-index.html,https://www.sec.gov/Archives/edgar/data/77281/000119312508109808/d10q.htm
2007-12-31,PEI,2008-02-29,2008-02-29 16:22:33,Q4,130400000.0,49300000.0,81100000.0,0.621933,0.0,10400000.0,0.0,-40134000.0,46700000.0,96000000.0,26522000.0,32999999.99999999,68221999.99999999,0.523175,34400000.0,0.263804,0.0,9200000.0,0.070552,0.0,8700000.0,0.066718,0.25,0.25,38500000.0,38500000.0,https://www.sec.gov/Archives/edgar/data/77281/000119312508043701/d10k.htm,https://www.sec.gov/Archives/edgar/data/77281/000119312508043701/d10k.htm
2007-09-30,PEI,2007-11-07 00:00:00,2007-11-07 14:35:22,Q3,112200000.0,44400000.0,67800000.0,0.604278,0.0,9800000.0,0.0,3920000.0,42699999.99999999,87100000.0,24866000.0,30300000.000000004,56666000.00000001,0.505045,25100000.0,0.223708,0.0,1600000.0,0.01426,0.0,1500000.0,0.013369,0.35,0.35,38500000.0,38500000.0,https://www.sec.gov/Archives/edgar/data/77281/000119312507238270/0001193125-07-238270-index.html,https://www.sec.gov/Archives/edgar/data/77281/000119312507238270/d10q.htm
2007-06-30,PEI,2007-08-03 00:00:00,2007-08-03 16:01:44,Q2,110300000.0,42400000.0,68000000.0,0.6165,0.0,10700000.0,0.0,5016000.0,43199999.99999999,85600000.0,23661000.0,29900000.000000007,57461000.00000001,0.520952,24700000.0,0.223935,0.0,4300000.0,0.038985,0.0,3900000.0,0.035358,-0.04,-0.04,37200000.0,37200000.0,https://www.sec.gov/Archives/edgar/data/77281/000119312507170656/0001193125-07-170656-index.html,https://www.sec.gov/Archives/edgar/data/77281/000119312507170656/d10q.htm
2007-03-31,PEI,2007-05-10 00:00:00,2007-05-10 16:16:42,Q1,113600000.0,44400000.0,69300000.0,0.610035,0.0,10500000.0,0.0,5115000.0,42800000.00000001,87200000.0,23811000.0,29100000.0,62011000.0,0.545871,26400000.0,0.232394,0.0,3600000.0,0.03169,0.0,9100000.0,0.080106,0.01,0.01,36600000.0,36600000.0,https://www.sec.gov/Archives/edgar/data/77281/000119312507110246/0001193125-07-110246-index.html,https://www.sec.gov/Archives/edgar/data/77281/000119312507110246/d10q.htm
2006-12-31,PEI,2007-03-01,2007-03-01 16:26:17,Q4,125100000.0,46100000.0,79000000.0,0.631495,0.0,8700000.0,0.0,0.0,40600000.0,86700000.0,24215000.0,29400000.000000004,72615000.0,0.580456,38400000.0,0.306954,0.0,21000000.0,0.167866,0.0,19000000.0,0.151878,0.28,0.28,37000000.0,37000000.0,https://www.sec.gov/Archives/edgar/data/77281/000089322007000542/w30894e10vk.htm,https://www.sec.gov/Archives/edgar/data/77281/000089322007000542/w30894e10vk.htm
2006-09-30,PEI,2006-11-08,2006-11-08 16:42:43,Q3,112100000.0,45200000.0,66900000.0,0.596789,0.0,9600000.0,0.0,0.0,40399999.99999999,85599999.99999999,24342000.0,28399999.99999999,57241999.99999999,0.510633,26500000.0,0.236396,0.0,3700000.0,0.033006,0.0,4500000.0,0.040143,-0.01,-0.01,36300000.0,36300000.0,https://www.sec.gov/Archives/edgar/data/77281/000112528206006860/b415538_10q.htm,https://www.sec.gov/Archives/edgar/data/77281/000112528206006860/b415538_10q.htm
2006-06-30,PEI,2006-08-09,2006-08-09 13:00:46,Q2,110100000.0,42500000.0,67600000.0,0.613987,0.0,10000000.0,0.0,0.0,40599999.99999999,83100000.0,24769000.0,27900000.000000004,56569000.0,0.513797,27000000.0,0.245232,0.0,4100000.0,0.037239,0.0,3900000.0,0.035422,0.01,0.01,36700000.0,36700000.0,https://www.sec.gov/Archives/edgar/data/77281/000112528206004756/p414357_10q.htm,https://www.sec.gov/Archives/edgar/data/77281/000112528206004756/p414357_10q.htm
2006-03-31,PEI,2006-05-10,2006-05-10 16:42:08,Q1,112000000.0,42300000.0,69700000.0,0.622321,0.0,10300000.0,0.0,4000000.0,44300000.0,86600000.0,24123000.0,29600000.0,54323000.0,0.485027,25400000.0,0.226786,0.0,3400000.0,0.030357,0.0,600000.0,0.005357,-0.02,-0.02,36100000.0,36100000.0,https://www.sec.gov/Archives/edgar/data/77281/000095011606000776/ten-k.htm,https://www.sec.gov/Archives/edgar/data/77281/000095011606000776/ten-k.htm
2005-12-31,PEI,2006-03-13,2006-03-13 17:26:10,Q4,120600000.0,46700000.0,73900000.0,0.612769,0.0,8000000.0,0.0,0.0,37000000.0,83700000.0,20917000.0,26400000.000000007,66717000.00000001,0.553209,36900000.0,0.30597,0.0,19100000.0,0.158375,0.0,19400000.0,0.160862,0.33,0.33,36800000.0,36800000.0,https://www.sec.gov/Archives/edgar/data/77281/000095011606000776/ten-k.htm,https://www.sec.gov/Archives/edgar/data/77281/000095011606000776/ten-k.htm
2005-09-30,PEI,2005-11-09,2005-11-09 17:07:16,Q3,105800000.0,41800000.0,63900000.0,0.60397,0.0,8200000.0,0.0,0.0,35800000.0,77600000.0,21548000.0,23200000.0,62648000.0,0.592136,28200000.0,0.266541,0.0,16200000.0,0.153119,0.0,17900000.0,0.169187,0.08,0.08,36900000.0,36900000.0,https://www.sec.gov/Archives/edgar/data/77281/000095011605003483/ten-q.htm,https://www.sec.gov/Archives/edgar/data/77281/000095011605003483/ten-q.htm
2005-06-30,PEI,2005-08-09,2005-08-09 17:17:02,Q2,104000000.0,39100000.0,64800000.0,0.623077,0.0,10200000.0,0.0,0.0,37499999.99999999,76599999.99999999,20086000.0,23099999.999999993,52085999.99999999,0.500827,27400000.0,0.263462,0.0,9600000.0,0.092308,0.0,8900000.0,0.085577,0.12,0.12,37000000.0,37000000.0,https://www.sec.gov/Archives/edgar/data/77281/000095011605002705/ten_q.htm,https://www.sec.gov/Archives/edgar/data/77281/000095011605002705/ten_q.htm
2005-03-31,PEI,2005-05-10,2005-05-10 12:36:24,Q1,104000000.0,39300000.0,64800000.0,0.623077,0.0,9200000.0,0.0,0.0,35200000.0,74500000.0,19356000.0,22100000.0,52856000.0,0.508231,29600000.0,0.284615,0.0,11600000.0,0.111538,0.0,11400000.0,0.109615,0.19,0.19,36600000.0,36600000.0,https://www.sec.gov/Archives/edgar/data/77281/000095011605001038/tenk.htm,https://www.sec.gov/Archives/edgar/data/77281/000095011605001038/tenk.htm
2004-12-31,PEI,2005-03-16,2005-03-16 16:28:31,Q4,112400000.0,38500000.0,73800000.0,0.656584,0.0,10200000.0,0.0,-16745000.0,53400000.00000001,91900000.0,18456000.0,24700000.000000007,62356000.00000001,0.554769,20400000.0,0.181495,0.0,21100000.0,0.187722,0.0,19200000.0,0.170819,0.42,0.42,36500000.0,36500000.0,https://www.sec.gov/Archives/edgar/data/77281/000095011605001038/tenk.htm,https://www.sec.gov/Archives/edgar/data/77281/000095011605001038/tenk.htm
2004-09-30,PEI,2004-11-09,2004-11-09 17:02:35,Q3,97000000.0,48000000.0,49100000.0,0.506186,0.0,-1600000.0,0.0,-12243000.0,39300000.0,87300000.0,18294000.0,16500000.0,49094000.0,0.506124,9800000.0,0.101031,0.0,12800000.0,0.131959,0.0,14300000.0,0.147423,0.19,0.19,37000000.0,37000000.0,https://www.sec.gov/Archives/edgar/data/77281/000095011604003332/ten-q.htm,https://www.sec.gov/Archives/edgar/data/77281/000095011604003332/ten-q.htm
2004-06-30,PEI,2004-08-06,2004-08-06 16:45:22,Q2,96400000.0,28800000.0,67600000.0,0.701245,0.0,17000000.0,0.0,-28699000.0,58800000.0,87600000.0,39610000.0,18199999.999999996,69210000.0,0.717946,8900000.0,0.092324,0.0,10500000.0,0.108921,0.0,11400000.0,0.118257,0.16,0.16,35700000.0,35700000.0,https://www.sec.gov/Archives/edgar/data/77281/000095011604002401/ten-q.htm,https://www.sec.gov/Archives/edgar/data/77281/000095011604002401/ten-q.htm
2004-03-31,PEI,,,Q1,96200000.0,28900000.0,67300000.0,0.699584,0.0,17300000.0,0.0,0.0,60699999.99999999,89600000.0,1800000.0,20600000.0,31400000.0,0.326403,6600000.0,0.068607,0.0,8300000.0,0.086279,0.0,9000000.0,0.093555,0.11,0.11,35700000.0,35700000.0,,
2003-12-31,PEI,,,Q4,76800000.0,31700000.0,45100000.0,0.58724,0.0,9600000.0,0.0,0.0,41300000.0,73000000.0,1600000.0,8399999.999999998,21500000.0,0.279948,3800000.0,0.049479,0.0,9900000.0,0.128906,0.0,11500000.0,0.14974,0.06,0.06,30100000.0,30100000.0,,
2003-09-30,PEI,,,Q3,45700000.0,14600000.0,31100000.0,0.680525,0.0,10900000.0,0.0,0.0,28600000.0,43200000.0,1800000.0,9200000.0,45900000.0,1.004376,2500000.0,0.054705,0.0,10500000.0,0.229759,0.0,34900000.0,0.763676,0.15,0.15,19900000.0,19900000.0,,
2003-06-30,PEI,,,Q2,35300000.0,8600000.0,26800000.0,0.759207,0.0,9100000.0,0.0,0.0,25199999.999999996,33799999.99999999,2000000.0,7000000.000000001,153600000.0,4.351275,1500000.0,0.042493,0.0,7900000.0,0.223796,0.0,144600000.0,4.096317,0.15,0.15,16900000.0,16900000.0,,
2003-03-31,PEI,2003-05-15 00:00:00,2003-05-15 15:41:47,Q1,19000000.0,3900000.0,15100000.0,0.794737,0.0,7300000.0,0.0,0.0,14900000.0,18800000.0,1800000.0,5800000.0,12600000.0,0.663158,200000.0,0.010526,0.0,3200000.0,0.168421,0.0,5000000.0,0.263158,0.1,0.1,16800000.0,16800000.0,https://www.sec.gov/Archives/edgar/data/77281/000095011603002715/0000950116-03-002715-index.html,https://www.sec.gov/Archives/edgar/data/77281/000095011603002715/tenq.htm
2002-12-31,PEI,,,Q4,22800000.0,3900000.0,18900000.0,0.828947,0.0,7300000.0,0.0,0.0,15200000.000000002,19100000.0,2300000.0,5699999.999999999,15299999.999999998,0.671053,3600000.0,0.157895,0.0,5900000.0,0.258772,0.0,7300000.0,0.320175,0.32,0.32,16700000.0,16700000.0,,
2002-09-30,PEI,,,Q3,18900000.0,3400000.0,15600000.0,0.825397,0.0,7100000.0,0.0,0.0,14499999.999999998,17899999.999999996,1700000.0,5100000.0,15000000.0,0.793651,1100000.0,0.058201,0.0,2800000.0,0.148148,0.0,8200000.0,0.433862,0.15,0.15,16600000.0,16600000.0,,
2002-06-30,PEI,2002-08-14 00:00:00,2002-08-14 13:59:34,Q2,18400000.0,3000000.0,15400000.0,0.836957,0.0,7000000.0,0.0,0.0,14600000.000000002,17600000.0,1900000.0,5400000.0,11700000.0,0.63587,900000.0,0.048913,0.0,2800000.0,0.152174,0.0,4400000.0,0.23913,0.15,0.15,16300000.0,16300000.0,https://www.sec.gov/Archives/edgar/data/77281/000095011602001881/0000950116-02-001881-index.html,https://www.sec.gov/Archives/edgar/data/77281/000095011602001881/ten-q.txt
2002-03-31,PEI,2002-05-14 00:00:00,2002-05-14 13:42:44,Q1,14900000.0,2400000.0,12500000.0,0.838926,0.0,6900000.0,0.0,0.0,12400000.0,14800000.0,1600000.0,5000000.0,10300000.0,0.691275,200000.0,0.013423,0.0,1700000.0,0.114094,0.0,3700000.0,0.248322,0.1,0.1,15900000.0,15900000.0,https://www.sec.gov/Archives/edgar/data/77281/000095011602001075/0000950116-02-001075-index.html,https://www.sec.gov/Archives/edgar/data/77281/000095011602001075/ten-q.txt
2001-12-31,PEI,,,Q4,31000000.0,6900000.0,24100000.0,0.777419,0.0,8900000.0,0.0,0.0,19200000.000000004,26100000.000000004,300000.0,5199999.999999999,12099999.999999998,0.390323,4900000.0,0.158065,0.0,7300000.0,0.235484,0.0,6600000.0,0.212903,0.27,0.27,15900000.0,15900000.0,,
2001-09-30,PEI,2001-11-14 00:00:00,2001-11-14 00:00:00,Q3,27100000.0,6300000.0,20900000.0,0.771218,0.0,7400000.0,0.0,0.0,17599999.999999996,23899999.999999996,1300000.0,4200000.000000001,9600000.000000002,0.354244,3300000.0,0.121771,0.0,4600000.0,0.169742,0.0,4100000.0,0.151292,0.27,0.27,15400000.0,15400000.0,https://www.sec.gov/Archives/edgar/data/77281/000095011601501128/0000950116-01-501128-index.html,https://www.sec.gov/Archives/edgar/data/77281/000095011601501128/ten-q.txt
2001-06-30,PEI,2001-08-14 00:00:00,2001-08-14 00:00:00,Q2,26800000.0,6200000.0,20600000.0,0.768657,0.0,7300000.0,0.0,0.0,17800000.0,24000000.0,3500000.0,4300000.0,11700000.0,0.436567,2800000.0,0.104478,0.0,4400000.0,0.164179,0.0,3900000.0,0.145522,0.41,0.41,13800000.0,13800000.0,https://www.sec.gov/Archives/edgar/data/77281/000095011601500662/0000950116-01-500662-index.html,https://www.sec.gov/Archives/edgar/data/77281/000095011601500662/ten-q.txt
2001-03-31,PEI,2001-05-15 00:00:00,2001-05-15 00:00:00,Q1,27000000.0,6600000.0,20400000.0,0.755556,0.0,7000000.0,0.0,0.0,17900000.0,24500000.0,1400000.0,4300000.0,10800000.0,0.4,2500000.0,0.092593,0.0,5700000.0,0.211111,0.0,5100000.0,0.188889,0.24,0.24,13700000.0,13700000.0,https://www.sec.gov/Archives/edgar/data/77281/000095011601500187/0000950116-01-500187-index.html,https://www.sec.gov/Archives/edgar/data/77281/000095011601500187/tenq.txt
2000-12-31,PEI,,,Q4,26300000.0,7400000.0,18900000.0,0.718631,0.0,3200000.0,0.0,0.0,14400000.0,21800000.0,700000.0,5000000.0,10300000.0,0.391635,4500000.0,0.171103,0.0,5200000.0,0.197719,0.0,4600000.0,0.174905,0.34,0.34,13500000.0,13500000.0,,
2000-09-30,PEI,2000-11-14 00:00:00,2000-11-14 00:00:00,Q3,23700000.0,6400000.0,17300000.0,0.729958,0.0,2600000.0,0.0,0.0,11999999.999999998,18399999.999999996,200000.0,3499999.999999999,9899999.999999998,0.417722,5300000.0,0.223629,0.0,6900000.0,0.291139,0.0,6200000.0,0.261603,0.36,0.36,13400000.0,13400000.0,https://www.sec.gov/Archives/edgar/data/77281/000095011600002715/0000950116-00-002715-index.html,https://www.sec.gov/Archives/edgar/data/77281/000095011600002715/0000950116-00-002715-0001.txt
2000-06-30,PEI,2000-08-14 00:00:00,2000-08-14 00:00:00,Q2,28400000.0,5900000.0,22600000.0,0.795775,0.0,3000000.0,0.0,0.0,12299999.999999998,18200000.0,-100000.0,3500000.0,18500000.0,0.651408,10300000.0,0.362676,0.0,16800000.0,0.591549,0.0,15100000.0,0.53169,0.63,0.63,13400000.0,13400000.0,https://www.sec.gov/Archives/edgar/data/77281/000095011600001910/0000950116-00-001910-index.html,https://www.sec.gov/Archives/edgar/data/77281/000095011600001910/0000950116-00-001910-0001.txt
2000-03-31,PEI,2000-05-15 00:00:00,2000-05-15 00:00:00,Q1,23500000.0,6400000.0,17000000.0,0.723404,0.0,2800000.0,0.0,0.0,12400000.0,18800000.0,200000.0,3700000.0,10300000.0,0.438298,4700000.0,0.2,0.0,7100000.0,0.302128,0.0,6400000.0,0.27234,0.31,0.31,13300000.0,13300000.0,https://www.sec.gov/Archives/edgar/data/77281/000095011600001189/0000950116-00-001189-index.html,https://www.sec.gov/Archives/edgar/data/77281/0000950116-00-001189.txt
1999-12-31,PEI,,,Q4,24300000.0,8500000.0,15800000.0,0.650206,0.0,900000.0,0.0,0.0,11000000.0,19500000.0,300000.0,4000000.0,9200000.0,0.378601,4900000.0,0.201646,0.0,5500000.0,0.226337,0.0,4900000.0,0.201646,0.35,0.35,13300000.0,13300000.0,,
1999-09-30,PEI,,,Q3,22200000.0,7900000.0,14300000.0,0.644144,0.0,800000.0,0.0,0.0,9900000.0,17800000.0,900000.0,3400000.0000000005,9400000.0,0.423423,4500000.0,0.202703,0.0,5600000.0,0.252252,0.0,5100000.0,0.22973,0.37,0.37,13300000.0,13300000.0,,
1999-06-30,PEI,,,Q2,22500000.0,8000000.0,14600000.0,0.648889,0.0,1000000.0,0.0,0.0,9700000.0,17700000.0,500000.0,3300000.0,8700000.0,0.386667,4900000.0,0.217778,0.0,5400000.0,0.24,0.0,4900000.0,0.217778,0.37,0.37,13300000.0,13300000.0,,
1999-03-31,PEI,,,Q1,21300000.0,7400000.0,13900000.0,0.652582,0.0,900000.0,0.0,0.0,9200000.000000002,16600000.000000002,400000.0,3200000.0,9500000.0,0.446009,4700000.0,0.220657,0.0,6400000.0,0.300469,0.0,5900000.0,0.276995,0.34,0.34,13300000.0,13300000.0,,
1998-12-31,PEI,,,Q4,19900000.0,6700000.0,13200000.0,0.663317,0.0,900000.0,0.0,0.0,8100000.000000001,14800000.000000002,1000000.0,2900000.0000000005,9300000.0,0.467337,5100000.0,0.256281,0.0,6100000.0,0.306533,0.0,5400000.0,0.271357,0.42,0.42,13300000.0,13300000.0,,
1998-09-30,PEI,1998-11-13 00:00:00,1998-11-13 00:00:00,Q3,14900000.0,5700000.0,9200000.0,0.61745,0.0,900000.0,0.0,0.0,5499999.999999999,11199999.999999998,2500000.0,2200000.0,11700000.0,0.785235,3700000.0,0.248322,0.0,7400000.0,0.496644,0.0,7000000.0,0.469799,0.43,0.43,13300000.0,13300000.0,https://www.sec.gov/Archives/edgar/data/77281/000095011698002226/0000950116-98-002226-index.html,https://www.sec.gov/Archives/edgar/data/77281/0000950116-98-002226.txt
1998-06-30,PEI,1998-08-14 00:00:00,1998-08-14 00:00:00,Q2,13900000.0,5000000.0,8900000.0,0.640288,0.0,900000.0,0.0,0.0,4900000.0,9900000.0,700000.0,2199999.9999999995,9100000.0,0.654676,4000000.0,0.28777,0.0,6500000.0,0.467626,0.0,6200000.0,0.446043,0.33,0.33,13300000.0,13300000.0,https://www.sec.gov/Archives/edgar/data/77281/000095011698001730/0000950116-98-001730-index.html,https://www.sec.gov/Archives/edgar/data/77281/0000950116-98-001730.txt
1998-03-31,PEI,,,Q1,13600000.0,5100000.0,8600000.0,0.632353,0.0,700000.0,0.0,0.0,4800000.000000001,9900000.000000002,1100000.0,2100000.0,7800000.0,0.573529,3700000.0,0.272059,0.0,4800000.0,0.352941,0.0,4600000.0,0.338235,0.34,0.34,13300000.0,13300000.0,,
1997-08-31,PEI,,,Q4,10200000.0,4100000.0,6000000.0,0.588235,0.0,900000.0,0.0,0.0,4700000.000000001,8800000.000000002,900000.0,1599999.9999999995,4300000.0,0.421569,1300000.0,0.127451,0.0,1800000.0,0.176471,0.0,1800000.0,0.176471,0.26,0.26,8700000.0,8700000.0,,
1997-05-31,PEI,1997-07-15 00:00:00,1997-07-15 00:00:00,Q3,10100000.0,4000000.0,6100000.0,0.60396,0.0,900000.0,0.0,0.0,4699999.999999999,8699999.999999998,1400000.0,1600000.0,5800000.0,0.574257,1400000.0,0.138614,0.0,2900000.0,0.287129,0.0,2800000.0,0.277228,0.32,0.32,8700000.0,8700000.0,https://www.sec.gov/Archives/edgar/data/77281/000095011697001304/0000950116-97-001304-index.html,https://www.sec.gov/Archives/edgar/data/77281/0000950116-97-001304.txt
1997-02-28,PEI,1997-04-11 00:00:00,1997-04-11 00:00:00,Q2,10200000.0,4200000.0,6000000.0,0.588235,0.0,800000.0,0.0,500000.0,5100000.000000001,9300000.0,700000.0,1600000.0,5300000.0,0.519608,900000.0,0.088235,0.0,3100000.0,0.303922,0.0,3000000.0,0.294118,0.17,0.17,8700000.0,8700000.0,https://www.sec.gov/Archives/edgar/data/77281/000095011697000706/0000950116-97-000706-index.html,https://www.sec.gov/Archives/edgar/data/77281/0000950116-97-000706.txt
1996-11-30,PEI,,,Q1,10100000.0,4000000.0,6100000.0,0.60396,0.0,700000.0,0.0,0.0,4699999.999999999,8699999.999999998,1300000.0,1500000.0,5400000.0,0.534653,1400000.0,0.138614,0.0,2700000.0,0.267327,0.0,2600000.0,0.257426,0.3,0.3,8700000.0,8700000.0,,
1996-08-31,PEI,,,Q4,9800000.0,4200000.0,5600000.0,0.571429,0.0,800000.0,0.0,0.0,4899999.999999999,9100000.0,1700000.0,1500000.0,6000000.0,0.612245,800000.0,0.081633,0.0,2900000.0,0.295918,0.0,2800000.0,0.285714,0.27,0.27,8700000.0,8700000.0,,
1996-05-31,PEI,1996-07-12 00:00:00,1996-07-12 00:00:00,Q3,10000000.0,4000000.0,6000000.0,0.6,0.0,900000.0,0.0,0.0,4900000.0,8900000.0,1500000.0,1500000.0000000005,6000000.0,0.6,1100000.0,0.11,0.0,3100000.0,0.31,0.0,3000000.0,0.3,0.3,0.3,8700000.0,8700000.0,https://www.sec.gov/Archives/edgar/data/77281/000095011696000640/0000950116-96-000640-index.html,https://www.sec.gov/Archives/edgar/data/77281/0000950116-96-000640.txt
1996-02-29,PEI,1996-04-12 00:00:00,1996-04-12 00:00:00,Q2,9700000.0,4100000.0,5500000.0,0.56701,0.0,800000.0,0.0,0.0,4600000.0,8700000.0,1500000.0,1400000.0,5200000.0,0.536082,900000.0,0.092784,0.0,2400000.0,0.247423,0.0,2300000.0,0.237113,0.27,0.27,8700000.0,8700000.0,https://www.sec.gov/Archives/edgar/data/77281/000095011696000244/0000950116-96-000244-index.html,https://www.sec.gov/Archives/edgar/data/77281/0000950116-96-000244.txt
1995-11-30,PEI,1996-01-16 00:00:00,1996-01-16 00:00:00,Q1,9700000.0,3800000.0,5900000.0,0.608247,0.0,700000.0,0.0,0.0,4500000.000000001,8300000.000000001,1600000.0,1500000.0,5900000.0,0.608247,1400000.0,0.14433,0.0,2900000.0,0.298969,0.0,2800000.0,0.28866,0.33,0.33,8700000.0,8700000.0,https://www.sec.gov/Archives/edgar/data/77281/000095011696000016/0000950116-96-000016-index.html,https://www.sec.gov/Archives/edgar/data/77281/0000950116-96-000016.txt
1995-08-31,PEI,,,Q4,9600000.0,3900000.0,5600000.0,0.583333,0.0,800000.0,0.0,0.0,4699999.999999999,8599999.999999998,1600000.0,1400000.0,5500000.0,0.572917,1000000.0,0.104167,0.0,2600000.0,0.270833,0.0,2500000.0,0.260417,0.29,0.29,8700000.0,8700000.0,,
1995-05-31,PEI,1995-07-14 00:00:00,1995-07-14 00:00:00,Q3,9500000.0,3700000.0,5800000.0,0.610526,0.0,800000.0,0.0,0.0,4700000.0,8400000.0,1500000.0,1400000.0,5500000.0,0.578947,1100000.0,0.115789,0.0,2600000.0,0.273684,0.0,2600000.0,0.273684,0.3,0.3,8700000.0,8700000.0,https://www.sec.gov/Archives/edgar/data/77281/000095011695000290/0000950116-95-000290-index.html,https://www.sec.gov/Archives/edgar/data/77281/0000950116-95-000290.txt
1995-02-28,PEI,1995-04-13 00:00:00,1995-04-13 00:00:00,Q2,9500000.0,3800000.0,5700000.0,0.6,0.0,800000.0,0.0,0.0,4399999.999999999,8199999.999999999,1400000.0,1300000.0,5500000.0,0.578947,1300000.0,0.136842,0.0,2900000.0,0.305263,0.0,2800000.0,0.294737,0.31,0.31,8700000.0,8700000.0,https://www.sec.gov/Archives/edgar/data/77281/000095011695000102/0000950116-95-000102-index.html,https://www.sec.gov/Archives/edgar/data/77281/0000950116-95-000102.txt
1994-11-30,PEI,1995-01-13 00:00:00,1995-01-13 00:00:00,Q1,8600000.0,3400000.0,5200000.0,0.604651,0.0,700000.0,0.0,0.0,3600000.0,7000000.0,1800000.0,1200000.0,6300000.0,0.732558,1600000.0,0.186047,0.0,3400000.0,0.395349,0.0,3300000.0,0.383721,0.39,0.39,8700000.0,8700000.0,https://www.sec.gov/Archives/edgar/data/77281/000095011695000003/0000950116-95-000003-index.html,https://www.sec.gov/Archives/edgar/data/77281/0000950116-95-000003.txt
1994-08-31,PEI,,,Q4,7600000.0,3400000.0,4300000.0,0.565789,0.0,700000.0,0.0,1600000.0,4600000.0,8000000.0,800000.0,899999.9999999999,2100000.0,0.276316,-300000.0,-0.039474,0.0,500000.0,0.065789,0.0,400000.0,0.052632,0.05,0.05,8700000.0,8700000.0,,
1994-05-31,PEI,,,Q3,7300000.0,3000000.0,4300000.0,0.589041,0.0,700000.0,0.0,100000.0,2800000.0,5800000.0,1000000.0,1000000.0,4300000.0,0.589041,1400000.0,0.191781,0.0,2400000.0,0.328767,0.0,2300000.0,0.315068,0.27,0.27,8700000.0,8700000.0,,
1994-02-28,PEI,,,Q2,6500000.0,2800000.0,3800000.0,0.584615,0.0,600000.0,0.0,100000.0,2300000.0,5100000.0,1300000.0,800000.0,4800000.0,0.738462,1400000.0,0.215385,0.0,2800000.0,0.430769,0.0,2700000.0,0.415385,0.3,0.3,8700000.0,8700000.0,,
1993-11-30,PEI,,,Q1,6500000.0,2700000.0,3800000.0,0.584615,0.0,500000.0,0.0,100000.0,2200000.0,4900000.0,1400000.0,800000.0,17400000.0,2.676923,1600000.0,0.246154,0.0,15200000.0,2.338462,0.0,15200000.0,2.338462,0.34,0.34,8700000.0,8700000.0,,
1993-08-31,PEI,,,Q4,6400000.0,2700000.0,3700000.0,0.578125,0.0,400000.0,0.0,100000.0,2099999.9999999995,4800000.0,1400000.0,799999.9999999998,5000000.0,0.78125,1600000.0,0.25,0.0,2900000.0,0.453125,0.0,2800000.0,0.4375,0.33,0.33,8600000.0,8600000.0,,
1993-05-31,PEI,,,Q3,6000000.0,2600000.0,3400000.0,0.566667,0.0,500000.0,0.0,100000.0,2100000.0,4700000.0,900000.0,800000.0,3900000.0,0.65,1300000.0,0.216667,0.0,2200000.0,0.366667,0.0,2200000.0,0.366667,0.25,0.25,8600000.0,8600000.0,,
1993-02-28,PEI,,,Q2,5000000.0,2000000.0,2900000.0,0.58,0.0,500000.0,0.0,100000.0,1700000.0000000002,3700000.0,1300000.0,700000.0,4600000.0,0.92,1300000.0,0.26,0.0,2600000.0,0.52,0.0,2600000.0,0.52,0.3,0.3,8600000.0,8600000.0,,
1992-11-30,PEI,,,Q1,4300000.0,1700000.0,2600000.0,0.604651,0.0,500000.0,0.0,100000.0,1300000.0,3000000.0,1200000.0,500000.0,8100000.0,1.883721,1300000.0,0.302326,0.0,6400000.0,1.488372,0.0,6400000.0,1.488372,0.29,0.29,8600000.0,8600000.0,,
1992-08-31,PEI,,,Q4,4200000.0,1700000.0,2500000.0,0.595238,0.0,500000.0,0.0,100000.0,1400000.0,3100000.0,800000.0,500000.0,3200000.0,0.761905,1100000.0,0.261905,0.0,1900000.0,0.452381,0.0,1900000.0,0.452381,0.22,0.22,8600000.0,8600000.0,,
1992-05-31,PEI,,,Q3,4300000.0,1600000.0,2700000.0,0.627907,0.0,500000.0,0.0,100000.0,1400000.0,3000000.0,800000.0,600000.0000000001,3500000.0,0.813953,1300000.0,0.302326,0.0,2100000.0,0.488372,0.0,2100000.0,0.488372,0.25,0.25,8600000.0,8600000.0,,
1992-02-29,PEI,,,Q2,4300000.0,1700000.0,2500000.0,0.581395,0.0,500000.0,0.0,100000.0,1400000.0,3100000.0,1000000.0,500000.0,3800000.0,0.883721,1200000.0,0.27907,0.0,2300000.0,0.534884,0.0,2300000.0,0.534884,0.26,0.26,8600000.0,8600000.0,,
1991-11-30,PEI,,,Q1,4200000.0,1500000.0,2600000.0,0.619048,0.0,400000.0,0.0,100000.0,1299999.9999999998,2800000.0,1000000.0,500000.0,3900000.0,0.928571,1400000.0,0.333333,0.0,2400000.0,0.571429,0.0,2400000.0,0.571429,0.29,0.29,8400000.0,8400000.0,,
1991-08-31,PEI,,,Q4,4100000.0,1500000.0,2500000.0,0.609756,0.0,400000.0,0.0,100000.0,1299999.9999999998,2800000.0,1000000.0,500000.0,3800000.0,0.926829,1300000.0,0.317073,0.0,2300000.0,0.560976,0.0,2300000.0,0.560976,0.28,0.28,8100000.0,8100000.0,,
1991-05-31,PEI,,,Q3,4000000.0,1500000.0,2500000.0,0.625,0.0,400000.0,0.0,100000.0,1200000.0000000002,2700000.0,800000.0,600000.0,4700000.0,1.175,1300000.0,0.325,0.0,3300000.0,0.825,0.0,3300000.0,0.825,0.26,0.26,8100000.0,8100000.0,,
1991-02-28,PEI,,,Q2,4100000.0,1600000.0,2400000.0,0.585366,0.0,400000.0,0.0,100000.0,1199999.9999999998,2799999.9999999995,800000.0,400000.0,3300000.0,0.804878,1200000.0,0.292683,0.0,2100000.0,0.512195,0.0,2100000.0,0.512195,0.26,0.26,8100000.0,8100000.0,,
1990-11-30,PEI,,,Q1,4200000.0,1400000.0,2700000.0,0.642857,0.0,400000.0,0.0,100000.0,1300000.0000000002,2700000.0000000005,800000.0,500000.0,4000000.0,0.952381,1400000.0,0.333333,0.0,2700000.0,0.642857,0.0,2700000.0,0.642857,0.28,0.28,8200000.0,8200000.0,,
1990-08-31,PEI,,,Q4,4200000.0,1600000.0,2600000.0,0.619048,0.0,400000.0,0.0,100000.0,1400000.0,3000000.0,900000.0,500000.0,3600000.0,0.857143,1300000.0,0.309524,0.0,2200000.0,0.52381,0.0,2200000.0,0.52381,0.27,0.27,8200000.0,8200000.0,,
1990-05-31,PEI,,,Q3,4200000.0,1500000.0,2700000.0,0.642857,0.0,400000.0,0.0,100000.0,1200000.0000000002,2700000.0,1000000.0,500000.0,4000000.0,0.952381,1500000.0,0.357143,0.0,2500000.0,0.595238,0.0,2500000.0,0.595238,0.31,0.31,8200000.0,8200000.0,,
1990-02-28,PEI,,,Q2,4300000.0,1600000.0,2700000.0,0.627907,0.0,500000.0,0.0,100000.0,1199999.9999999998,2799999.9999999995,1100000.0,400000.0,4200000.0,0.976744,1500000.0,0.348837,0.0,2700000.0,0.627907,0.0,2700000.0,0.627907,0.32,0.32,8200000.0,8200000.0,,
1989-11-30,PEI,,,Q1,4200000.0,1400000.0,2800000.0,0.666667,0.0,500000.0,0.0,100000.0,1100000.0,2500000.0,1000000.0,400000.0,4100000.0,0.97619,1700000.0,0.404762,0.0,2700000.0,0.642857,0.0,2700000.0,0.642857,0.33,0.33,8200000.0,8200000.0,,
1989-08-31,PEI,,,Q4,4200000.0,1400000.0,2800000.0,0.666667,0.0,500000.0,0.0,100000.0,1200000.0000000002,2600000.0,1300000.0,1700000.0,5900000.0,1.404762,1600000.0,0.380952,0.0,2900000.0,0.690476,0.0,2900000.0,0.690476,0.35,0.35,8200000.0,8200000.0,,
