date,symbol,fillingDate,acceptedDate,period,revenue,costOfRevenue,grossProfit,grossProfitRatio,researchAndDevelopmentExpenses,generalAndAdministrativeExpenses,sellingAndMarketingExpenses,otherExpenses,operatingExpenses,costAndExpenses,interestExpense,depreciationAndAmortization,ebitda,ebitdaratio,operatingIncome,operatingIncomeRatio,totalOtherIncomeExpensesNet,incomeBeforeTax,incomeBeforeTaxRatio,incomeTaxExpense,netIncome,netIncomeRatio,eps,epsdiluted,weightedAverageShsOut,weightedAverageShsOutDil,link,finalLink
2020-06-30,PFMT,,,Q2,33785000,0.0,33785000.0,1.0,0.0,22166000,0.0,17042000,39208000,39208000,2031000.0,2312000.0,-3111000.0,-0.0920822850377,-5423000.0,-0.160515021459,0.0,-7448000.0,-0.220452863697,-249000.0,-7199000.0,-0.213082729022,-0.13,-0.13,54105000,54105000,,
2020-03-31,PFMT,2020-05-28 00:00:00,2020-05-28 16:55:05,Q1,45888000,0.0,0.0,1.0,0.0,28805000,0.0,12220000,60025000,60025000,2227000.0,1540000.0,-12591000.0,-0.274385,-14137000.0,-0.308076,0.0,-16358000.0,-0.356477,-3874000.0,-12484000.0,-0.272054,-0.00248,-0.00248,53943000,53943000,https://www.sec.gov/Archives/edgar/data/1550695/000155069520000053/0001550695-20-000053-index.htm,https://www.sec.gov/Archives/edgar/data/1550695/000155069520000053/a10q03312020.htm
2019-12-31,PFMT,2020-04-29,2020-04-29 17:23:47,Q4,43823000,0.0,0.0,1.0,0.0,28378000,0.0,10575000,46153000,46153000,2329000.0,1837999.9999999993,-484000.0000000008,-0.011044,-2330000.0,-0.053168,0.0,-4651000.0,-0.106131,-789000.0,-3862000.0,-0.088127,0.03818,0.03818,53774000,53774000,https://www.sec.gov/Archives/edgar/data/1550695/000155069520000025/a10k12312019.htm,https://www.sec.gov/Archives/edgar/data/1550695/000155069520000025/a10k12312019.htm
2019-09-30,PFMT,2019-11-14 00:00:00,2019-11-14 17:16:28,Q3,35903000,0.0,0.0,1.0,0.0,28771000,0.0,12948000,41719000,41719000,2166000.0,2141000.0,-3664000.0,-0.102053,-5816000.0,-0.161992,0.0,-7971000.0,-0.222015,99000.0,-8070000.0,-0.224772,-0.15038,-0.15038,53665000,53665000,https://www.sec.gov/Archives/edgar/data/1550695/000155069519000060/0001550695-19-000060-index.html,https://www.sec.gov/Archives/edgar/data/1550695/000155069519000060/a10q09302019.htm
2019-06-30,PFMT,2019-08-14,2019-08-14 17:08:04,Q2,35830000,0.0,0.0,1.0,0.0,28929000,0.0,11211000,40140000,40140000,1958000.0,2245000.0000000005,-2053999.9999999993,-0.057326,-4310000.0,-0.12029,0.0,-6257000.0,-0.17463,142000.0,-6399000.0,-0.178593,-0.11991,-0.11991,53367000,53367000,https://www.sec.gov/Archives/edgar/data/1550695/000155069519000055/a10q06302019.htm,https://www.sec.gov/Archives/edgar/data/1550695/000155069519000055/a10q06302019.htm
2019-03-31,PFMT,2019-05-14 00:00:00,2019-05-14 17:13:35,Q1,34876000,0.0,0.0,1.0,0.0,29116000,0.0,12953000,42069000,42069000,1136000.0,2312000.0,-4870000.0,-0.139638,-7193000.0,-0.206245,0.0,-8318000.0,-0.238502,171000.0,-8489000.0,-0.243405,-0.15999,-0.15999,53059000,53059000,https://www.sec.gov/Archives/edgar/data/1550695/000155069519000034/0001550695-19-000034-index.html,https://www.sec.gov/Archives/edgar/data/1550695/000155069519000034/a10q03312019.htm
2018-12-31,PFMT,2019-04-01,2019-04-01 16:41:18,Q4,39730000,0.0,0.0,1.0,0.0,27782000,0.0,12409000,43179000,43179000,1165000.0,2633000.0,-807000.0,-0.020312,-3449000.0,-0.086811,0.0,-4605000.0,-0.115907,660000.0,-5265000.0,-0.13252,-0.06269,-0.06269,53000000,53000000,https://www.sec.gov/Archives/edgar/data/1550695/000155069519000022/a10k12312018.htm,https://www.sec.gov/Archives/edgar/data/1550695/000155069519000022/a10k12312018.htm
2018-09-30,PFMT,2018-11-14 00:00:00,2018-11-14 16:51:25,Q3,27581000,0.0,0.0,1.0,0.0,24276000,0.0,10505000,34781000,34781000,1123000.0,2490999.9999999995,-4703000.0,-0.170516,-7200000.0,-0.261049,0.0,-8317000.0,-0.301548,-708000.0,-7609000.0,-0.275878,-0.14554,-0.14554,52281000,52281000,https://www.sec.gov/Archives/edgar/data/1550695/000155069518000055/0001550695-18-000055-index.html,https://www.sec.gov/Archives/edgar/data/1550695/000155069518000055/a10q09302018.htm
2018-06-30,PFMT,2018-08-10,2018-08-09 20:43:18,Q2,31336000,0.0,31336000.0,1.0,0.0,22305000,0.0,12399000,34704000,34704000,1141000.0,2870000.0,-498000.0,-0.01589226448812867,-3368000.0,-0.10748021444983406,0.0,-4502000.0,-0.14366862394689814,-911000.0,-3591000.0,-0.11459663007403625,-0.07,-0.07,51483000,53501000,https://www.sec.gov/Archives/edgar/data/1550695/000155069518000030/0001550695-18-000030-index.htm,https://www.sec.gov/Archives/edgar/data/1550695/000155069518000030/a10q06302018.htm
2018-03-31,PFMT,2018-05-09,2018-05-09 16:19:01,Q1,57021000,0.0,57021000.0,1.0,0.0,21781000,0.0,23020000,44801000,44801000,1270000.0,2907000.0,15127000.0,0.265288227144,12220000.0,0.214307009698,0.0,10956000.0,0.192139737991,2501000.0,8455000.0,0.148278704337,0.16,0.16,51320000,53455000,https://www.sec.gov/Archives/edgar/data/1550695/000155069518000016/0001550695-18-000016-index.htm,https://www.sec.gov/Archives/edgar/data/1550695/000155069518000006/a10k12312017.htm
2017-12-31,PFMT,2018-03-14,2018-03-14 16:26:03,FY,33289000,0.0,33289000.0,1.0,0.0,20551000,0.0,13925000,34476000,34476000,1289000.0,2854000.0,1667000.0,0.0500766018805,-1187000.0,-0.035657424374417976,0.0,-2472000.0,-0.07425876415632791,-2993000.0,521000.0,0.0156508155847,0.01,0.01,50688000,50688000,https://www.sec.gov/Archives/edgar/data/1550695/000155069518000006/0001550695-18-000006-index.htm,https://www.sec.gov/Archives/edgar/data/1550695/000155069518000006/a10k12312017.htm
2017-09-30,PFMT,2017-11-13,2017-11-13 16:23:09,Q3,29744000,0.0,29744000.0,1.0,0.0,20494000,0.0,13496000,33990000,33990000,2459000.0,3006000.0,-1240000.0,-0.04168908015061861,-4246000.0,-0.14275147928994084,0.0,-6705000.0,-0.22542361484669177,1146000.0,-7851000.0,-0.26395239376008606,-0.15,-0.15,50581000,50581000,https://www.sec.gov/Archives/edgar/data/1550695/000155069517000042/0001550695-17-000042-index.htm,https://www.sec.gov/Archives/edgar/data/1550695/000155069517000042/a10q09302017.htm
2017-06-30,PFMT,2017-08-09,2017-08-09 09:19:44,Q2,35907000,0.0,35907000.0,1.0,0.0,20450000,0.0,16082000,36532000,36532000,1618000.0,3224000.0,2599000.0,0.0723814298048,-625000.0,-0.017406076809535743,0.0,-2243000.0,-0.06246692845406188,197000.0,-2440000.0,-0.06795332386442755,-0.05,-0.05,50443000,50443000,https://www.sec.gov/Archives/edgar/data/1550695/000155069517000030/0001550695-17-000030-index.htm,https://www.sec.gov/Archives/edgar/data/1550695/000155069517000030/a10q06302017.htm
2017-03-31,PFMT,2017-05-10,2017-05-09 20:57:55,Q1,33109000,0.0,33109000.0,1.0,0.0,20696000,0.0,13441000,34137000,34137000,1606000.0,3140000.0,2112000.0,0.0637893020025,-1028000.0,-0.031048959497417622,0.0,-2634000.0,-0.07955540789513425,325000.0,-2959000.0,-0.08937146999305325,-0.06,-0.06,50304000,50304000,https://www.sec.gov/Archives/edgar/data/1550695/000155069517000019/0001550695-17-000019-index.htm,https://www.sec.gov/Archives/edgar/data/1550695/000155069517000005/a2016123110k.htm
2016-12-31,PFMT,2017-03-13,2017-03-13 16:48:20,FY,33812000,0.0,33812000.0,1.0,0.0,18756000,0.0,30022000,48778000,48778000,1761000.0,19110000.0,4144000.0,0.122560037856,-14966000.0,-0.44262392050159705,0.0,-16727000.0,-0.49470602153081744,-4432000.0,-12295000.0,-0.36362829764580623,-0.25,-0.25,50038000,50038000,https://www.sec.gov/Archives/edgar/data/1550695/000155069517000005/0001550695-17-000005-index.htm,https://www.sec.gov/Archives/edgar/data/1550695/000155069517000005/a2016123110k.htm
2016-09-30,PFMT,2016-11-08,2016-11-08 16:43:56,Q3,31195000,0.0,31195000.0,1.0,0.0,18710000,0.0,12311000,31021000,31021000,1863000.0,3616000.0,3790000.0,0.121493829139,174000.0,0.00557781695785,0.0,-1689000.0,-0.0541432921942619,-974000.0,-715000.0,-0.02292033979804456,-0.01,-0.01,49974000,50401000,https://www.sec.gov/Archives/edgar/data/1550695/000162828016021025/0001628280-16-021025-index.htm,https://www.sec.gov/Archives/edgar/data/1550695/000162828016021025/a10q09302016.htm
2016-06-30,PFMT,2016-08-05,2016-08-05 16:50:16,Q2,38074000,0.0,38074000.0,1.0,0.0,20060000,0.0,13733000,33793000,33793000,1841000.0,3687000.0,7968000.0,0.209276671744,4281000.0,0.112438934706,0.0,2440000.0,0.0640857277932,963000.0,1477000.0,0.0387928770289,0.03,0.03,49860000,50347000,https://www.sec.gov/Archives/edgar/data/1550695/000155069516000067/0001550695-16-000067-index.htm,https://www.sec.gov/Archives/edgar/data/1550695/000155069516000067/a10q06302016.htm
2016-03-31,PFMT,2016-05-06,2016-05-06 13:18:53,Q1,38279000,0.0,38279000.0,1.0,0.0,21337000,0.0,14357000,35694000,35694000,2432000.0,3669000.0,6254000.0,0.163379398626,2585000.0,0.0675304997518,0.0,153000.0,0.00399696961781,73000.0,80000.0,0.00208991875441,0.0,0.0,49643000,50189000,https://www.sec.gov/Archives/edgar/data/1550695/000155069516000058/0001550695-16-000058-index.htm,https://www.sec.gov/Archives/edgar/data/1550695/000155069516000050/a2015123110k.htm
2015-12-31,PFMT,2016-03-15,2016-03-15 13:30:48,FY,41054000,0.0,41054000.0,1.0,0.0,20482000,0.0,15795000,36277000,36277000,2089000.0,3559000.0,8336000.0,0.203049641935,4777000.0,0.116358941881,0.0,2688000.0,0.0654747405856,493000.0,2195000.0,0.0534661665124,0.04,0.04,49415000,49415000,https://www.sec.gov/Archives/edgar/data/1550695/000155069516000050/0001550695-16-000050-index.htm,https://www.sec.gov/Archives/edgar/data/1550695/000155069516000050/a2015123110k.htm
2015-09-30,PFMT,2015-11-09,2015-11-06 21:14:40,Q3,38506000,0.0,38506000.0,1.0,0.0,21729000,0.0,14096000,35825000,35825000,2137000.0,3532000.0,6213000.0,0.161351477692,2681000.0,0.0696255129071,0.0,544000.0,0.0141276684153,858000.0,-314000.0,-0.008154573313249883,-0.01,-0.01,49394000,49394000,https://www.sec.gov/Archives/edgar/data/1550695/000155069515000043/0001550695-15-000043-index.htm,https://www.sec.gov/Archives/edgar/data/1550695/000155069515000043/a10q09302015.htm
2015-06-30,PFMT,2015-08-07,2015-08-07 16:34:30,Q2,41262000,0.0,41262000.0,1.0,0.0,22142000,0.0,15510000,37652000,37652000,2278000.0,3623000.0,7233000.0,0.175294459794,3610000.0,0.0874896999661,0.0,1332000.0,0.0322815181038,606000.0,726000.0,0.017594881489,0.02,0.02,49373000,49373000,https://www.sec.gov/Archives/edgar/data/1550695/000155069515000033/0001550695-15-000033-index.htm,https://www.sec.gov/Archives/edgar/data/1550695/000155069515000033/a10q06302015.htm
2015-03-31,PFMT,2015-05-08,2015-05-08 17:14:13,Q1,38559000,0.0,38559000.0,1.0,0.0,23724000,0.0,19195000,42919000,42919000,2385000.0,3896000.0,-464000.0,-0.012033507093026271,-4360000.0,-0.11307347182240203,0.0,-6745000.0,-0.17492673565185818,-2343000.0,-4402000.0,-0.11416271168858114,-0.09,-0.09,49357000,49357000,https://www.sec.gov/Archives/edgar/data/1550695/000155069515000022/0001550695-15-000022-index.htm,https://www.sec.gov/Archives/edgar/data/1550695/000155069515000008/a2014123110k.htm
2014-12-31,PFMT,2015-03-13,2015-03-13 09:35:16,FY,39695000,0.0,39695000.0,1.0,0.0,22440000,0.0,18129000,40569000,40569000,2406000.0,3682000.0,2808000.0,0.0707393878322,-874000.0,-0.022017886383675526,0.0,-3279000.0,-0.08260486207330899,-900000.0,-2379000.0,-0.05993198135785363,-0.05,-0.05,48816000,49834000,https://www.sec.gov/Archives/edgar/data/1550695/000155069515000008/0001550695-15-000008-index.htm,https://www.sec.gov/Archives/edgar/data/1550695/000155069515000008/a2014123110k.htm
2014-09-30,PFMT,2014-11-10,2014-11-10 14:36:58,Q3,39640000,0.0,39640000.0,1.0,0.0,22180000,0.0,15658000,37838000,37838000,2456000.0,3361000.0,5163000.0,0.130247225025,1802000.0,0.0454591321897,0.0,-654000.0,-0.01649848637739657,-175000.0,-479000.0,-0.012083753784056508,-0.01,-0.01,48641000,49758000,https://www.sec.gov/Archives/edgar/data/1550695/000155069514000031/0001550695-14-000031-index.htm,https://www.sec.gov/Archives/edgar/data/1550695/000155069514000031/a10q09302014.htm
2014-06-30,PFMT,2014-08-08,2014-08-08 15:17:24,Q2,57419000,0.0,57419000.0,1.0,0.0,24269000,0.0,20381000,44650000,44650000,2605000.0,3354000.0,16123000.0,0.280795555478,12769000.0,0.22238283495,0.0,10164000.0,0.177014577056,4251000.0,5913000.0,0.102979849875,0.12,0.12,48457000,49662000,https://www.sec.gov/Archives/edgar/data/1550695/000155069514000023/0001550695-14-000023-index.htm,https://www.sec.gov/Archives/edgar/data/1550695/000155069514000023/pfmt-2014630x10q.htm
2014-03-31,PFMT,2014-05-09,2014-05-09 14:46:16,Q1,58624000,0.0,58624000.0,1.0,0.0,24787000,0.0,20265000,45052000,45052000,2704000.0,3230000.0,16802000.0,0.286606168122,13572000.0,0.231509279476,0.0,10868000.0,0.185384825328,4523000.0,6345000.0,0.108232123362,0.13,0.13,48427000,49639000,https://www.sec.gov/Archives/edgar/data/1550695/000155069514000014/0001550695-14-000014-index.htm,https://www.sec.gov/Archives/edgar/data/1550695/000155069514000005/a2013123110k.htm
2013-12-31,PFMT,2014-03-14,2014-03-14 13:46:52,FY,59976000,0.0,59976000.0,1.0,0.0,23820000,0.0,20357000,44177000,44177000,2812000.0,3123000.0,18922000.0,0.315492863812,15799000.0,0.263422035481,0.0,12988000.0,0.216553287982,5119000.0,7869000.0,0.131202480992,0.17,0.16,47492000,49386000,https://www.sec.gov/Archives/edgar/data/1550695/000155069514000005/0001550695-14-000005-index.htm,https://www.sec.gov/Archives/edgar/data/1550695/000155069514000005/a2013123110k.htm
2013-09-30,PFMT,2013-11-08,2013-11-08 16:54:11,Q3,76808000,0.0,76808000.0,1.0,0.0,25060000,0.0,23563000,48623000,48623000,2863000.0,3000000.0,31185000.0,0.406012394542,28185000.0,0.366953963129,0.0,25322000.0,0.329679200083,9868000.0,15454000.0,0.201202999688,0.32,0.32,47247000,49315000,https://www.sec.gov/Archives/edgar/data/1550695/000155069513000008/0001550695-13-000008-index.htm,https://www.sec.gov/Archives/edgar/data/1550695/000155069513000008/pfmt-2013930x10q.htm
2013-06-30,PFMT,2013-08-09,2013-08-08 21:26:09,Q2,69155000,0.0,69155000.0,1.0,0.0,23900000,0.0,22883000,46783000,46783000,2924000.0,2956000.0,25328000.0,0.36624972887,22372000.0,0.323505169547,0.0,19448000.0,0.281223338876,8253000.0,11195000.0,0.161882727207,0.24,0.22,46840000,49205000,https://www.sec.gov/Archives/edgar/data/1550695/000119312513327590/0001193125-13-327590-index.htm,https://www.sec.gov/Archives/edgar/data/1550695/000119312513327590/d540171d10q.htm
2013-03-31,PFMT,2013-05-10,2013-05-10 16:00:29,Q1,49363000,0.0,49363000.0,1.0,0.0,23982000,0.0,18868000,42850000,42850000,2965000.0,2823000.0,9336000.0,0.189129509957,6513000.0,0.131940927415,0.0,3548000.0,0.0718756963718,1727000.0,1821000.0,0.0368899783238,0.04,0.04,46121000,49007000,https://www.sec.gov/Archives/edgar/data/1550695/000119312513214089/0001193125-13-214089-index.htm,https://www.sec.gov/Archives/edgar/data/1550695/000119312513119713/d459986d10k.htm
2012-12-31,PFMT,2013-03-21,2013-03-21 17:08:29,FY,55974000,0.0,55974000.0,1.0,0.0,23576000,0.0,18252000,41828000,41828000,3085000.0,2829000.0,16975000.0,0.303265801979,14146000.0,0.252724479222,0.0,11061000.0,0.197609604459,5088000.0,5973000.0,0.106710258334,0.14,0.12,43985000,47599000,https://www.sec.gov/Archives/edgar/data/1550695/000119312513119713/0001193125-13-119713-index.htm,https://www.sec.gov/Archives/edgar/data/1550695/000119312513119713/d459986d10k.htm
2012-09-30,PFMT,,Not found...,Q3,154099000,0.0,154099000.0,1.0,0.0,59426000,0.0,53053000,112479000,112479000,9329000.0,7948000.0,49568000.0,0.32166334629,41620000.0,0.270086113473,0.0,28676000.0,0.186088164102,11698000.0,16978000.0,0.110175925866,0.34,0.32,43519000,47164000,updating...,
