date,symbol,fillingDate,acceptedDate,period,revenue,costOfRevenue,grossProfit,grossProfitRatio,researchAndDevelopmentExpenses,generalAndAdministrativeExpenses,sellingAndMarketingExpenses,otherExpenses,operatingExpenses,costAndExpenses,interestExpense,depreciationAndAmortization,ebitda,ebitdaratio,operatingIncome,operatingIncomeRatio,totalOtherIncomeExpensesNet,incomeBeforeTax,incomeBeforeTaxRatio,incomeTaxExpense,netIncome,netIncomeRatio,eps,epsdiluted,weightedAverageShsOut,weightedAverageShsOutDil,link,finalLink
2020-06-30,XAIR,2020-08-06 00:00:00,2020-08-06 17:27:52,Q1,229160.0,0.0,0.0,1.0,4331810.0,2494010.0,0.0,0.0,6825830.0,6825830.0,163240.0,43170.0,-6535390.0,-28.518895,-6596670.0,-28.786307,1840.0,-6741800.0,-29.419619,0.0,-6741800.0,-29.419619,-0.40787,-0.40787,16529390.0,16529390.0,https://www.sec.gov/Archives/edgar/data/1641631/000149315220014898/0001493152-20-014898-index.htm,https://www.sec.gov/Archives/edgar/data/1641631/000149315220014898/form10-q.htm
2020-03-31,XAIR,2020-06-23,2020-06-23 17:21:25,Q4,1390100.0,0.0,0.0,-1.0,10648920.0,8883120.0,0.0,0.0,19532040.0,19532040.0,30543.0,102389.99999999999,-19963867.0,-14.361461,-18141940.0,-13.050816,0.0,-20096800.0,-14.457089,-154300.0,-19942500.0,-14.34609,-1.7786,-1.7786,11506210.0,11506210.0,https://www.sec.gov/Archives/edgar/data/1641631/000149315220011662/form10-k.htm,https://www.sec.gov/Archives/edgar/data/1641631/000149315220011662/form10-k.htm
2019-12-31,XAIR,2020-02-07 00:00:00,2020-02-07 17:01:14,Q3,314380.0,0.0,0.0,1.0,2580620.0,2471710.0,0.0,0.0,5052340.0,5052340.0,342350.0,32709.999999999996,-4020550.0,-12.788822,-4737960.0,-15.070806,0.0,-4395610.0,-13.981837,0.0,-4395610.0,-13.981837,-0.43147,-0.43147,11398410.0,11398410.0,https://www.sec.gov/Archives/edgar/data/1641631/000149315220001805/0001493152-20-001805-index.html,https://www.sec.gov/Archives/edgar/data/1641631/000149315220001805/form10q.htm
2019-09-30,XAIR,2019-11-06 00:00:00,2019-11-06 17:01:25,Q2,645600.0,0.0,0.0,1.0,2849990.0,2064870.0,0.0,0.0,4914860.0,4914860.0,171520.0,6070.000000000006,-3920150.0,-6.072103,-4269260.0,-6.612856,0.0,-4097740.0,-6.347181,0.0,-4097740.0,-6.347181,-0.38299,-0.38299,10699370.0,10699370.0,https://www.sec.gov/Archives/edgar/data/1641631/000149315219016559/0001493152-19-016559-index.html,https://www.sec.gov/Archives/edgar/data/1641631/000149315219016559/form10-q.htm
2019-06-30,XAIR,2019-08-14,2019-08-14 16:46:36,Q1,627470.0,0.0,0.0,1.0,2323510.0,2182560.0,0.0,0.0,4506070.0,4506070.0,-2302220.0,90950.0,-8392090.0,-13.374488,-3878600.0,-6.181331,0.0,-6180820.0,-9.850383,0.0,-6180820.0,-9.850383,-0.67169,-0.67169,9201860.0,9201860.0,https://www.sec.gov/Archives/edgar/data/1641631/000149315219009826/form10-k.htm,https://www.sec.gov/Archives/edgar/data/1641631/000149315219009826/form10-k.htm
2019-03-31,XAIR,2019-06-28,2019-06-27 18:48:50,Q4,7724000.0,0.0,0.0,1.0,1630290.0,2580190.0,0.0,3495000.0,4210480.0,4210480.0,-3571310.0,18570.000000000004,-3610660.0,-0.46746,3513520.0,0.454883,-140.0,-57920.0,-0.007499,0.0,-57920.0,-0.007499,-0.00674,-0.00674,8595370.0,8595370.0,https://www.sec.gov/Archives/edgar/data/1641631/000149315219009826/form10-k.htm,https://www.sec.gov/Archives/edgar/data/1641631/000149315219009826/form10-k.htm
2018-12-31,XAIR,2019-02-14 00:00:00,2019-02-14 16:31:19,Q3,0.0,0.0,0.0,1.0,588260.0,1814310.0,0.0,-2897000.0,2402560.0,2402560.0,29650.0,16220.0,-2320650.0,3.26533778452,-2402560.0,3.25980758725,6390.0,-2366520.0,0.292404248862,0.0,-2366520.0,0.292404248862,-0.27742,-0.27742,8530580.0,8530580.0,https://www.sec.gov/Archives/edgar/data/1641631/000149315219002083/0001493152-19-002083-index.html,https://www.sec.gov/Archives/edgar/data/1641631/000149315219002083/form10-q.htm
2018-09-30,XAIR,2018-11-14 00:00:00,2018-11-14 17:10:14,Q2,0.0,0.0,0.0,1.0,650000.0,1770000.0,0.0,0.0,2410000.0,2410000.0,30000.0,19999.999999999996,-2340000.0,1.17024390244,-2410000.0,1.17707317073,-10000.0,-2390000.0,2.17707317073,0.0,-2390000.0,2.17707317073,-0.28,-0.28,8440000.0,8440000.0,https://www.sec.gov/Archives/edgar/data/1641631/000149315218016188/0001493152-18-016188-index.html,https://www.sec.gov/Archives/edgar/data/1641631/000149315218016188/form10-q.htm
2018-06-30,XAIR,2018-08-14 00:00:00,2018-08-14 08:02:06,Q1,0.0,0.0,0.0,1.0,1060000.0,690000.0,0.0,0.0,1760000.0,1760000.0,40000.0,10000.0,-1670000.0,1.39919678715,-1760000.0,1.41044176707,0.0,-1720000.0,2.41044176707,0.0,-1720000.0,2.41044176707,-0.2,-0.2,8430000.0,8430000.0,https://www.sec.gov/Archives/edgar/data/1641631/000149315218011616/0001493152-18-011616-index.html,https://www.sec.gov/Archives/edgar/data/1641631/000149315218011616/form10-q.htm
2018-03-31,XAIR,,,Q4,0.0,0.0,0.0,0.0,1640000.0,800000.0,0.0,0.0,2440000.0,2440000.0,0.0,20000.0,1070000.0,0.0,-2440000.0,0.0,3490000.0,1050000.0,0.0,0.0,1050000.0,0.0,0.14,0.14,7250000.0,7250000.0,,
2017-12-31,XAIR,2018-06-15,2018-06-15 13:14:21,Q3,0.0,0.0,0.0,-1.0,1220000.0,1170000.0,0.0,0.0,2380000.0,2380000.0,0.0,20000.0,-1720000.0,0.339114232478,-2380000.0,0.341550809804,650000.0,-1740000.0,0.249104199513,-10000.0,-1730000.0,0.248244231045,-0.28,-0.28,6100000.0,6100000.0,https://www.sec.gov/Archives/edgar/data/1641631/000149315218008764/form10-kt.htm,https://www.sec.gov/Archives/edgar/data/1641631/000149315218008764/form10-kt.htm
2017-09-30,XAIR,2017-11-03 00:00:00,2017-11-03 12:07:22,Q2,0.0,0.0,0.0,0.0,1190000.0,860000.0,0.0,0.0,2060000.0,2060000.0,0.0,0.0,-7150000.0,0.0,-2060000.0,0.0,-5090000.0,-7150000.0,0.0,0.0,-7150000.0,0.0,-1.18,-1.18,6050000.0,6050000.0,https://www.sec.gov/Archives/edgar/data/1641631/000117891317002998/0001178913-17-002998-index.html,https://www.sec.gov/Archives/edgar/data/1641631/000117891317002998/zk1720673.htm
2017-06-30,XAIR,2017-08-11 00:00:00,2017-08-11 11:56:49,Q1,0.0,0.0,0.0,0.0,590000.0,2480000.0,0.0,0.0,3070000.0,3070000.0,0.0,10000.0,-2870000.0,0.0,-3070000.0,0.0,190000.0,-2880000.0,0.0,0.0,-2880000.0,0.0,-0.46,-0.46,6240000.0,6240000.0,https://www.sec.gov/Archives/edgar/data/1641631/000117891317002381/0001178913-17-002381-index.html,https://www.sec.gov/Archives/edgar/data/1641631/000117891317002381/zk1720383.htm
2017-03-31,XAIR,2017-05-15 00:00:00,2017-05-15 16:46:17,Q4,0.0,0.0,0.0,0.0,1440000.0,2120000.0,0.0,0.0,3560000.0,3560000.0,-1080000.0,10000.0,-7340000.0,0.0,-3560000.0,0.0,-1640000.0,-6280000.0,0.0,10000.0,-6280000.0,0.0,-1.12,-1.12,5620000.0,5620000.0,https://www.sec.gov/Archives/edgar/data/1641631/000117891317001480/0001178913-17-001480-index.html,https://www.sec.gov/Archives/edgar/data/1641631/000117891317001480/zk1719951.htm
2016-12-31,XAIR,2017-03-31,2017-03-31 14:25:43,Q3,0.0,0.0,0.0,-0.23527101890565602,0.0,60000.0,0.0,-3077273000.0,60000.0,60000.0,-15546105.0,0.0,-15606105.0,-0.0739936051676,-60000.0,-0.101881017287,0.0,-60000.0,-0.107538032577,0.0,-60000.0,-0.107867821248,-0.57,-0.57,100000.0,100000.0,https://www.sec.gov/Archives/edgar/data/1641631/000147793217001466/att_10k.htm,https://www.sec.gov/Archives/edgar/data/1641631/000147793217001466/att_10k.htm
2016-09-30,XAIR,2016-11-14 00:00:00,2016-11-14 14:02:48,Q2,0.0,0.0,0.0,0.0,0.0,10000.0,0.0,0.0,10000.0,10000.0,454000.0,0.0,444000.0,0.0,-10000.0,0.0,0.0,-10000.0,0.0,0.0,-10000.0,0.0,-0.09,-0.09,100000.0,100000.0,https://www.sec.gov/Archives/edgar/data/1641631/000107878216003766/0001078782-16-003766-index.html,https://www.sec.gov/Archives/edgar/data/1641631/000107878216003766/f10q093016_10q.htm
2016-06-30,XAIR,2016-10-13,2016-10-13 13:47:40,Q1,0.0,0.0,0.0,0.0,0.0,20000.0,0.0,0.0,20000.0,20000.0,462000.0,0.0,442000.0,0.0,-20000.0,0.0,0.0,-20000.0,0.0,0.0,-20000.0,0.0,-0.17,-0.17,100000.0,100000.0,https://www.sec.gov/Archives/edgar/data/1641631/000107878216003604/f10k063016_10k.htm,https://www.sec.gov/Archives/edgar/data/1641631/000107878216003604/f10k063016_10k.htm
2016-03-31,XAIR,2016-05-12 00:00:00,2016-05-12 15:44:56,Q4,0.0,0.0,0.0,0.0,0.0,0.0,0.0,0.0,0.0,0.0,151000.0,0.0,151000.0,0.0,0.0,0.0,0.0,0.0,0.0,0.0,0.0,0.0,-0.03,-0.03,100000.0,100000.0,https://www.sec.gov/Archives/edgar/data/1641631/000107878216002784/0001078782-16-002784-index.html,https://www.sec.gov/Archives/edgar/data/1641631/000107878216002784/f10q033116_10q.htm
2015-12-31,XAIR,2016-02-23 00:00:00,2016-02-23 13:19:10,Q3,0.0,0.0,0.0,0.0,0.0,0.0,0.0,0.0,0.0,0.0,0.0,0.0,0.0,0.0,0.0,0.0,0.0,0.0,0.0,0.0,0.0,0.0,-0.03,-0.03,100000.0,100000.0,https://www.sec.gov/Archives/edgar/data/1641631/000107878216002362/0001078782-16-002362-index.html,https://www.sec.gov/Archives/edgar/data/1641631/000107878216002362/f10q123115_10q.htm
2015-09-30,XAIR,,,Q2,0.0,0.0,0.0,0.0,0.0,10000.0,0.0,0.0,10000.0,10000.0,0.0,0.0,-10000.0,0.0,-10000.0,0.0,0.0,-10000.0,0.0,0.0,-10000.0,0.0,-0.06,-0.06,100000.0,100000.0,,
