date,symbol,fillingDate,acceptedDate,period,cashAndCashEquivalents,shortTermInvestments,cashAndShortTermInvestments,netReceivables,inventory,otherCurrentAssets,totalCurrentAssets,propertyPlantEquipmentNet,goodwill,intangibleAssets,goodwillAndIntangibleAssets,longTermInvestments,taxAssets,otherNonCurrentAssets,totalNonCurrentAssets,otherAssets,totalAssets,accountPayables,shortTermDebt,taxPayables,deferredRevenue,otherCurrentLiabilities,totalCurrentLiabilities,longTermDebt,deferredRevenueNonCurrent,deferredTaxLiabilitiesNonCurrent,otherNonCurrentLiabilities,totalNonCurrentLiabilities,otherLiabilities,totalLiabilities,commonStock,retainedEarnings,accumulatedOtherComprehensiveIncomeLoss,othertotalStockholdersEquity,totalStockholdersEquity,totalLiabilitiesAndStockholdersEquity,totalInvestments,totalDebt,netDebt,link,finalLink
2019-12-31,MITT,2020-02-28 00:00:00,2020-02-28 16:39:52,FY,81692000,0,81692000,15245000,0,0,0,0,0,0,0,3623918000,0,43831000,0,43831000,4347817000,6333000,3233468000,0,0,15549000,3274423000,224348000,0,0,1957000,224348000,1957000,3498771000,327000,-85921000,0,0,849046000,4347817000,3623918000,3457816000,3376124000,https://www.sec.gov/Archives/edgar/data/1514281/000151428120000018/0001514281-20-000018-index.html,https://www.sec.gov/Archives/edgar/data/1514281/000151428120000018/agmortgage10k12312019.htm
2018-12-31,MITT,2019-02-27 00:00:00,2019-02-27 17:26:13,FY,31579000,0,31579000,24826000,0,0,0,138678000,0,0,0,3007717000,0,52779000,-3848310000,52779000,3548926000,11757000,2822505000,0,0,27423000,2882057000,10858000,0,1673000,317000,10858000,317000,2892915000,287000,-100902000,0,0,656011000,3548926000,3007717000,2833363000,2801784000,https://www.sec.gov/Archives/edgar/data/1514281/000151428119000022/0001514281-19-000022-index.html,https://www.sec.gov/Archives/edgar/data/1514281/000151428119000022/agmortgage10k12312018.htm
2017-12-31,MITT,2018-02-28 00:00:00,2018-02-28 16:53:00,FY,15199660,0,15199660,38129220,0,0,0,0,0,0,0,3617322610,0,37615280,248945586,37615280,3789295380,8368670,3004407020,1545448000,0,39316260,3058558370,16477800,0,1545448,450210,16477800,450210,3075036170,281930,-32767020,0,0,714259210,3789295380,3617322610,3020884820,3005685160,https://www.sec.gov/Archives/edgar/data/1514281/000114420418011808/0001144204-18-011808-index.html,https://www.sec.gov/Archives/edgar/data/1514281/000114420418011808/tv484756_10k.htm
2016-12-31,MITT,2017-03-01 00:00:00,2017-03-01 15:37:36,FY,52469890,0,52469890,35828850,0,0,0,0,0,0,0,2406194220,0,26583530,234038642,26583530,2628644570,5179320,1900509810,1717883000,0,39040460,1951276470,21491710,0,1717883,2907260,21491710,2907260,1972768180,277000,-81890940,0,0,655876390,2628644570,2406194220,1922001520,1869531630,https://www.sec.gov/Archives/edgar/data/1514281/000114420417012099/0001144204-17-012099-index.html,https://www.sec.gov/Archives/edgar/data/1514281/000114420417012099/v459504_10k.htm
2015-12-31,MITT,2016-02-26 00:00:00,2016-02-26 17:51:31,FY,46253290,0,46253290,36058950,0,0,0,0,0,0,0,2901863620,0,32200560,471704959,32200560,3164076230,8346100,2431857460,1714716000,0,15210860,2467084660,30046860,0,1714716,6863770,30046860,6863770,2497131520,282860,-79134150,0,0,666944710,3164076230,2901863620,2461904320,2415651030,https://www.sec.gov/Archives/edgar/data/1514281/000114420416084692/0001144204-16-084692-index.html,https://www.sec.gov/Archives/edgar/data/1514281/000114420416084692/v431646_10k.htm
2014-12-31,MITT,2015-03-02,2015-03-02 16:28:01,FY,64363510,0,64363510,16472930,0,0,0,0,0,0,0,3163275160,0,34477980,266549029,34477980,3458405130,8865960,2644955950,1743516000,0,18775130,2685952080,39777910,0,1743516,8608210,39777910,8608210,2725729990,283860,-14874470,0,0,732675140,3458405130,3163275160,2684733860,2620370350,https://www.sec.gov/Archives/edgar/data/1514281/000114420415013300/v401642_10k.htm,https://www.sec.gov/Archives/edgar/data/1514281/000114420415013300/v401642_10k.htm
2013-12-31,MITT,2014-02-28,2014-02-28 14:42:02,FY,86200000,0,86200000,40900000,0,0,0,0,0,0,0,3497700000,0,3600000,3625993551,3600000,3684700000,35200000,2891600000,1490329000,0,46000000,0,0,0,1490329,2200000,1490329,2200000,2980300000,300000,-42700000,0,0,704400000,3684700000,3497700000,2891600000,2805400000,https://www.sec.gov/Archives/edgar/data/1514281/000114420414012449/v368440_10k.htm,https://www.sec.gov/Archives/edgar/data/1514281/000114420414012449/v368440_10k.htm
2012-12-31,MITT,2013-03-06 00:00:00,2013-03-06 15:45:12,FY,149600000,0,149600000,115100000,0,0,0,0,0,0,0,4581300000,0,9100000,4609661500,9100000,4855600000,88600000,3911400000,0,0,18500000,0,0,0,0,36400000,0,36400000,4060900000,300000,81100000,0,0,794600000,4855600000,4581300000,3911400000,3761800000,https://www.sec.gov/Archives/edgar/data/1514281/000114420413013218/0001144204-13-013218-index.html,https://www.sec.gov/Archives/edgar/data/1514281/000114420413013218/v335530_10k.htm
2011-12-31,MITT,2012-03-19 00:00:00,2012-03-19 16:58:44,FY,35900000,0,35900000,4700000,0,0,0,0,0,0,0,1348900000,0,3000000,1354135062,3000000,1394200000,19900000,1150100000,0,0,7000000,0,0,0,0,9600000,0,9600000,1187900000,100000,8000000,0,0,206300000,1394200000,1348900000,1150100000,1114200000,https://www.sec.gov/Archives/edgar/data/1514281/000119312512121710/0001193125-12-121710-index.html,https://www.sec.gov/Archives/edgar/data/1514281/000119312512121710/d276752d10k.htm
