date,symbol,fillingDate,acceptedDate,period,cashAndCashEquivalents,shortTermInvestments,cashAndShortTermInvestments,netReceivables,inventory,otherCurrentAssets,totalCurrentAssets,propertyPlantEquipmentNet,goodwill,intangibleAssets,goodwillAndIntangibleAssets,longTermInvestments,taxAssets,otherNonCurrentAssets,totalNonCurrentAssets,otherAssets,totalAssets,accountPayables,shortTermDebt,taxPayables,deferredRevenue,otherCurrentLiabilities,totalCurrentLiabilities,longTermDebt,deferredRevenueNonCurrent,deferredTaxLiabilitiesNonCurrent,otherNonCurrentLiabilities,totalNonCurrentLiabilities,otherLiabilities,totalLiabilities,commonStock,retainedEarnings,accumulatedOtherComprehensiveIncomeLoss,othertotalStockholdersEquity,totalStockholdersEquity,totalLiabilitiesAndStockholdersEquity,totalInvestments,totalDebt,netDebt,link,finalLink
2019-12-31,NETE,,,FY,486600.0,0.0,486600.0,6560930.0,0.0,1621150.0,8668680.0,380990.0,7681190.0,5678650.0,13359840.0,0.0,0.0,629650.0,14370470.0,629650.0,23039150.0,6037830.0,0.0,0.0,1401117.0,1527780.0,10408770.0,8342460.0,0.0,0.0,247260.0,8357720.0,247260.0,18766490.0,410.0,-178750630.0,0.0,-2274190.0,4272660.0,23039150.0,0.0,9251550.0,8764950.0,,
2018-12-31,NETE,,,FY,1645480.0,0.0,1645480.0,6290410.0,0.0,1749220.0,9685110.0,25340.0,9007750.0,6441740.0,15449490.0,0.0,0.0,604070.0,16078900.0,604070.0,25764010.0,6368440.0,0.0,0.0,1495849.0,1883660.0,11221500.0,5946050.0,0.0,0.0,0.0,5820310.0,0.0,17041810.0,390.0,-172292250.0,0.0,-2232160.0,8722200.0,25764010.0,0.0,6379500.0,4734020.0,,
2017-12-31,NETE,,,FY,11285670.0,0.0,11285670.0,5472860.0,0.0,2282610.0,19041140.0,58270.0,9643750.0,3127760.0,12771510.0,0.0,0.0,460510.0,13290290.0,460510.0,32331430.0,6785460.0,0.0,0.0,1712591.0,1712590.0,14666450.0,4521450.0,0.0,0.0,0.0,4482270.0,0.0,19148720.0,390.0,-167356070.0,0.0,-2580820.0,13182710.0,32331430.0,0.0,7015420.0,-4270250.0,,
2016-12-31,NETE,,,FY,621640.0,0.0,621640.0,7126430.0,0.0,1467890.0,9215960.0,117300.0,9643750.0,3589850.0,13233600.0,0.0,0.0,603210.0,13954110.0,603210.0,23170070.0,7510110.0,0.0,0.0,1355972.0,1654980.0,15492890.0,3615780.0,0.0,0.0,0.0,3686160.0,0.0,19179050.0,1540.0,-157442590.0,0.0,-2486620.0,3991020.0,23170070.0,0.0,4424760.0,3803120.0,,
2015-12-31,NETE,,,FY,1025750.0,0.0,1025750.0,5198990.0,0.0,1106020.0,7330760.0,162120.0,9643750.0,5423880.0,15067630.0,0.0,0.0,353050.0,15582800.0,353050.0,22913560.0,5858840.0,200000.0,0.0,743910.0,1073790.0,10426130.0,3446560.0,0.0,0.0,0.0,3645480.0,0.0,14071610.0,1130.0,-143955050.0,-153700.0,-1565820.0,8841950.0,22913560.0,0.0,4165000.0,3139250.0,,
2014-12-31,NETE,,,FY,503340.0,0.0,503340.0,3417170.0,0.0,962700.0,4883210.0,70920.0,6671750.0,2492050.0,9163800.0,0.0,0.0,204740.0,9439460.0,204740.0,14322670.0,2698260.0,0.0,0.0,472482.0,472480.0,5621120.0,3216510.0,0.0,0.0,0.0,3486270.0,0.0,9107390.0,4590.0,-129116340.0,0.0,-2362590.0,5215280.0,14322670.0,0.0,3315000.0,2811660.0,,
2013-12-31,NETE,,,FY,130000.0,0.0,130000.0,10620000.0,0.0,1940000.0,12690000.0,140000.0,6670000.0,2960000.0,9630000.0,50000.0,0.0,0.0,9820000.0,0.0,22510000.0,3190000.0,8720000.0,0.0,239398.0,1690000.0,20660000.0,17260000.0,0.0,0.0,0.0,17130000.0,0.0,37790000.0,0.0,-118930000.0,-350000.0,160000.0,-15280000.0,22510000.0,50000.0,29790000.0,29660000.0,,
2012-12-31,NETE,,,FY,3550000.0,0.0,3550000.0,16940000.0,0.0,7520000.0,28010000.0,260000.0,0.0,110000.0,110000.0,0.0,0.0,0.0,370000.0,2250000.0,28380000.0,500000.0,9400000.0,0.0,0.0,430000.0,11230000.0,0.0,0.0,0.0,140000.0,40000.0,140000.0,11270000.0,0.0,-70620000.0,-370000.0,280000.0,17110000.0,28380000.0,0.0,9400000.0,5850000.0,,
2011-12-31,NETE,2012-03-30 00:00:00,2012-03-30 13:34:31,FY,80000.0,0.0,80000.0,10000.0,0.0,320000.0,410000.0,230000.0,420000.0,610000.0,1030000.0,0.0,0.0,0.0,1260000.0,0.0,1670000.0,240000.0,0.0,0.0,0.0,1950000.0,2890000.0,0.0,0.0,0.0,4000000.0,3880000.0,4000000.0,6770000.0,0.0,-51270000.0,-210000.0,-390000.0,-5100000.0,1670000.0,52129.0,0.0,-80000.0,https://www.sec.gov/Archives/edgar/data/1293330/000114420412018554/0001144204-12-018554-index.html,https://www.sec.gov/Archives/edgar/data/1293330/000114420412018554/v306931_10k.htm
2010-12-31,NETE,,,FY,210000.0,0.0,210000.0,0.0,0.0,46270000.0,46480000.0,0.0,0.0,0.0,0.0,0.0,0.0,0.0,0.0,46180000.0,46480000.0,50000.0,0.0,0.0,0.0,20000.0,70000.0,0.0,0.0,0.0,0.0,0.0,0.0,70000.0,0.0,-160000.0,0.0,23040000.0,46410000.0,46480000.0,0.0,0.0,-210000.0,,
