date,symbol,fillingDate,acceptedDate,period,cashAndCashEquivalents,shortTermInvestments,cashAndShortTermInvestments,netReceivables,inventory,otherCurrentAssets,totalCurrentAssets,propertyPlantEquipmentNet,goodwill,intangibleAssets,goodwillAndIntangibleAssets,longTermInvestments,taxAssets,otherNonCurrentAssets,totalNonCurrentAssets,otherAssets,totalAssets,accountPayables,shortTermDebt,taxPayables,deferredRevenue,otherCurrentLiabilities,totalCurrentLiabilities,longTermDebt,deferredRevenueNonCurrent,deferredTaxLiabilitiesNonCurrent,otherNonCurrentLiabilities,totalNonCurrentLiabilities,otherLiabilities,totalLiabilities,commonStock,retainedEarnings,accumulatedOtherComprehensiveIncomeLoss,othertotalStockholdersEquity,totalStockholdersEquity,totalLiabilitiesAndStockholdersEquity,totalInvestments,totalDebt,netDebt,link,finalLink
2019-12-31,NFLX,2020-01-29 00:00:00,2020-01-29 16:03:25,FY,5018437000,0,5018437000,979068000,0,180999000,6178504000,2097221000,0,24504567000,24504567000,0,0,1195420000,27797208000,1195420000,33975712000,5087908000,0,0,925000000,924745000,6855696000,14759260000,0,0,4778599000,19537859000,4778599000,26393555000,2793929000,4811749000,-47042000,-23521000,7582157000,33975712000,0,14759260000,9740823000,https://www.sec.gov/Archives/edgar/data/1065280/000106528020000040/0001065280-20-000040-index.html,https://www.sec.gov/Archives/edgar/data/1065280/000106528020000040/form10kq419.htm
2018-12-31,NFLX,2019-01-29 00:00:00,2019-01-29 17:12:16,FY,3794483000,0,3794483000,5720819000,0,178833000,9694135000,418281000,0,14951141000,14951141000,0,0,910843000,16280265000,910843000,25974400000,5244547000,0,0,760899000,760899000,6487320000,10360058000,0,0,3888257000,14248315000,3888257000,20735635000,2315988000,2942359000,-39164000,-19582000,5238765000,25974400000,0,10360058000,6565575000,https://www.sec.gov/Archives/edgar/data/1065280/000106528019000043/0001065280-19-000043-index.html,https://www.sec.gov/Archives/edgar/data/1065280/000106528019000043/form10k_q418.htm
2017-12-31,NFLX,2018-01-29 00:00:00,2018-01-29 17:29:30,FY,2823000000,0,2823000000,4311000000,0,536000000,7670000000,319000000,0,10371000000,10371000000,0,0,652000000,11343000000,1188000000,19013000000,4533000000,0,0,618622000,619000000,5466000000,6529000000,0,0,3436000000,9965000000,3436000000,15431000000,1871000000,1731000000,-322000000,-21000000,3582000000,19013000000,0,6529000000,3706000000,https://www.sec.gov/Archives/edgar/data/1065280/000106528018000069/0001065280-18-000069-index.html,https://www.sec.gov/Archives/edgar/data/1065280/000106528018000069/q4nflx201710k.htm
2016-12-31,NFLX,2017-01-27 00:00:00,2017-01-27 15:44:46,FY,1467576000,266206000,1733782000,3726307000,0,260202000,5720291000,250395000,0,7274501000,7274501000,0,0,341423000,7866319000,601625000,13586610000,3945553000,0,0,443472000,443472000,4586657000,3393511000,0,0,2926642000,6320153000,2926642000,10906810000,1599762000,1128603000,-48565000,-47966000,2679800000,13586610000,266206000,3393511000,1925935000,https://www.sec.gov/Archives/edgar/data/1065280/000162828017000496/0001628280-17-000496-index.html,https://www.sec.gov/Archives/edgar/data/1065280/000162828017000496/nflx201610k.htm
2015-12-31,NFLX,2016-01-28 00:00:00,2016-01-28 14:55:13,FY,1706592000,501385000,0,0,0,215127000,0,0,0,0,0,0,0,0,4771031000,215127000,0,0,0,0,346721000,0,0,0,0,0,0,2423499000,0,0,0,0,-806000,0,0,0,501385000,0,562070000,https://www.sec.gov/Archives/edgar/data/1065280/000106528016000047/0001065280-16-000047-index.html,https://www.sec.gov/Archives/edgar/data/1065280/000106528016000047/nflx201510k.htm
2014-12-31,NFLX,2015-01-29,2015-01-29 13:55:40,FY,1114000000,495000000,1608000000,2166000000,0,153000000,3927000000,150000000,0,2773000000,2773000000,0,0,192000000,3116000000,344000000,7043000000,2319000000,0,0,274586000,275000000,2663000000,914000000,0,0,1607000000,2522000000,1607000000,5185000000,1043000000,819000000,-265000000,-5000000,1858000000,7043000000,495000000,915000000,-199000000,https://www.sec.gov/Archives/edgar/data/1065280/000106528015000006/nflx201410k.htm,https://www.sec.gov/Archives/edgar/data/1065280/000106528015000006/nflx201410k.htm
2013-12-31,NFLX,2014-02-03,2014-01-31 19:14:52,FY,605000000,595000000,1200000000,1706000000,0,153000000,3059000000,134000000,0,2091000000,2091000000,0,0,129000000,2354000000,281000000,5413000000,1884000000,0,0,215767000,216000000,2154000000,500000000,0,0,1425000000,1925000000,1425000000,4079000000,0,552000000,-224000000,3000000,1334000000,5413000000,595000000,500000000,-105000000,https://www.sec.gov/Archives/edgar/data/1065280/000106528014000006/nflx10k2013.htm,https://www.sec.gov/Archives/edgar/data/1065280/000106528014000006/nflx10k2013.htm
2012-12-31,NFLX,2013-02-01 00:00:00,2013-01-31 21:43:16,FY,290000000,458000000,748000000,1368000000,0,125000000,2241000000,132000000,0,1506000000,1506000000,0,0,89000000,1727000000,154000000,3968000000,1453000000,0,0,169472000,169000000,1676000000,400000000,0,0,1147000000,1547000000,1147000000,3223000000,0,440000000,6000000,3000000,745000000,3968000000,458000000,400000000,110000000,https://www.sec.gov/Archives/edgar/data/1065280/000106528013000008/0001065280-13-000008-index.html,https://www.sec.gov/Archives/edgar/data/1065280/000106528013000008/nflx1231201210kdoc.htm
2011-12-31,NFLX,2012-02-10 00:00:00,2012-02-10 17:29:24,FY,508000000,290000000,798000000,920000000,0,113000000,1831000000,136000000,0,1047000000,1047000000,0,0,55000000,1238000000,112000000,3069000000,1022000000,0,0,148796000,149000000,1225000000,400000000,0,0,801000000,1201000000,801000000,2426000000,0,423000000,2000000,1000000,643000000,3069000000,290000000,400000000,-108000000,https://www.sec.gov/Archives/edgar/data/1065280/000119312512053009/0001193125-12-053009-index.html,https://www.sec.gov/Archives/edgar/data/1065280/000119312512053009/d260328d10k.htm
2010-12-31,NFLX,2011-02-18,2011-02-18 14:42:40,FY,194000000,156000000,350000000,181000000,0,106000000,637000000,129000000,0,181000000,181000000,0,0,35000000,345000000,79000000,982000000,169000000,0,0,127183000,181000000,389000000,200000000,0,0,103000000,303000000,103000000,692000000,0,238000000,2000000,1000000,290000000,982000000,156000000,202000000,8000000,https://www.sec.gov/Archives/edgar/data/1065280/000119312511040217/d10k.htm,https://www.sec.gov/Archives/edgar/data/1065280/000119312511040217/d10k.htm
2009-12-31,NFLX,2010-02-22 00:00:00,2010-02-22 14:09:32,FY,134000000,186000000,320000000,37000000,0,54000000,411000000,132000000,0,110000000,110000000,0,0,27000000,269000000,54000000,680000000,93000000,0,0,100097000,100000000,227000000,237000000,0,0,17000000,254000000,17000000,481000000,0,199000000,-134000000,0,199000000,680000000,186000000,238000000,104000000,https://www.sec.gov/Archives/edgar/data/1065280/000119312510036181/0001193125-10-036181-index.html,https://www.sec.gov/Archives/edgar/data/1065280/000119312510036181/d10k.htm
2008-12-31,NFLX,2009-02-25 00:00:00,2009-02-25 16:22:45,FY,140000000,157000000,297000000,19000000,0,43000000,359000000,125000000,0,100000000,100000000,6000000,0,25000000,256000000,41000000,615000000,100000000,0,0,83127000,83000000,216000000,38000000,0,0,14000000,52000000,14000000,268000000,0,108000000,-99000000,0,347000000,615000000,163000000,39000000,-101000000,https://www.sec.gov/Archives/edgar/data/1065280/000119312509037430/0001193125-09-037430-index.html,https://www.sec.gov/Archives/edgar/data/1065280/000119312509037430/d10k.htm
2007-12-31,NFLX,2008-02-28,2008-02-27 19:42:30,FY,177000000,208000000,385000000,16000000,0,31000000,432000000,113000000,0,113000000,113000000,0,0,20000000,247000000,38000000,679000000,100000000,0,0,71665000,72000000,209000000,36000000,0,0,5000000,40000000,5000000,249000000,0,25000000,4000000,2000000,430000000,679000000,208000000,36000000,-141000000,https://www.sec.gov/Archives/edgar/data/1065280/000119312508040378/d10k.htm,https://www.sec.gov/Archives/edgar/data/1065280/000119312508040378/d10k.htm
2006-12-31,NFLX,2007-02-28,2007-02-28 16:40:18,FY,400000000,0,400000000,0,0,28000000,428000000,56000000,0,106000000,106000000,0,0,19000000,181000000,33000000,609000000,94000000,0,0,69678000,70000000,193000000,0,0,0,1000000,2000000,1000000,195000000,0,-41000000,-45000000,0,414000000,609000000,0,0,-400000000,https://www.sec.gov/Archives/edgar/data/1065280/000119312507042689/d10k.htm,https://www.sec.gov/Archives/edgar/data/1065280/000119312507042689/d10k.htm
2005-12-31,NFLX,2006-03-16 00:00:00,2006-03-16 16:01:50,FY,212000000,0,212000000,0,0,32000000,244000000,40000000,0,57000000,57000000,0,0,23000000,121000000,41000000,365000000,63000000,0,0,48533000,49000000,138000000,0,0,0,1000000,0,1000000,138000000,0,-90000000,-32000000,0,226000000,365000000,0,0,-212000000,https://www.sec.gov/Archives/edgar/data/1065280/000119312506056663/0001193125-06-056663-index.html,https://www.sec.gov/Archives/edgar/data/1065280/000119312506056663/d10k.htm
2004-12-31,NFLX,2005-03-15 00:00:00,2005-03-15 16:49:49,FY,174000000,0,174000000,0,0,13000000,187000000,19000000,0,43000000,43000000,0,0,3000000,65000000,8000000,252000000,50000000,0,0,31936000,32000000,95000000,0,0,0,1000000,1000000,1000000,96000000,0,-132000000,-23000000,0,156000000,252000000,0,0,-174000000,https://www.sec.gov/Archives/edgar/data/1065280/000119312505051159/0001193125-05-051159-index.html,https://www.sec.gov/Archives/edgar/data/1065280/000119312505051159/d10k.htm
2003-12-31,NFLX,2004-02-27 00:00:00,2004-02-27 17:06:16,FY,90000000,45000000,135000000,0,0,4000000,139000000,10000000,0,25000000,25000000,0,0,2000000,37000000,2000000,176000000,33000000,0,0,18324000,18000000,63000000,0,0,0,0,0,0,63000000,0,-153000000,2000000,1000000,113000000,176000000,45000000,0,-90000000,https://www.sec.gov/Archives/edgar/data/1065280/000119312504031416/0001193125-04-031416-index.html,https://www.sec.gov/Archives/edgar/data/1065280/000119312504031416/d10k.htm
2002-12-31,NFLX,2003-03-31,2003-03-31 16:05:01,FY,60000000,44000000,104000000,0,0,3000000,107000000,6000000,0,16000000,16000000,0,0,2000000,24000000,2000000,131000000,20000000,0,0,9743000,10000000,40000000,0,0,0,0,1000000,0,41000000,0,-160000000,2000000,1000000,89000000,131000000,44000000,2000000,-58000000,https://www.sec.gov/Archives/edgar/data/1065280/000095016803001155/d10k.htm,https://www.sec.gov/Archives/edgar/data/1065280/000095016803001155/d10k.htm
2001-12-31,NFLX,,,FY,16000000,0,16000000,0,0,4000000,20000000,8000000,0,12000000,12000000,0,0,2000000,22000000,4000000,42000000,14000000,2000000,0,0,5000000,26000000,106000000,0,0,0,106000000,0,132000000,0,-137000000,-10000000,0,-91000000,42000000,0,109000000,93000000,,
2000-12-31,NFLX,,,FY,15000000,0,15000000,0,0,3000000,18000000,10000000,0,22000000,22000000,0,0,2000000,34000000,2000000,52000000,8000000,2000000,0,0,3000000,20000000,106000000,0,0,0,106000000,0,126000000,0,-99000000,-5000000,0,-73000000,52000000,0,109000000,94000000,,
