date,symbol,fillingDate,acceptedDate,period,cashAndCashEquivalents,shortTermInvestments,cashAndShortTermInvestments,netReceivables,inventory,otherCurrentAssets,totalCurrentAssets,propertyPlantEquipmentNet,goodwill,intangibleAssets,goodwillAndIntangibleAssets,longTermInvestments,taxAssets,otherNonCurrentAssets,totalNonCurrentAssets,otherAssets,totalAssets,accountPayables,shortTermDebt,taxPayables,deferredRevenue,otherCurrentLiabilities,totalCurrentLiabilities,longTermDebt,deferredRevenueNonCurrent,deferredTaxLiabilitiesNonCurrent,otherNonCurrentLiabilities,totalNonCurrentLiabilities,otherLiabilities,totalLiabilities,commonStock,retainedEarnings,accumulatedOtherComprehensiveIncomeLoss,othertotalStockholdersEquity,totalStockholdersEquity,totalLiabilitiesAndStockholdersEquity,totalInvestments,totalDebt,netDebt,link,finalLink
2019-12-31,PFMT,2020-04-29,2020-04-29 17:23:47,FY,3373000.0,0.0,3373000.0,28673000.0,0.0,4951000.0,36997000.0,25603000.0,74372000.0,925000.0,75297000.0,0.0,35000.0,975000.0,101875000.0,2597000.0,138872000,2532000.0,0.0,0.0,83000.0,4677000.0,19430000.0,58562000.0,0.0,35000.0,7220000.0,65817000.0,7220000.0,85247000,5000.0,-26969000.0,-76621000.0,0.0,53625000.0,138872000.0,0.0,61882000.0,58509000.0,https://www.sec.gov/Archives/edgar/data/1550695/000155069520000025/a10k12312019.htm,https://www.sec.gov/Archives/edgar/data/1550695/000155069520000025/a10k12312019.htm
2018-12-31,PFMT,2019-04-01,2019-04-01 16:41:18,FY,5462000.0,0.0,5462000.0,21058000.0,0.0,5233000.0,31753000.0,22255000.0,81572000.0,1160000.0,82732000.0,0.0,22000.0,1019000.0,106006000.0,2832000.0,137759000,1402000.0,0.0,0.0,1078000.0,4702000.0,14087000.0,41105000.0,0.0,22000.0,5319000.0,46446000.0,5319000.0,60533000,5000.0,-149000.0,-72755000.0,0.0,77226000.0,137759000.0,0.0,43329000.0,37867000.0,https://www.sec.gov/Archives/edgar/data/1550695/000155069519000022/a10k12312018.htm,https://www.sec.gov/Archives/edgar/data/1550695/000155069519000022/a10k12312018.htm
2017-12-31,PFMT,2018-03-14 00:00:00,2018-03-14 16:26:03,FY,21731000.0,0.0,21731000.0,19333000.0,0.0,14466000.0,55530000.0,20944000.0,81572000.0,4864000.0,86436000.0,0.0,0.0,1526000.0,108906000.0,3314000.0,164436000,14318000.0,0.0,0.0,171000.0,22164000.0,43080000.0,38555000.0,0.0,0.0,2476000.0,41031000.0,2476000.0,84111000,5000.0,7861000.0,-64395000.0,0.0,80325000.0,164436000.0,0.0,40584000.0,18853000.0,https://www.sec.gov/Archives/edgar/data/1550695/000155069518000006/0001550695-18-000006-index.html,https://www.sec.gov/Archives/edgar/data/1550695/000155069518000006/a10k12312017.htm
2016-12-31,PFMT,2017-03-13 00:00:00,2017-03-13 16:48:20,FY,32982000.0,0.0,32982000.0,13511000.0,0.0,25519000.0,72012000.0,23735000.0,82522000.0,5895000.0,88417000.0,0.0,1130000.0,914000.0,113066000.0,13747000.0,185078000,13702000.0,0.0,0.0,1294000.0,23714000.0,51469000.0,43878000.0,0.0,1130000.0,2356000.0,47364000.0,2356000.0,98833000,5000.0,20590000.0,-57107000.0,0.0,86245000.0,185078000.0,0.0,53616000.0,20634000.0,https://www.sec.gov/Archives/edgar/data/1550695/000155069517000005/0001550695-17-000005-index.html,https://www.sec.gov/Archives/edgar/data/1550695/000155069517000005/a2016123110k.htm
2015-12-31,PFMT,2016-03-15 00:00:00,2016-03-15 13:30:48,FY,71182000.0,0.0,71182000.0,17965000.0,0.0,20103000.0,109250000.0,25515000.0,82522000.0,25074000.0,107596000.0,0.0,8818000.0,179000.0,133290000.0,7349000.0,242540000,15329000.0,0.0,895000.0,1078000.0,25628000.0,53716000.0,84144000.0,0.0,8818000.0,2006000.0,94968000.0,2006000.0,148684000,5000.0,32043000.0,-54403000.0,0.0,93856000.0,242540000.0,0.0,92142000.0,20960000.0,https://www.sec.gov/Archives/edgar/data/1550695/000155069516000050/0001550695-16-000050-index.html,https://www.sec.gov/Archives/edgar/data/1550695/000155069516000050/a2015123110k.htm
2014-12-31,PFMT,2015-03-13,2015-03-13 09:35:16,FY,80298000.0,0.0,80298000.0,19441000.0,0.0,21150000.0,120889000.0,27647000.0,82522000.0,29093000.0,111615000.0,0.0,11666000.0,2678000.0,141940000.0,11269000.0,262829000,13480000.0,0.0,0.0,986000.0,27077000.0,55757000.0,101975000.0,0.0,11666000.0,2259000.0,115900000.0,2259000.0,171657000,5000.0,33838000.0,-45508000.0,0.0,91172000.0,262829000.0,0.0,111795000.0,31497000.0,https://www.sec.gov/Archives/edgar/data/1550695/000155069515000008/a2014123110k.htm,https://www.sec.gov/Archives/edgar/data/1550695/000155069515000008/a2014123110k.htm
2013-12-31,PFMT,2014-03-14,2014-03-14 13:46:52,FY,81900000.0,0.0,81900000.0,19600000.0,0.0,12400000.0,113900000.0,26200000.0,81600000.0,32500000.0,114100000.0,0.0,12600000.0,3100000.0,143400000.0,11000000.0,257300000,2400000.0,0.0,103000.0,6847000.0,20700000.0,45700000.0,122500000.0,0.0,12612000.0,2200000.0,137300000.0,2200000.0,183000000,0.0,24400000.0,-38200000.0,0.0,74200000.0,257300000.0,0.0,133300000.0,51400000.0,https://www.sec.gov/Archives/edgar/data/1550695/000155069514000005/a2013123110k.htm,https://www.sec.gov/Archives/edgar/data/1550695/000155069514000005/a2013123110k.htm
2012-12-31,PFMT,2013-03-21 00:00:00,2013-03-21 17:08:29,FY,37800000.0,0.0,37800000.0,23000000.0,0.0,7900000.0,68700000.0,20700000.0,81600000.0,36200000.0,117800000.0,0.0,11300000.0,4600000.0,143000000.0,9500000.0,211700000,1400000.0,0.0,430000.0,2187000.0,15200000.0,37000000.0,136700000.0,0.0,11271000.0,2700000.0,150700000.0,2700000.0,187700000,0.0,-11900000.0,-31900000.0,0.0,24100000.0,211700000.0,0.0,147800000.0,110000000.0,https://www.sec.gov/Archives/edgar/data/1550695/000119312513119713/0001193125-13-119713-index.html,https://www.sec.gov/Archives/edgar/data/1550695/000119312513119713/d459986d10k.htm
2011-12-31,PFMT,,,FY,20000000.0,0.0,20000000.0,19400000.0,0.0,9200000.0,48600000.0,14900000.0,81600000.0,36500000.0,118100000.0,0.0,14600000.0,700000.0,133700000.0,6600000.0,182300000,100000.0,0.0,0.0,0.0,11600000.0,26900000.0,95200000.0,0.0,0.0,2900000.0,112900000.0,2900000.0,139800000,0.0,-32800000.0,-26500000.0,-2300000.0,42500000.0,182300000.0,0.0,103400000.0,83400000.0,,
2010-12-31,PFMT,,,FY,11100000.0,0.0,11100000.0,14000000.0,0.0,6600000.0,31700000.0,13500000.0,81600000.0,53000000.0,134600000.0,0.0,21100000.0,1600000.0,149700000.0,5000000.0,181400000,100000.0,0.0,0.0,0.0,3800000.0,20900000.0,104800000.0,0.0,0.0,4400000.0,130300000.0,4400000.0,151200000,0.0,-38700000.0,-21900000.0,-2200000.0,30200000.0,181400000.0,0.0,117300000.0,106200000.0,,
2009-12-31,PFMT,,,FY,8900000.0,0.0,8900000.0,0.0,0.0,0.0,8900000.0,0.0,0.0,0.0,0.0,0.0,0.0,0.0,171800000.0,0.0,180700000,0.0,0.0,0.0,0.0,0.0,0.0,0.0,0.0,0.0,0.0,0.0,0.0,161100000,0.0,0.0,0.0,0.0,0.0,0.0,0.0,0.0,0.0,,
2008-12-31,PFMT,,,FY,9100000.0,0.0,9100000.0,0.0,0.0,0.0,0.0,0.0,0.0,0.0,0.0,0.0,0.0,0.0,0.0,0.0,183800000,0.0,0.0,0.0,0.0,0.0,0.0,0.0,0.0,0.0,0.0,0.0,0.0,167600000,0.0,0.0,0.0,0.0,0.0,0.0,0.0,0.0,0.0,,
2007-12-31,PFMT,,,FY,11900000.0,0.0,11900000.0,0.0,0.0,0.0,0.0,0.0,0.0,0.0,0.0,0.0,0.0,0.0,0.0,0.0,183900000,0.0,0.0,0.0,0.0,0.0,0.0,0.0,0.0,0.0,0.0,0.0,0.0,174400000,0.0,0.0,0.0,0.0,0.0,0.0,0.0,0.0,0.0,,
