date,symbol,fillingDate,acceptedDate,period,cashAndCashEquivalents,shortTermInvestments,cashAndShortTermInvestments,netReceivables,inventory,otherCurrentAssets,totalCurrentAssets,propertyPlantEquipmentNet,goodwill,intangibleAssets,goodwillAndIntangibleAssets,longTermInvestments,taxAssets,otherNonCurrentAssets,totalNonCurrentAssets,otherAssets,totalAssets,accountPayables,shortTermDebt,taxPayables,deferredRevenue,otherCurrentLiabilities,totalCurrentLiabilities,longTermDebt,deferredRevenueNonCurrent,deferredTaxLiabilitiesNonCurrent,otherNonCurrentLiabilities,totalNonCurrentLiabilities,otherLiabilities,totalLiabilities,commonStock,retainedEarnings,accumulatedOtherComprehensiveIncomeLoss,othertotalStockholdersEquity,totalStockholdersEquity,totalLiabilitiesAndStockholdersEquity,totalInvestments,totalDebt,netDebt,link,finalLink
2019-12-31,TWTR,2020-02-19 00:00:00,2020-02-18 17:53:51,FY,1799082000,4839970000,6639052000,850184000,0.0,130839000.0,7620075000,1728876000,1256699000,55106000.0,1311805000,77700000.0,24170000.0,1964933000,5083314000,1968689000,12703389000,161148000.0,0.0,0.0,0.0,70560000.0,832476000,2509005000,0.0,24170000.0,633352000.0,3166527000,633352000.0,3999003000,4000.0,11586000,-141068000.0,-70534000.0,8704386000,12703389000,4917670000,2532481000,733399000,https://www.sec.gov/Archives/edgar/data/1418091/000141809120000037/0001418091-20-000037-index.html,https://www.sec.gov/Archives/edgar/data/1418091/000141809120000037/twtr-20191231.htm
2018-12-31,TWTR,2019-02-21 00:00:00,2019-02-20 20:45:48,FY,1894444000,4314957000,6209401000,788700000,0.0,112935000.0,7111036000,885078000,1227269000,45025000.0,1272294000,25800000.0,17849000.0,868364000,3051536000,869707000,10162572000,145186000.0,0.0,39729000.0,38949000.0,42775000.0,1516311000,1755316000,0.0,17849000.0,67502000.0,1840667000,67502000.0,3356978000,4000.0,-1454073000,-130622000.0,-65311000.0,6805594000,10162572000,4340757000,2720690000,826246000,https://www.sec.gov/Archives/edgar/data/1418091/000156459019003523/0001564590-19-003523-index.html,https://www.sec.gov/Archives/edgar/data/1418091/000156459019003523/twtr-10k_20181231.htm
2017-12-31,TWTR,2018-02-23 00:00:00,2018-02-23 16:51:18,FY,1638413000,2764689000,4403102000,664268000,0.0,254514000.0,5321884000,773715000,1188935000,49654000.0,1238589000,27600000.0,13240000.0,50689000,2090593000,52926000,7412477000,170969000.0,0.0,36097000.0,27824000.0,28425000.0,583278000,1708768000,0.0,13240000.0,59973000.0,1781981000,59973000.0,2365259000,4000.0,-2671729000,-63158000.0,-31579000.0,5047218000,7412477000,2792289000,1793744000,155331000,https://www.sec.gov/Archives/edgar/data/1418091/000156459018003046/0001564590-18-003046-index.html,https://www.sec.gov/Archives/edgar/data/1418091/000156459018003046/twtr-10k_20171231.htm
2016-12-31,TWTR,2017-02-27 00:00:00,2017-02-27 16:56:45,FY,975959000,2798620000,3774579000,650650000,0.0,226967000.0,4652196000,783901000,1185315000,95334000.0,1280649000,0.0,7556000.0,153619000,2218169000,153619000,6870365000,122236000.0,0.0,29558000.0,33659000.0,33659000.0,584021000,1605804000,0.0,7556000.0,68049000.0,1681409000,68049000.0,2265430000,4000.0,-2550350000,-138506000.0,-69253000.0,4604935000,6870365000,2798620000,1686652000,710693000,https://www.sec.gov/Archives/edgar/data/1418091/000156459017002584/0001564590-17-002584-index.html,https://www.sec.gov/Archives/edgar/data/1418091/000156459017002584/twtr-10k_20161231.htm
2015-12-31,TWTR,2016-02-29 00:00:00,2016-02-29 07:01:57,FY,911471000,2583877000,3495348000,638694000,0.0,247750000.0,4381792000,735299000,1122728000,141015000.0,1263743000,0.0,2978000.0,61605000,2060647000,61605000,6442439000,134081000.0,0.0,25880000.0,23674000.0,23674000.0,506039000,1514790000,0.0,2978000.0,50585000.0,1568353000,50585000.0,2074392000,3000.0,-2093477000,-91132000.0,-45566000.0,4368047000,6442439000,2583877000,1602956000,691485000,https://www.sec.gov/Archives/edgar/data/1418091/000156459016013646/0001564590-16-013646-index.html,https://www.sec.gov/Archives/edgar/data/1418091/000156459016013646/twtr-10k_20151231.htm
2014-12-31,TWTR,2015-03-02,2015-03-02 09:35:45,FY,1239000000,2383000000,3622000000,418000000,0.0,216000000.0,4256000000,557000000,623000000,105000000.0,728000000,0.0,25000000.0,43000000,1327000000,69000000,5583000000,53000000.0,0.0,18380000.0,18679000.0,19000000.0,394000000,1495000000,0.0,24706000.0,43000000.0,1563000000,43000000.0,1957000000,0.0,-1572000000,-20000000.0,-10000000.0,3626000000,5583000000,2383000000,1607000000,368000000,https://www.sec.gov/Archives/edgar/data/1418091/000156459015001159/twtr-10k_20141231.htm,https://www.sec.gov/Archives/edgar/data/1418091/000156459015001159/twtr-10k_20141231.htm
2013-12-31,TWTR,2014-03-06,,FY,589000000,1645000000,2234000000,247000000,0.0,94000000.0,2575000000,333000000,363000000,78000000.0,441000000,0.0,60000000.0,18000000,791000000,80000000,3366000000,28000000.0,0.0,0.0,0.0,14000000.0,225000000,111000000,0.0,59500000.0,21000000.0,191000000,21000000.0,416000000,0.0,-995000000,-167000000.0,0.0,2950000000,3366000000,1645000000,198000000,-391000000,https://www.sec.gov/Archives/edgar/data/1418091/000095012314003031/twtr-10k_20131231.htm,https://www.sec.gov/Archives/edgar/data/1418091/000095012314003031/twtr-10k_20131231.htm
2012-12-31,TWTR,,,FY,88000000,337000000,425000000,112000000,0.0,17000000.0,554000000,186000000,69000000,4000000.0,73000000,0.0,12000000.0,19000000,278000000,20000000,832000000,8000000.0,0.0,0.0,0.0,4000000.0,110000000,66000000,0.0,0.0,19000000.0,97000000,19000000.0,207000000,0.0,-349000000,-2000000.0,-1000000.0,624000000,832000000,337000000,115000000,27000000,,
2011-12-31,TWTR,,,FY,148000000,402000000,550000000,40000000,0.0,6000000.0,596000000,62000000,37000000,6000000.0,43000000,0.0,14000000.0,19000000,125000000,19000000,721000000,5000000.0,0.0,0.0,0.0,0.0,48000000,21000000,0.0,0.0,5000000.0,39000000,5000000.0,87000000,0.0,-270000000,-23000000.0,0.0,633000000,721000000,402000000,44000000,-104000000,,
