date,symbol,fillingDate,acceptedDate,period,cashAndCashEquivalents,shortTermInvestments,cashAndShortTermInvestments,netReceivables,inventory,otherCurrentAssets,totalCurrentAssets,propertyPlantEquipmentNet,goodwill,intangibleAssets,goodwillAndIntangibleAssets,longTermInvestments,taxAssets,otherNonCurrentAssets,totalNonCurrentAssets,otherAssets,totalAssets,accountPayables,shortTermDebt,taxPayables,deferredRevenue,otherCurrentLiabilities,totalCurrentLiabilities,longTermDebt,deferredRevenueNonCurrent,deferredTaxLiabilitiesNonCurrent,otherNonCurrentLiabilities,totalNonCurrentLiabilities,otherLiabilities,totalLiabilities,commonStock,retainedEarnings,accumulatedOtherComprehensiveIncomeLoss,othertotalStockholdersEquity,totalStockholdersEquity,totalLiabilitiesAndStockholdersEquity,totalInvestments,totalDebt,netDebt,link,finalLink
2019-12-31,XAN,2020-03-10 00:00:00,2020-03-09 20:19:34,FY,79958000,0,79958000,8042000,0,0,0,0,0,0,0,541779000,0,31242000,1845612000,31242000,2454326000,3408000,0,0,0,11231000,25351000,1872577000,0,38000,6304000,1872577000,6304000,1897928000,32000,-530501000,3642000,1821000,556398000,2454326000,541779000,1872577000,1792619000,https://www.sec.gov/Archives/edgar/data/1332551/000156459020009476/0001564590-20-009476-index.html,https://www.sec.gov/Archives/edgar/data/1332551/000156459020009476/xan-10k_20191231.htm
2018-12-31,XAN,2019-03-11 00:00:00,2019-03-08 18:06:57,FY,82816000,0,82816000,8198000,0,0,0,0,0,0,0,452629000,0,30303000,1620901000,30303000,2130913000,7550000,0,0,0,8234000,22871000,1554223000,0,31000,2863000,1554223000,2863000,1577094000,32000,-525838000,-6114000,-3057000,553819000,2130913000,452629000,1554223000,1471407000,https://www.sec.gov/Archives/edgar/data/1332551/000156459019007054/0001564590-19-007054-index.html,https://www.sec.gov/Archives/edgar/data/1332551/000156459019007054/xan-10k_20181231.htm
2017-12-31,XAN,2018-03-16 00:00:00,2018-03-15 21:37:05,FY,181490000,0,181490000,82988000,0,0,0,0,0,0,0,223966000,0,130592000,1511989000,130592000,1912075000,5153000,0,540000,0,7156000,27114000,1213485000,0,0,10418000,1213485000,10418000,1240599000,31000,-517773000,2594000,1297000,671476000,1912075000,223966000,1213485000,1031995000,https://www.sec.gov/Archives/edgar/data/1332551/000133255118000009/0001332551-18-000009-index.html,https://www.sec.gov/Archives/edgar/data/1332551/000133255118000009/a20171231-rso10k.htm
2016-12-31,XAN,2017-03-16 00:00:00,2017-03-15 20:30:38,FY,116026000,0,116026000,25684000,0,0,0,0,0,213000,213000,217379000,0,391109000,1806145000,391109000,2053543000,4480000,0,0,0,6878000,157788000,1191456000,0,4255000,142660000,1191456000,142660000,1349244000,1218383000,-517177000,3081000,-18000,704299000,2053543000,217379000,1191456000,1075430000,https://www.sec.gov/Archives/edgar/data/1332551/000133255117000008/0001332551-17-000008-index.html,https://www.sec.gov/Archives/edgar/data/1332551/000133255117000008/a20161231-rso10k.htm
2015-12-31,XAN,2016-03-10 00:00:00,2016-03-10 17:17:24,FY,78756000,0,78756000,29435000,0,0,0,0,0,5316000,5316000,283668000,0,564189000,2459579000,564189000,2765562000,3286000,0,549000,0,18578000,324985000,1621713000,0,12646000,289864000,1621713000,289864000,1946698000,32000,-406603000,-5846000,-2923000,818864000,2765562000,283668000,1621713000,1542957000,https://www.sec.gov/Archives/edgar/data/1332551/000133255116000052/0001332551-16-000052-index.html,https://www.sec.gov/Archives/edgar/data/1332551/000133255116000052/rso-20151231x10k.htm
2014-12-31,XAN,2015-03-02,2015-03-02 17:30:44,FY,79905000,0,79905000,57180000,0,0,0,0,0,11822000,11822000,356333000,0,134772000,2584369000,134772000,2728679000,9287000,0,9219000,0,39811000,76285000,1716871000,0,460000,8476000,1716871000,8476000,1793156000,33000,-315910000,0,6043000,935523000,2728679000,356333000,1716871000,1636966000,https://www.sec.gov/Archives/edgar/data/1332551/000133255115000005/rso-20141231x10k.htm,https://www.sec.gov/Archives/edgar/data/1332551/000133255115000005/rso-20141231x10k.htm
2013-12-31,XAN,2014-03-03,2014-03-03 16:41:31,FY,262300000,0,262300000,15800000,0,0,0,29800000,0,11800000,11800000,295800000,4100000,68500000,1786369000,68500000,2151400000,12700000,0,1629000,0,28700000,57700000,1319800000,0,4112000,10600000,1319800000,10600000,1377500000,100000,-254600000,-14100000,-11000000,773900000,2151400000,295800000,1319800000,1057500000,https://www.sec.gov/Archives/edgar/data/1332551/000133255114000009/rso-20131231x10k.htm,https://www.sec.gov/Archives/edgar/data/1332551/000133255114000009/rso-20131231x10k.htm
2012-12-31,XAN,2013-03-18 00:00:00,2013-03-18 16:41:45,FY,85300000,0,85300000,15600000,0,0,0,75400000,0,13200000,13200000,301800000,8400000,96900000,2348820000,96900000,2478300000,18000000,0,13641000,0,35300000,79300000,1785600000,0,8376000,14700000,1785600000,14700000,1864900000,100000,-195700000,-54200000,-27100000,613300000,2478300000,301800000,1785600000,1700300000,https://www.sec.gov/Archives/edgar/data/1332551/000133255113000016/0001332551-13-000016-index.html,https://www.sec.gov/Archives/edgar/data/1332551/000133255113000016/rso-20121231x10k.htm
2011-12-31,XAN,2012-03-15 00:00:00,2012-03-14 18:21:13,FY,43100000,0,43100000,-18600000,0,0,0,48000000,0,19800000,19800000,244600000,5600000,143400000,2242997000,143400000,2299600000,6300000,0,12567000,0,32500000,60900000,1809000000,0,5624000,13200000,1809000000,13200000,1869900000,100000,-183800000,-92600000,-46300000,429700000,2299600000,244600000,1809000000,1765900000,https://www.sec.gov/Archives/edgar/data/1332551/000129415412000054/0001294154-12-000054-index.html,https://www.sec.gov/Archives/edgar/data/1332551/000129415412000054/rsoform10k123111.htm
2010-12-31,XAN,2011-03-14,2011-03-14 17:07:00,FY,29500000,0,29500000,-17400000,0,0,0,0,0,0,0,117500000,9800000,172600000,0,172600000,1934200000,3300000,0,0,0,14600000,42600000,1543300000,0,0,13300000,1543300000,13300000,1585900000,100000,-146200000,-67800000,-33900000,348300000,1934200000,117500000,1543300000,1513800000,https://www.sec.gov/Archives/edgar/data/1332551/000137607411000062/rsoform10k123110.htm,https://www.sec.gov/Archives/edgar/data/1332551/000137607411000062/rsoform10k123110.htm
2009-12-31,XAN,2010-03-16 00:00:00,2010-03-15 18:32:52,FY,52000000,0,52000000,-41300000,0,0,0,0,0,0,0,79500000,0,85100000,0,85100000,1795200000,6400000,0,0,0,9200000,29900000,1536500000,0,0,12800000,1536500000,12800000,1566400000,0,-114600000,-124400000,-62200000,228800000,1795200000,79500000,1536500000,1484500000,https://www.sec.gov/Archives/edgar/data/1332551/000008340210000007/0000083402-10-000007-index.html,https://www.sec.gov/Archives/edgar/data/1332551/000008340210000007/rccform10k123109.htm
2008-12-31,XAN,2009-03-16 00:00:00,2009-03-16 17:18:06,FY,14600000,0,14600000,9400000,0,0,0,0,0,0,0,30800000,0,60400000,0,60400000,1936000000,3700000,17100000,0,0,9900000,67000000,1682700000,0,0,31600000,1682700000,31600000,1749700000,0,-89100000,-161400000,-80700000,186300000,1936000000,30800000,1699800000,1685200000,https://www.sec.gov/Archives/edgar/data/1332551/000133255109000008/0001332551-09-000008-index.html,https://www.sec.gov/Archives/edgar/data/1332551/000133255109000008/rccform10k123108.htm
2007-12-31,XAN,2008-03-17,2008-03-17 17:24:07,FY,6000000,0,6000000,12800000,0,0,0,0,0,0,0,67300000,0,119500000,0,119500000,2072100000,4000000,116400000,0,0,10400000,156000000,1644500000,0,0,18000000,1644500000,18000000,1800500000,0,-45300000,-76600000,-38300000,271600000,2072100000,67300000,1761000000,1755000000,https://www.sec.gov/Archives/edgar/data/1332551/000008340208000009/rccform10k123107.htm,https://www.sec.gov/Archives/edgar/data/1332551/000008340208000009/rccform10k123107.htm
2006-12-31,XAN,2007-03-30,2007-03-30 12:26:40,FY,5400000,0,5400000,11800000,0,0,0,0,0,0,0,422500000,0,30700000,0,30700000,1802800000,2200000,120500000,0,0,9800000,141900000,1343400000,0,0,2900000,1343400000,2900000,1485300000,0,-13500000,-20800000,-10400000,317600000,1802800000,422500000,1463900000,1458500000,https://www.sec.gov/Archives/edgar/data/1332551/000008340207000035/rrcform10k123106.htm,https://www.sec.gov/Archives/edgar/data/1332551/000008340207000035/rrcform10k123106.htm
2005-12-31,XAN,2006-03-29,,FY,17700000,0,17700000,15900000,0,0,0,0,0,0,0,1390700000,0,23600000,0,23600000,2045500000,500000,1068300000,0,0,6500000,1147800000,702400000,0,0,63000000,702400000,63000000,1850200000,0,-2600000,-44600000,-22300000,195300000,2045500000,1390700000,1770700000,1753000000,https://www.sec.gov/Archives/edgar/data/1332551/000008340206000023/rccform10k123105.htm,https://www.sec.gov/Archives/edgar/data/1332551/000008340206000023/rccform10k123105.htm
