symbol,date,revenueGrowth,grossProfitGrowth,ebitgrowth,operatingIncomeGrowth,netIncomeGrowth,epsgrowth,epsdilutedGrowth,weightedAverageSharesGrowth,weightedAverageSharesDilutedGrowth,dividendsperShareGrowth,operatingCashFlowGrowth,freeCashFlowGrowth,tenYRevenueGrowthPerShare,fiveYRevenueGrowthPerShare,threeYRevenueGrowthPerShare,tenYOperatingCFGrowthPerShare,fiveYOperatingCFGrowthPerShare,threeYOperatingCFGrowthPerShare,tenYNetIncomeGrowthPerShare,fiveYNetIncomeGrowthPerShare,threeYNetIncomeGrowthPerShare,tenYShareholdersEquityGrowthPerShare,fiveYShareholdersEquityGrowthPerShare,threeYShareholdersEquityGrowthPerShare,tenYDividendperShareGrowthPerShare,fiveYDividendperShareGrowthPerShare,threeYDividendperShareGrowthPerShare,receivablesGrowth,inventoryGrowth,assetGrowth,bookValueperShareGrowth,debtGrowth,rdexpenseGrowth,sgaexpensesGrowth
CMCSA,2020-06-30,-0.1087601939193506,-0.1087601939193506,-0.04225061830173125,-0.04225061830173125,0.3435251798561151,0.0,0.0,0.0,0.0,0.0,0.4840315934065934,0.024381868131868132,0.5393348991691415,-0.30446043702132364,0.16269018254357775,1.1999457388790398,0.3238197895526152,0.7387707446019833,1.0897931395341922,-0.23137609861172012,0.2338070678987006,0.19012930261619854,-0.12282645039839771,0.5773787299151675,1.433696545546713,-0.08001470296933018,0.45996102969330954,0.0,0.0,0.013554555466216499,0.0,0.01190418722303214,0.0,0.0
CMCSA,2020-03-31,-0.06299739418268892,-0.06299739418268892,-0.07528111301696207,-0.07528111301696207,-0.305,0.0,0.0,0.0,0.0,0.0,-0.06591820368885325,-0.06591820368885325,0.0,0.0,0.0,0.0,0.0,0.0,0.0,0.0,0.0,0.0,0.0,0.0,0.0,0.0,0.0,0.0,0.0,-0.0037697312975012716,0.0,0.013305027539450384,0.0,0.0
CMCSA,2019-12-31,0.05856040556156111,0.05856040556156111,-0.01741573033707865,-0.01741573033707865,-0.0052844264843021444,-1.0,-1.0,-1.0,-1.0,0.0,0.2011173184357542,2.009169884169884,0.0,0.0,0.0,0.0,0.0,0.0,0.0,0.0,0.0,0.0,0.0,0.0,0.0,0.0,0.0,-1.0,0.0,0.027459882827431798,0.0,0.01319310905378348,0.0,0.0
CMCSA,2019-09-30,-0.00115421848238886,-0.00115421848238886,-0.002987303958177745,-0.002987303958177745,0.02944,0.02898550724637684,0.029411764705882214,0.000881057268722467,0.0013043478260869566,0.0001670136120706978,-0.26264204545454545,-0.5120113047574187,0.8934912409871636,-0.08863525983487129,-0.3301110325940823,0.0,-0.3772737370595814,-0.32828617457051495,0.49148475273281483,-0.2920334507042254,-0.23443402648793973,0.14740015332476053,-0.16366282803202198,-0.22215392540354606,0.0,-0.06720287478294429,-0.2331906692796295,-0.013936317489616983,0.0,-0.0007055017442653622,0.0,-0.06251103491213887,0.0,0.0
CMCSA,2019-06-30,-3.723146803678469e-05,-3.723146803678469e-05,0.033577769201080666,0.033577769201080666,-0.12046158176189135,-0.11538461538461549,-0.11688311688311684,0.0013233348037053375,0.00130605137135394,0.0963627238762464,-0.02641405061540589,-0.07534843205574913,0.8684795305496602,-0.08754442162701634,-0.2548762329211994,0.0,0.316111316591998,-0.11924789504016094,0.07713097180030658,-0.10227363197282521,-0.1762489247451973,0.14503639720982692,-0.15381350002292873,-0.22628746646339085,0.0,-0.06519974654516932,-0.23881977776316654,0.009221311475409836,0.0,0.0014286327672148296,0.0,-0.01356640664387266,0.0,0.0
CMCSA,2019-03-31,-0.03544494720965309,-0.03544494720965309,0.1479840496233939,0.1479840496233939,0.4149741138988451,0.3928571428571428,0.3999999999999999,-0.010907504363001745,-0.009913793103448277,0.015703063048361658,0.24887737478411054,1.2258846340281144,3.221695706245736,-0.11420420659510502,-0.23263476968880156,0.0,-0.07459520684948179,-0.24034479216392432,1.9023509613233345,0.09021981786405307,-0.10620102865406396,1.5330189613148189,-0.1605978817419616,-0.23558278072322347,0.0,-0.01791581715055798,-0.23648491087885173,-0.03314121037463977,0.0,0.017899429443270134,0.0,-0.0237151320440654,0.0,0.0
CMCSA,2018-12-31,0.25800768014456743,0.25800768014456743,-0.06658395368072788,-0.06658395368072788,-0.12993762993762994,-0.11111111111111104,-0.11290322580645154,-0.0032615786040443573,-0.00322234156820623,-0.0036389237862238665,-0.03015075376884422,-0.3432028016555237,1.028971662945198,-0.057908292518155775,-0.21530403626970496,-0.6385688643653591,0.3364000962287204,-0.36756510231305,2.8923741524265494,-0.24834865059403413,-0.30909775514595134,0.13067665341197512,-0.19105311728702992,-0.2569736909717642,0.009936025867734882,-0.028750898265065165,-0.23598083690047805,0.23611265724145608,0.0,0.2544371620106163,0.0,0.5331622852752319,0.0,0.0
CMCSA,2018-09-30,0.01840349666436623,0.01840349666436623,-0.035500598324690866,-0.035500598324690866,-0.10261194029850747,-0.09999999999999994,-0.11428571428571424,-0.003682842287694974,-0.0040650406504065045,-0.004305680000752944,-0.15475010618717258,-0.2698744769874477,0.6694221923799288,-0.21655721432740208,-0.355997586314198,0.0,-0.14553663502429115,-0.3487297661266687,1.413481209731772,-0.04747668310261244,-0.2146471677863229,0.14703965226556895,-0.17764516727572474,-0.24880996149525964,0.0,-0.02753188532833233,-0.2406200384827884,0.01537244263592178,0.0,0.049082866226052034,0.0,0.1285847011458656,0.0,0.0
CMCSA,2018-06-30,-0.04633407924180598,-0.04633407924180598,0.07944025834230355,0.07944025834230355,0.03143040410519564,0.04477611940298495,0.06060606060606049,-0.003669328728685517,-0.006588735387885228,0.19408338147506263,0.29028132992327366,0.3958468526930565,0.6324200148230849,-0.23799617641638776,-0.36943703350001683,0.0,0.21495374299912406,0.07009828800016218,2.2688101682151243,0.05791799847678911,-0.18168702135924852,0.1258219165540396,-0.1785791248149592,-0.26640022424490983,0.0,-0.02374738598856076,-0.2397738687920166,0.010046808996460783,0.0,0.0019489092395062763,0.0,-0.03203081673336631,0.0,0.0
CMCSA,2018-03-31,0.03997262149212868,0.03997262149212868,0.13099586072559047,0.13099586072559047,-0.7919252585919253,-0.789308176100629,-0.7898089171974522,-0.0159303313508921,-0.016924362724613454,0.01894959599846087,0.005880191106210952,0.3857913669064748,0.7885073360716653,-0.15366624828020048,-0.30563085110168187,0.0,-0.2876782278376828,-0.43232791161018574,1.804158572559177,0.2335956041955529,-0.1763209787839775,0.12116872960310583,-0.1802737267364813,-0.2755950817945419,0.0,-0.021969181261216695,-0.2982238999938115,0.024923941025040953,0.0,0.021005728835136857,0.0,0.033474812565834317,0.0,0.0
CMCSA,2017-12-31,0.04441690892627365,0.04441690892627365,-0.14294657762938232,-0.14294657762938232,4.654716981132076,4.578947368421054,4.607142857142857,-0.0035978835978835977,-0.004161464835622139,-0.005844409046884426,0.05731494074217991,-0.18024327312937707,0.7888454689785652,-0.217815832721545,-0.3219344120264311,0.3263456406737682,-0.14370313441938684,-0.35694546435366203,15.283244513276333,4.615120675932984,3.2708465281532404,0.08560620028649417,-0.20932817751259844,-0.2859168331470394,0.0,-0.030900909405582298,-0.3013849650010436,0.07972204674668351,0.0,0.008893637918845555,0.0,-0.00623450993673127,0.0,0.0
CMCSA,2017-09-30,-0.008599102291519018,-0.008599102291519018,0.051338306274681875,0.051338306274681875,0.05451651412654198,0.0754716981132074,0.07692307692307698,-0.002743773744195863,-0.002904564315352697,-0.0026181622433296315,-0.0021326095385808454,-0.04168138466972801,0.7701533429347979,-0.27873823083929467,-0.3144735700247582,0.9665714639885186,-0.14515718488849338,-0.4062045966651645,2.1062511810279663,-0.28679852863478045,-0.4391534391534392,-0.13141870542408893,-0.3553122420348143,-0.42951576848233386,0.0,-0.028673113178860257,-0.3020743639921722,0.008408714485921773,0.0,0.012402270653605127,0.0,0.021913541404480243,0.0,0.0
CMCSA,2017-06-30,0.034305820260958804,0.034305820260958804,0.006181015452538631,0.006181015452538631,-0.020654715510522212,-0.018518518518518535,-0.018867924528301903,-0.0018959342742784916,-0.0024834437086092716,0.13914604740454625,-0.08804809052333805,-0.208775852431526,0.7943750752663095,-0.20796131046329328,-0.31100331811024995,0.3906939681877168,-0.14200012878207924,-0.07602100473156691,1.7943264308679574,0.06117860770862027,-0.30825306290590804,-0.14013911075222724,-0.34402464108274433,-0.4196564179592997,0.0,-0.02697263374266956,-0.29862247523664687,0.04305647840531562,0.0,0.0030250056170847057,0.0,0.028858137088290037,0.0,0.0
CMCSA,2017-03-31,-0.026730083234244948,-0.026730083234244948,0.0623827392120075,0.0623827392120075,0.11759581881533102,-0.43749999999999994,-0.44210526315789467,0.9697095435684647,0.9819524200164069,-0.49231093322098163,-0.015148876893609612,0.3517189270872686,0.8087763861688382,-0.21538938722535453,-0.3554221721110238,0.8797033187158246,-0.2655239718895148,-0.30863869627493573,1.0020441760488104,0.19592697692798067,-0.24796543700221038,-0.14059106250232814,-0.3384180825354833,-0.4111063382072397,0.0,0.23288115485680708,-0.29081981325959705,-0.05405405405405406,0.0,0.01096398891966759,0.0,0.012105625266192707,0.0,0.0
CMCSA,2016-12-31,-0.013790515502603311,-0.013790515502603311,-0.03963963963963964,-0.03963963963963964,0.02637460885113992,0.02127659574468087,0.03260869565217382,-0.0037205456800330715,-0.003270645952575634,-0.005349129757233273,0.39596499756927567,0.5497658079625293,3.4266858762306933,0.5926263998839211,0.35298796371611235,4.72110350835153,0.5809818355707624,1.5212988003431889,7.7149936518438125,1.0327165688161537,0.3072816913322907,0.9397496167661082,0.30015830726038384,0.15901965367995127,0.0,1.4463998047351718,0.40316084940200136,0.05602017788397717,0.0,0.01447809176951957,0.0,0.01022704706427484,0.0,0.0
CMCSA,2016-09-30,0.10638849966267061,0.10638849966267061,0.09198229217904574,0.09198229217904574,0.10305719921104536,0.1325301204819277,0.10843373493975914,-0.003296250515039143,-0.0032599837000814994,-0.007175161809801804,-0.03721039082611748,-0.14685314685314685,2.8269886566526026,0.6945284415710632,0.4345712739084011,1.2698633168508267,0.44271924189906836,0.11946609455315672,0.9157674176226756,1.8078960978887773,0.4036951978514971,0.3687930659783346,0.3056947549016912,0.16907019084952069,0.0,1.445434003459666,0.4073375813869366,0.12298747763864043,0.0,0.03453208128615868,0.0,0.08755826719219624,0.0,0.0
CMCSA,2016-06-30,0.025492283129324108,0.025492283129324108,-0.005624847150892639,-0.005624847150892639,-0.04967197750702906,-0.05681818181818187,-0.045977011494252915,-0.002875924404272802,-0.003249390739236393,0.0997257395490043,-0.16379647749510765,-0.3792248062015504,1.6828667715881784,0.5316073265969248,0.28485082161880443,1.4360837371543618,0.39566689063781685,0.3979751568477467,2.822950306078358,1.2606972924462807,0.26881977978423266,0.15376567904485883,0.29693152436719156,0.1734304858033931,0.0,1.4543685255770757,0.416897781697296,0.05223529411764706,0.0,0.00812431491392095,0.0,-0.001276198008412122,0.0,0.0
CMCSA,2016-03-31,-0.02364250454663549,-0.02364250454663549,0.021739130434782608,0.021739130434782608,0.08269913749365804,0.09999999999999995,0.10126582278481007,-0.02091713596138375,-0.022239872915011914,0.016373631961972068,0.02920443101711984,0.7209178228388474,1.7710465880829915,0.764453606884007,0.3281489587688457,1.5824410404433134,0.6780869629499053,0.26570953605489334,2.9852095312930906,1.5772430336928853,0.6070627831537562,0.14454494536599688,0.29408105996228245,0.18214473215529534,0.0,1.6660810925679315,0.5412713826846942,-0.07555104408352668,0.0,0.0241634348697876,0.0,0.05725850896030102,0.0,0.0
CMCSA,2015-12-31,0.03085328619636831,0.03085328619636831,0.00024993751562109475,0.00024993751562109475,-0.012525050100200401,-0.012345679012345689,-0.012500000000000011,-0.004803843074459567,-0.0047430830039525695,-0.009688928949145782,-0.0028118096003213497,-0.334044065387349,1.992424878423792,1.2361603955507496,0.3008307398636354,-2.1200066271307136,0.6269490346987516,0.4795184986129797,12.171418371569512,1.186929714060823,0.3986991182241105,0.1550757988250551,0.3310898700577317,0.14081095809276914,0.0,1.6270021209683316,0.5310665653586006,0.05653439558755937,0.0,0.04791202707633463,0.0,0.10184894361036079,0.0,0.0
CMCSA,2015-09-30,-0.003948140639171958,-0.003948140639171958,-0.02533495736906212,-0.02533495736906212,-0.06598034627983154,-0.047058823529411674,-0.04761904761904753,-0.004780876494023904,-0.00550314465408805,-0.0031961875232668826,0.3872945110058512,0.7391841779975278,0.5084684507967219,1.2178942015452388,0.213824129903536,2.0932101028699277,1.3386816119562317,0.5641687415352843,3.8343697781984494,1.595264677716799,0.016099581037286103,0.11496261171286017,0.3315261747128381,0.13779063830300103,0.0,1.6502228197652462,0.5405436993272781,-0.06969783352337514,0.0,-0.004484136427971993,0.0,-0.015786328133050306,0.0,0.0
CMCSA,2015-06-30,0.049851565563210666,0.049851565563210666,0.055269922879177376,0.055269922879177376,0.03788246721709568,0.03658536585365857,0.03703703703703693,-0.003968253968253968,-0.004694835680751174,0.10227620984593087,-0.31572926596758816,-0.540210287013356,70.913822848592,1.2131521786868276,0.32400176429251104,1.7308399084055344,0.6618166280944564,0.12693969883179157,5.713728250035398,1.7188760793928357,0.7034204428576497,0.14073113740989493,0.3567774622898006,0.17960873190316815,0.0,1.6453646089798108,0.5441355858032401,0.14192708333333334,0.0,0.005776123257557147,0.0,0.029491014787940507,0.0,0.0
CMCSA,2015-03-31,0.006823821339950372,0.006823821339950372,0.027198310007921837,0.027198310007921837,0.06961038961038961,0.09333333333333327,0.09459459459459468,-0.024390243902439025,-0.024427480916030534,0.01435986159169544,0.12965754899849236,0.7317913385826772,2.148383692647816,1.1733982519328094,0.2894804729258286,2.72413584167054,1.0239920115479884,0.28301699312398154,12.617724865820291,1.6634760255141319,0.8076862226372031,0.19309460207634796,0.3565744781269827,0.18087290888495716,0.0,1.390955934612651,1.021950710108605,-0.02800189843379212,0.0,-0.0036525897614519986,0.0,-0.022826222166936187,0.0,0.0
CMCSA,2014-12-31,0.05604192722291704,0.05604192722291704,0.011214953271028037,0.011214953271028037,-0.25733024691358025,-0.25,-0.25252525252525254,-0.003472222222222222,-0.003423354887790034,-0.006825449859195218,-0.02355415352260778,-0.27557932263814616,0.0,1.110834613877749,0.253222735277859,0.0,0.0,0.19255765366820818,0.0,0.20911597047004934,0.5901141917402078,0.0,0.3484856134178653,0.18537300138592855,0.0,0.0,1.0080870649976341,0.024141283214517174,0.0,0.0006405546449631682,0.0,-0.0023991726990692866,0.0,0.0
CMCSA,2014-09-30,-0.0031465210163856565,-0.0031465210163856565,-0.015509989484752892,-0.015509989484752892,0.30120481927710846,0.2987012987012987,0.3026315789473684,-0.0023094688221709007,-0.002655538694992413,0.002314814814814762,0.5534139170205815,1.2209026128266034,0.0,1.077643733116211,0.24554512363329223,0.0,0.0,0.5562126068376069,0.0,1.1067164179104478,2.036343612334802,0.0,0.3719348987260997,0.21437809266756624,0.0,0.0,1.0102780774301812,-0.009627727856225931,0.0,0.011291828348967033,0.0,0.03869041225375411,0.0,0.0
CMCSA,2014-06-30,-0.03239889705882353,-0.03239889705882353,0.06614349775784753,0.06614349775784753,0.06467129877071084,0.0694444444444445,0.07042253521126768,-0.001920860545524395,-0.003402646502835539,0.1518187824674341,-0.3176549264378065,-0.5842659644502962,0.0,1.0477484875278864,0.25073159497183656,0.0,0.0,-0.0660086755160992,0.0,0.19984330433268627,1.0744091872567938,0.0,0.35317261294153646,0.18585226255538986,0.0,0.0,0.9985197616766794,0.013168590473093806,0.0,-0.0019902011117238056,0.0,-0.017953586497890296,0.0,0.0
CMCSA,2014-03-31,0.02847689944464138,0.02847689944464138,-0.02166163970386619,-0.02166163970386619,-0.02195504443282802,-0.027027027027027053,-0.013888888888888902,-0.008380952380952381,-0.0075046904315197,0.004497073512463027,0.8081418782748891,17.63803680981595,0.0,3.765992046561921,0.528546825917325,0.0,0.0,0.37752420350753124,0.0,1.6621704300051976,1.112910749445232,0.0,2.0176466156309485,0.1784790910797042,0.0,0.0,1.0727277544477858,-0.03528858218318695,0.0,-0.0065485822949002915,0.0,-0.00934227851275942,0.0,0.0
CMCSA,2013-12-31,0.04798464491362764,0.04798464491362764,0.06824838898652606,0.06824838898652606,0.10450346420323325,0.12121212121212115,0.10769230769230762,-0.0015214910612400153,-0.0011244377811094452,-0.0023883928571428975,-0.3788182273410115,-0.9281305114638448,0.0,1.1536880611851683,0.8625639337516718,0.0,-0.7295487057696356,-0.23006639313688926,0.0,4.178430339415627,1.0101801852371595,0.0,0.3977143339993078,0.2226201920909051,0.0,0.039832133758161414,1.0664935064935066,0.15906198872932195,0.0,0.014163926051278777,0.0,0.028414830736163355,0.0,0.0
CMCSA,2013-09-30,-0.007314074984634296,-0.007314074984634296,-0.00611353711790393,-0.00611353711790393,-0.0011534025374855825,0.015384615384615398,0.0,-0.0015191796429927839,-0.0014970059880239522,-0.00043079254706639874,0.20446320868516285,0.25303867403314917,0.0,1.1308795267630216,0.8231442617327,0.0,0.0,0.7825383542538354,0.0,1.5337765143567283,1.1397885267816208,0.0,0.39482326438781473,0.21629880271886257,0.0,0.0,1.0695034341201548,-0.0010895224260032686,0.0,-0.001428398344588347,0.0,-0.0026581491564663766,0.0,0.0
CMCSA,2013-06-30,0.06270411495754409,0.06270411495754409,0.11998695793935442,0.11998695793935442,0.20668058455114824,0.18181818181818177,0.20370370370370366,-0.00037965072133637056,-0.0011214953271028037,0.19625835615201348,-0.24101625085831999,-0.3982712765957447,0.0,1.1422727344674073,0.8313973761255536,0.0,0.0,0.4636829911765309,0.0,2.089852117953963,1.1030851032750004,0.0,0.37057865287441916,0.2117194390283063,0.0,0.0,1.0599947938225716,0.08769504246494174,0.0,0.002909876953774526,0.0,-0.012217846101723627,0.0,0.0
CMCSA,2013-03-31,-0.0393424107422978,-0.0393424107422978,-0.06891317547055252,-0.06891317547055252,-0.0533596837944664,-0.05172413793103434,-0.03571428571428574,-0.016430171769977596,-0.015458225984541774,0.009644182907280821,0.20857538035961273,0.8499384993849939,0.0,1.1132411798977817,0.7831507857804507,0.0,0.0,0.6129842116042081,0.0,1.2731586940015185,0.7784185662354605,0.0,0.36773550656059295,0.19882606660244964,0.0,0.0,0.7156061945398293,-0.08295598623437783,0.0,-0.05217280612956217,0.0,0.16728459142814772,0.0,0.0
CMCSA,2012-12-31,-0.03669003868471954,-0.03669003868471954,0.08070866141732283,0.08070866141732283,-0.281590156176053,-0.26582278481012667,-0.282051282051282,-0.0033494603647190174,-0.0025697503671071953,-0.003559012129484068,0.055782710280373834,-0.11726384364820847,0.0,1.28698757122981,0.8298559002466291,0.0,0.5489320281167185,0.0,0.0,1.899892175615759,-0.0803494630578663,0.0,0.3730174383491351,0.21786416297948905,0.0,0.0,0.0,0.0776888541869998,0.0,0.015493616654560676,0.0,0.048406322881575536,0.0,0.0
CMCSA,2012-09-30,0.08763394911577148,0.08763394911577148,-0.01006820396232543,-0.01006820396232543,0.5675074183976261,0.5800000000000001,0.5918367346938777,-0.0037078235076010383,-0.003293084522502744,-0.0008720690092733912,0.0005844535359438924,-0.13723653395784544,0.0,1.454245349777284,0.9747056506002669,0.0,1.3005065132728486,0.0,0.0,3.3553628332845973,0.6566772575529499,0.0,0.34728988389262394,0.21402526528864466,0.0,0.0,0.0,0.16776840665602918,0.0,0.03022424027192938,0.0,0.03934929569877993,0.0,0.0
CMCSA,2012-06-30,0.022382040596854415,0.022382040596854415,0.1163886874546773,0.1163886874546773,0.10130718954248366,0.11111111111111108,0.08888888888888884,-0.004062038404726735,-0.004008746355685131,0.4433629959213941,-0.2210334623264284,-0.3367505436470954,0.0,1.2655144236904727,0.7813421640762926,0.0,0.6208556840616339,0.0,0.0,1.6332291384027098,-0.2178621725543781,0.0,0.3108127882532782,0.19715631180122306,0.0,0.0,0.0,0.0018269011189769354,0.0,-0.0016524321141634325,0.0,-0.017361386793701205,0.0,0.0
CMCSA,2012-03-31,-0.010902805477994947,-0.010902805477994947,-0.05483207676490747,-0.05483207676490747,-0.04895104895104895,-0.042553191489361625,-0.042553191489361625,-0.013838310269482883,-0.012239020878329733,0.007404832932680633,0.061367480067649194,0.48477859778597787,0.0,1.3053172576552337,2.9153852256028165,0.0,1.5592439327823318,0.0,0.0,0.6740521910388969,0.6740521909601179,0.0,0.29902120177546326,1.686096639832589,0.0,0.0,0.0,0.006435302229372558,0.0,0.0008300700807258994,0.0,-0.03876974738609479,0.0,0.0
CMCSA,2011-12-31,0.04902712880954042,0.04902712880954042,0.10488451344187807,0.10488451344187807,0.41740088105726875,0.4242424242424241,0.4242424242424241,-0.003989844033369605,-0.003944065973467192,-0.005741802728063309,0.27353846153846156,0.1769815418023887,0.0,1.779487943031293,0.8296281065006861,0.0,2.6187028716152896,-0.5686930056042633,0.0,3.2873629238528768,2.330354696966108,0.0,0.4919334099040855,0.24598548829711625,0.0,0.0,-0.4035922757942082,0.062255859375,0.0,0.006319064956927059,0.0,-0.04054185989748597,0.0,0.0
CMCSA,2011-09-30,0.00041861438638107865,0.00041861438638107865,-0.10108917631041525,-0.10108917631041525,-0.11154598825831702,-0.10810810810810806,-0.08333333333333326,-0.0028933092224231465,-0.0035727045373347625,-0.003547823896378383,-0.06823394495412843,-0.16914749661705006,0.0,1.2584387271213062,0.8039818525675434,0.0,0.5733229660560836,0.0,0.0,-0.3177214003526991,0.2666600905587803,0.0,0.048325468751227604,0.24887252076155367,0.0,0.0,0.0,-0.014436958614051972,0.0,0.013212130609502397,0.0,0.035668242372152985,0.0,0.0
CMCSA,2011-06-30,0.18181068601583114,0.18181068601583114,0.3210431654676259,0.3210431654676259,0.08377518557794274,0.08823529411764697,0.058823529411764594,-0.0025252525252525255,-0.0021390374331550803,0.194587516368398,0.0057670126874279125,-0.06138865368331922,0.0,0.7516674966221497,0.7971322252210605,0.0,0.7454621539678974,0.0,0.0,0.6910491815299947,0.7341841815654545,0.0,-0.11038812969881912,0.24006452480898174,0.0,0.0,0.0,0.12081984897518878,0.0,0.0033904018566177662,0.0,-0.02144659377628259,0.0,0.0
CMCSA,2011-03-31,0.24760827075403766,0.24760827075403766,0.10481867858917039,0.10481867858917039,-0.07367387033398821,-0.055555555555555455,-0.055555555555555455,-0.01282051282051282,-0.005319148936170213,0.0014757969303424334,0.006092254134029591,0.3489434608794974,0.0,0.5704842435481257,0.5906902067350271,0.0,0.5389196730922967,0.0,0.0,0.5463072279926798,0.41744829244829257,0.0,-0.11555390092846579,0.24942816496324016,0.0,0.0,0.0,0.9989218328840971,0.0,0.30139031838966035,0.0,0.2868374980105045,0.0,-1.0
CMCSA,2010-12-31,0.024449362419643798,0.024449362419643798,0.030194472876151485,0.030194472876151485,0.17416378316032297,0.16129032258064513,0.16129032258064513,-0.002840909090909091,-0.0021231422505307855,-0.0009353330108046789,0.43625,0.6934235976789168,0.0,0.33819778061438216,0.3303981862218324,0.0,-1.6884091654033258,0.40857122123504913,0.0,5.022789981261916,0.8546899806154226,0.0,-0.13223304841546316,0.17674499262264007,0.0,0.0,0.0,-0.006959314775160599,0.0,0.01724093542158335,0.0,0.012146401185643405,0.0,-0.006134969325153374
CMCSA,2010-09-30,-0.003779527559055118,-0.003779527559055118,-0.059672762271414825,-0.059672762271414825,-0.019230769230769232,0.0,0.0,-0.002479631597591215,-0.0014134275618374558,-0.0050234614402451805,-0.011939069575957185,-0.19907048799380325,0.0,-0.31986455902822136,0.3431759838623878,0.0,0.32262984711397186,0.5386362809556567,0.0,0.8627656052605461,0.705214265105012,0.0,-0.1626431136786949,0.1512607458159529,0.0,0.0,0.0,0.012466124661246613,0.0,0.007766352149584439,0.0,0.0014842540010325245,0.0,0.08057113717491075
CMCSA,2010-06-30,0.035101064985872635,0.035101064985872635,0.07390180878552971,0.07390180878552971,0.020785219399538105,0.0,0.0,0.0,0.0,-0.0037313432835821424,-0.16327936617292457,-0.3473205257836198,0.0,31.493844544961217,0.3553270863534092,0.0,0.643285945174882,0.09916255835080758,0.0,1.46930277584945,0.649761230046677,0.0,-0.1592349009949572,0.13964614971149583,0.0,0.0,0.0,0.16698292220113853,0.0,0.0017934500086640096,0.0,0.0023610077945599795,0.0,0.029396325459317585
CMCSA,2010-03-31,0.0022873325345822895,0.0022873325345822895,0.06494221243808475,0.06494221243808475,-0.5022988505747127,0.0,0.0,0.0,0.0,0.0,0.0,0.0,0.0,0.4485995329424551,0.36774821871773766,0.0,0.8399953262771273,0.622315422479289,0.0,4.112764198127766,0.13616982196507518,0.0,-0.1205093260167704,0.13077384985289062,0.0,0.0,0.0,-0.07597895967270601,0.0,0.542202803276279,0.0,0.023943568684593988,0.0,-0.035931174089068825
CMCSA,2009-12-31,0.04305839581913202,0.04305839581913202,0.061952074810052604,0.061952074810052604,0.29850746268656714,-1.0,-1.0,0.0,0.0,0.0,0.0,0.0,0.0,0.0,0.6502086235161798,0.0,0.0,-1.0,0.0,0.0,4.638331472628683,0.0,0.0,0.31146937451080625,0.0,0.0,0.0,0.04392922513727883,0.0,0.003889954527772934,0.0,-0.40766605202244105,0.0,-0.005035246727089627
CMCSA,2009-09-30,-0.01521593197583352,-0.01521593197583352,-0.08746666666666666,-0.08746666666666666,-0.2572062084257206,0.5500000000000002,0.5500000000000002,0.0,0.0,0.0,0.0,0.0,0.0,0.0,0.35393152288500696,0.0,0.0,-1.0,0.0,0.0,-0.016653475399138112,0.0,0.0,-0.07206713349223635,0.0,0.0,0.0,-0.022659511031604056,0.0,-0.01831661004450765,0.0,-0.09675933308527791,0.0,0.0688912809472551
CMCSA,2009-06-30,0.011658177702320317,0.011658177702320317,0.0353395913859746,0.0353395913859746,0.0611764705882353,1.222222222222222,1.222222222222222,-0.551641176449489,-0.5505294117435543,0.0,0.0,0.0,0.0,0.0,0.06989012334978464,0.0,0.0,-1.0,0.0,0.0,1.9236550686257299,0.0,0.0,-0.22038900351409477,0.0,0.0,0.0,0.13081591368846932,0.0,0.05945870535714286,0.0,0.06332190361354988,0.0,0.017524644030668127
CMCSA,2009-03-31,0.007986309184255563,0.007986309184255563,0.030734206033010813,0.030734206033010813,3.1262135922330097,-0.689655172413793,-0.689655172413793,1.150678358538488,1.150678358538488,-1.0,-1.0,-1.0,0.0,0.0,-0.4963149996525136,0.0,0.0,-1.0,0.0,0.0,0.2272727272251361,0.0,0.0,-0.6545979805773643,0.0,0.0,0.0,-0.08794587945879459,0.0,0.007349944488946976,0.0,-0.008573509909034873,0.0,0.5016447368421053
CMCSA,2008-12-31,0.025266112995672007,0.025266112995672007,0.052095808383233536,0.052095808383233536,-0.4656290531776913,0.20833333333333337,0.20833333333333337,-0.012710974766800068,-0.012710974766800068,0.0,0.0,0.0,0.0,0.0,0.15730730337395113,0.0,0.0,-2.959795952261701,0.0,0.0,1.3379464985800735,0.0,0.0,-0.24093974624935696,0.0,0.0,0.0,-0.019300361881785282,0.0,0.007632614914044578,0.0,-0.018282172589577143,0.0,-0.451511050969779
CMCSA,2008-09-30,-0.00046767216181456796,-0.00046767216181456796,-0.045714285714285714,-0.045714285714285714,0.2199367088607595,0.5652173913043477,0.5652173913043477,2.036478006074125e-05,2.036478006074125e-05,0.0,0.0,0.0,0.0,0.0,-0.4180876906296174,0.0,0.0,-1.0,0.0,0.0,0.5731160375175707,0.0,0.0,-0.2698170411374624,0.0,0.0,0.0,-0.004204204204204204,0.0,-0.0022464925046272095,0.0,0.02263393778011139,0.0,0.0502131691141639
CMCSA,2008-06-30,0.019549409941590178,0.019549409941590178,0.12540192926045016,0.12540192926045016,-0.1366120218579235,0.9166666666666669,0.9166666666666669,-0.027797576721311477,-0.027797576721311477,0.0,0.0,0.0,0.0,0.0,26.77850862890632,0.0,0.0,-1.0,0.0,0.0,0.6807127607140584,0.0,0.0,-0.2566851876874264,0.0,0.0,0.0,0.11222444889779559,0.0,0.0315542470704833,0.0,0.050861151617861505,0.0,0.0014231499051233396
CMCSA,2008-03-31,0.04679311205390566,0.04679311205390566,0.06652949245541838,0.06652949245541838,0.2159468438538206,-0.7142857142857143,-0.7142857142857143,-0.009663702886039726,-0.009663702886039726,0.0,-1.0,-1.0,0.0,0.0,0.2223268314184929,0.0,0.0,-1.0,0.0,0.0,2.999999999440559,0.0,0.0,-0.22912263354468762,0.0,0.0,0.0,-0.08996960486322189,0.0,0.0017520294340944928,0.0,0.0057475820516886,0.0,0.03893543617545589
CMCSA,2007-12-31,0.029944737180311015,0.029944737180311015,0.04816678648454349,0.04816678648454349,0.075,0.31249999999999994,0.31249999999999994,-0.007028907526448362,-0.007028907526448362,0.0,0.5622817229336438,0.5622817229336438,0.0,0.0,0.0,0.0,0.0,0.0,0.0,0.0,0.0,0.0,0.0,0.0,0.0,0.0,0.0,0.029411764705882353,0.0,-0.0001751722527151699,0.0,0.011567994546803264,0.0,-0.030578117534639272
CMCSA,2007-09-30,0.008947095435684647,0.008947095435684647,-0.052452316076294275,-0.052452316076294275,-0.047619047619047616,0.3913043478260869,0.3913043478260869,0.001206140660021545,0.001206140660021545,0.0,-0.2915463917525773,-0.2915463917525773,0.0,0.0,0.0,0.0,0.0,0.0,0.0,0.0,0.0,0.0,0.0,0.0,0.0,0.0,0.0,0.10895211658570438,0.0,0.04278994717854261,0.0,0.12953191874816006,0.0,0.07553956834532374
CMCSA,2007-06-30,0.04385489983757444,0.04385489983757444,0.1641554321966693,0.1641554321966693,-0.2974910394265233,0.7037037037037037,0.7037037037037037,-0.0007012625806451613,-0.0007012625806451613,0.0,0.2340966921119593,0.2340966921119593,0.0,0.0,0.0,0.0,0.0,0.0,0.0,0.0,0.0,0.0,0.0,0.0,0.0,0.0,0.0,0.12402496099843993,0.0,0.03814851688553865,0.0,0.016574967195377426,0.0,0.04287245444801715
CMCSA,2007-03-31,0.05077513867159721,0.05077513867159721,0.035303776683087026,0.035303776683087026,1.146153846153846,-0.6197183098591549,-0.6197183098591549,-0.13106987741994072,-0.13106987741994072,0.0,0.3223418573351279,0.3223418573351279,0.0,0.0,0.0,0.0,0.0,0.0,0.0,0.0,0.0,0.0,0.0,0.0,0.0,0.0,0.0,-0.11586206896551725,0.0,0.005913491344365492,0.0,-0.020165565154625222,0.0,-0.06042296072507553
CMCSA,2006-12-31,0.2109886324491905,0.2109886324491905,0.0855614973262032,0.0855614973262032,-0.6795398520953163,-0.1647058823529412,-0.1647058823529412,0.4150558976936668,0.4150558976936668,0.0,-0.21334039174166225,-0.21334039174166225,0.0,0.0,0.0,0.0,0.0,0.0,0.0,0.0,0.0,0.0,0.0,0.0,0.0,0.0,0.0,0.18078175895765472,0.0,0.03822349853938704,0.0,0.08497099924133036,0.0,0.29128738621586475
CMCSA,2006-09-30,-0.06775850995504175,-0.06775850995504175,-0.0870626525630594,-0.0870626525630594,1.6456521739130434,0.9318181818181818,0.9318181818181818,0.19796722147679496,0.19796722147679496,0.0,0.24194608809993426,0.24194608809993426,0.0,0.0,0.0,0.0,0.0,0.0,0.0,0.0,0.0,0.0,0.0,0.0,0.0,0.0,0.0,0.09155555555555556,0.0,0.09415461292594399,0.0,0.17999884486542683,0.0,0.034993270524899055
CMCSA,2006-06-30,0.05541433655312659,0.05541433655312659,0.17047619047619048,0.17047619047619048,-0.012875536480686695,1.0,1.0,-0.006437768412569766,-0.006437768412569766,0.0,-0.11672473867595819,-0.11672473867595819,0.0,0.0,0.0,0.0,0.0,0.0,0.0,0.0,0.0,0.0,0.0,0.0,0.0,0.0,0.0,0.23626373626373626,0.0,0.010437003922999726,0.0,0.017692352906600834,0.0,-0.011968085106382979
CMCSA,2006-03-31,0.032365290412876134,0.032365290412876134,0.17581187010078386,0.17581187010078386,2.5037593984962405,-0.47619047619047616,-0.47619047619047616,-0.041340125246869426,-0.041340125246869426,0.0,-1.4370558375634517,-1.4370558375634517,0.0,0.0,0.0,0.0,0.0,0.0,0.0,0.0,0.0,0.0,0.0,0.0,0.0,0.0,0.0,-0.14150943396226415,0.0,0.029163223916472622,0.0,0.07629531220345416,0.0,0.0026666666666666666
CMCSA,2005-12-31,-0.47756146604515126,-0.47756146604515126,-0.4894225271583762,-0.4894225271583762,-0.6356164383561644,0.16666666666666666,0.16666666666666666,0.0005390834717794843,0.0005390834717794843,0.0,-3.768798313422347,-3.768798313422347,0.0,0.0,0.0,0.0,0.0,0.0,0.0,0.0,0.0,0.0,0.0,0.0,0.0,0.0,0.0,0.0707070707070707,0.0,0.015252039960344696,0.0,2.4672077209914454,0.0,-0.47331460674157305
CMCSA,2005-09-30,45.55744680851064,45.55744680851064,8.60989010989011,8.60989010989011,0.27177700348432055,0.894736842105263,0.894736842105263,-0.02422480603114296,-0.02422480603114296,0.0,0.2008438818565401,0.2008438818565401,0.0,0.0,0.0,0.0,0.0,0.0,0.0,0.0,0.0,0.0,0.0,0.0,0.0,0.0,0.0,-0.03976721629485936,0.0,0.047280568644676946,0.0,-0.694488188976378,0.0,40.27536231884058
CMCSA,2005-06-30,-0.9561812418422525,-0.9561812418422525,-0.789838337182448,-0.789838337182448,1.006993006993007,2.166666666666667,2.166666666666667,-0.05042326112593332,-0.05042326112593332,0.0,-0.11036036036036036,-0.11036036036036036,0.0,0.0,0.0,0.0,0.0,0.0,0.0,0.0,0.0,0.0,0.0,0.0,0.0,0.0,0.0,0.16761041902604756,0.0,0.03193637450035027,0.0,0.0777870066086454,0.0,-0.9498546511627907
CMCSA,2005-03-31,11.891826923076923,11.891826923076923,2.5203252032520327,2.5203252032520327,-0.8525773195876288,0.0,0.0,0.0,0.0,0.0,-1.300338218714769,-1.300338218714769,0.0,0.0,0.0,0.0,0.0,0.0,0.0,0.0,0.0,0.0,0.0,0.0,0.0,0.0,0.0,-0.07924921793534932,0.0,0.0017957768282865813,0.0,2.5401431858859627,0.0,7.190476190476191
CMCSA,2004-12-31,-0.9183993723028638,-0.9183993723028638,-0.6038647342995169,-0.6038647342995169,0.5544871794871795,0.0,0.0,0.0,0.0,0.0,-3.4611542730299667,-3.4611542730299667,0.0,0.0,0.0,0.0,0.0,0.0,0.0,0.0,0.0,0.0,0.0,0.0,0.0,0.0,0.0,0.02021276595744681,0.0,-0.6171499016144709,0.0,-0.738166967931981,0.0,-0.885480572597137
CMCSA,2004-09-30,0.006316620607974733,0.006316620607974733,-0.22082810539523212,-0.22082810539523212,-0.13333333333333333,0.0,0.0,0.0,0.0,0.0,-0.03066164604626143,-0.03066164604626143,0.0,0.0,0.0,0.0,0.0,0.0,0.0,0.0,0.0,0.0,0.0,0.0,0.0,0.0,0.0,0.016216216216216217,0.0,-0.01142142885043553,0.0,-0.03254639075099582,0.0,0.0669090909090909
CMCSA,2004-06-30,0.03219233903830481,0.03219233903830481,0.31735537190082647,0.31735537190082647,0.5031315240083507,0.0,0.0,0.0,0.0,0.0,1.4018087855297157,1.4018087855297157,0.0,0.0,0.0,0.0,0.0,0.0,0.0,0.0,0.0,0.0,0.0,0.0,0.0,0.0,0.0,0.19201030927835053,0.0,0.0007818302646495445,0.0,-0.053081876724931004,0.0,0.011029411764705883
CMCSA,2004-03-31,0.0,0.0,0.0,0.0,0.0,0.0,0.0,0.0,0.0,0.0,0.0,0.0,0.0,0.0,0.0,0.0,0.0,0.0,0.0,0.0,0.0,0.0,0.0,0.0,0.0,0.0,0.0,-0.09976798143851508,0.0,0.009550495283949642,0.0,-0.12282117495158167,0.0,0.0
CMCSA,2003-12-31,0.0,0.0,0.0,0.0,0.0,0.0,0.0,0.0,0.0,0.0,0.0,0.0,0.0,0.0,0.0,0.0,0.0,0.0,0.0,0.0,0.0,0.0,0.0,0.0,0.0,0.0,0.0,0.0,0.0,0.0,0.0,0.0,0.0,0.0
