symbol,date,revenueGrowth,grossProfitGrowth,ebitgrowth,operatingIncomeGrowth,netIncomeGrowth,epsgrowth,epsdilutedGrowth,weightedAverageSharesGrowth,weightedAverageSharesDilutedGrowth,dividendsperShareGrowth,operatingCashFlowGrowth,freeCashFlowGrowth,tenYRevenueGrowthPerShare,fiveYRevenueGrowthPerShare,threeYRevenueGrowthPerShare,tenYOperatingCFGrowthPerShare,fiveYOperatingCFGrowthPerShare,threeYOperatingCFGrowthPerShare,tenYNetIncomeGrowthPerShare,fiveYNetIncomeGrowthPerShare,threeYNetIncomeGrowthPerShare,tenYShareholdersEquityGrowthPerShare,fiveYShareholdersEquityGrowthPerShare,threeYShareholdersEquityGrowthPerShare,tenYDividendperShareGrowthPerShare,fiveYDividendperShareGrowthPerShare,threeYDividendperShareGrowthPerShare,receivablesGrowth,inventoryGrowth,assetGrowth,bookValueperShareGrowth,debtGrowth,rdexpenseGrowth,sgaexpensesGrowth
DBX,2020-06-30,0.027252747252747254,0.03694231315714692,-0.5223880597014925,-0.5223880597014925,-0.55470737913486,-0.5623575719908845,-0.5623575719908845,-0.007428708363287803,-0.007428708363287803,0.0,1.7373358348968104,3.6980392156862747,0.0,0.0,0.0,0.0,0.0,0.0,0.0,0.0,0.0,0.0,0.0,0.0,0.0,0.0,0.0,0.23577235772357724,0.0,0.009200309130386781,0.0,0.035103115401491886,0.022002200220022004,0.16865776528461
DBX,2020-03-31,0.020179372197309416,0.0316622691292876,5.0606060606060606,5.0606060606060606,6.954545454545454,6.985120892746435,6.985120892746435,0.019794721407624633,0.019794721407624633,0.0,-0.7146680942184154,-0.8402255639097744,0.0,0.0,0.0,0.0,0.0,0.0,0.0,0.0,0.0,0.0,0.0,0.0,0.0,0.0,0.0,-0.16326530612244897,0.0,0.00670569057498518,0.0,0.0604932526756631,0.027699265121537593,-0.16686182669789226
DBX,2019-12-31,0.04156936011209715,0.05473098330241188,0.6451612903225806,0.6451612903225806,0.611764705882353,0.6067771818625062,0.6067771818625062,-0.012548262548262547,-0.012548262548262547,0.0,0.24782899131596525,0.5570731707317074,0.0,0.0,0.0,0.0,0.0,0.0,0.0,0.0,0.0,0.0,0.0,0.0,0.0,0.0,0.0,-0.15839694656488548,0.0,0.08549827073111879,0.0,0.08044243338360986,0.023726851851851853,0.009456264775413711
DBX,2019-09-30,0.06650062266500623,0.08305425318151373,0.45294117647058824,0.45294117647058824,0.205607476635514,0.2094815956831759,0.2094815956831759,0.004849660523763337,0.004849660523763337,0.0,0.1622670807453416,0.07781282860147214,0.0,0.0,0.0,0.0,0.0,0.0,0.0,0.0,0.0,0.0,0.0,0.0,0.0,0.0,0.0,0.2780487804878049,0.0,0.05146094972303269,0.0,0.05517241379310345,0.06403940886699508,-0.005875440658049354
DBX,2019-06-30,0.041234439834024895,0.03969359331476323,-0.596244131455399,-0.596244131455399,-1.7792207792207793,-2.0221316249271983,-2.0221316249271983,0.004628501827040195,0.004628501827040195,0.0,1.0379746835443038,1.8388059701492536,0.0,0.0,0.0,0.0,0.0,0.0,0.0,0.0,0.0,0.0,0.0,0.0,0.0,0.0,0.0,-0.07657657657657657,0.0,0.11101193272573523,0.0,0.06257046223224352,0.08266666666666667,0.08063492063492063
DBX,2019-03-31,0.025804735301942005,0.02024866785079929,-0.775,-0.775,0.18947368421052632,0.26182287188306097,0.26182287188306097,0.00514201762977473,0.00514201762977473,0.0,-0.4890864995957963,-0.6201814058956916,0.0,0.0,0.0,0.0,0.0,0.0,0.0,0.0,0.0,0.0,0.0,0.0,0.0,0.0,0.0,0.5524475524475524,0.0,0.25647836609409125,0.0,0.08368967623701894,0.09649122807017543,0.005105296745373325
DBX,2018-12-31,0.04329725228975854,0.042206590151795634,-0.34831460674157305,-0.34831460674157305,-0.6379310344827587,-0.6197771587743732,-0.6197771587743732,0.011141371626640258,0.011141371626640258,0.0,-0.03359375,-0.2625418060200669,0.0,0.0,0.0,0.0,0.0,0.0,0.0,0.0,0.0,0.0,0.0,0.0,0.0,0.0,0.0,0.0,0.0,0.04374345388454193,0.0,0.004910988336402701,0.02702702702702703,0.0747599451303155
DBX,2018-09-30,0.06220518867924528,0.0816980376451742,-0.2361111111111111,-0.2361111111111111,-0.4146341463414634,-1.0231612903225806,-1.0231612903225806,-0.032111190989695663,0.300805152979066,0.0,0.14387846291331546,0.17025440313111545,0.0,0.0,0.0,0.0,0.0,0.0,0.0,0.0,0.0,0.0,0.0,0.0,0.0,0.0,0.0,-0.08333333333333333,0.0,0.012918122815776336,0.0,0.016853932584269662,0.11278195488721804,1.927710843373494
DBX,2018-06-30,0.07239962061334176,0.27593254982115484,0.9845460399227302,0.9845460399227302,0.9911922663802363,1.2910798122065728,1.2910798122065728,0.0,0.41910420475319926,0.0,0.8106796116504854,1.0688259109311742,0.0,0.0,0.0,0.0,0.0,0.0,0.0,0.0,0.0,0.0,0.0,0.0,0.0,0.0,0.0,0.19083969465648856,0.0,0.1137832765691249,0.0,-0.05764705882352941,-0.6837516512549537,-0.6050753370340999
DBX,2018-03-31,0.0,0.0,0.0,0.0,0.0,0.0,0.0,0.0,0.0,0.0,-0.1308016877637131,-0.1453287197231834,0.0,0.0,0.0,0.0,0.0,0.0,0.0,0.0,0.0,0.0,0.0,0.0,0.0,0.0,0.0,-0.24057971014492754,0.0,0.41062849298950876,0.0,-0.024670109007458405,0.0,0.0
DBX,2017-12-31,0.0,0.0,0.0,0.0,0.0,0.0,0.0,0.0,0.0,0.0,-0.36233183856502243,-0.4662973222530009,0.0,0.0,0.0,0.0,0.0,0.0,0.0,0.0,0.0,0.0,0.0,0.0,0.0,0.0,0.0,0.12012987012987013,0.0,0.03385707045108971,0.0,-0.024076147816349383,0.0,0.0
DBX,2017-09-30,0.0,0.0,0.0,0.0,0.0,0.0,0.0,0.0,0.0,0.0,0.29500580720092917,0.32234432234432236,0.0,0.0,0.0,0.0,0.0,0.0,0.0,0.0,0.0,0.0,0.0,0.0,0.0,0.0,0.0,0.3333333333333333,0.0,-0.0005065856129685917,0.0,-0.14299424184261036,0.0,0.0
DBX,2017-06-30,0.0,0.0,0.0,0.0,0.0,0.0,0.0,0.0,0.0,0.0,0.3977272727272727,0.45729537366548045,0.0,0.0,0.0,0.0,0.0,0.0,0.0,0.0,0.0,0.0,0.0,0.0,0.0,0.0,0.0,-0.21160409556313994,0.0,-0.03225806451612903,0.0,0.19563970166379804,0.0,0.0
DBX,2017-03-31,0.0,0.0,0.0,0.0,0.0,0.0,0.0,0.0,0.0,0.0,-0.06525037936267071,-0.09791332263242375,0.0,0.0,0.0,0.0,0.0,0.0,0.0,0.0,0.0,0.0,0.0,0.0,0.0,0.0,0.0,0.0,0.0,0.0,0.0,0.0,0.0,0.0
