symbol,date,revenueGrowth,grossProfitGrowth,ebitgrowth,operatingIncomeGrowth,netIncomeGrowth,epsgrowth,epsdilutedGrowth,weightedAverageSharesGrowth,weightedAverageSharesDilutedGrowth,dividendsperShareGrowth,operatingCashFlowGrowth,freeCashFlowGrowth,tenYRevenueGrowthPerShare,fiveYRevenueGrowthPerShare,threeYRevenueGrowthPerShare,tenYOperatingCFGrowthPerShare,fiveYOperatingCFGrowthPerShare,threeYOperatingCFGrowthPerShare,tenYNetIncomeGrowthPerShare,fiveYNetIncomeGrowthPerShare,threeYNetIncomeGrowthPerShare,tenYShareholdersEquityGrowthPerShare,fiveYShareholdersEquityGrowthPerShare,threeYShareholdersEquityGrowthPerShare,tenYDividendperShareGrowthPerShare,fiveYDividendperShareGrowthPerShare,threeYDividendperShareGrowthPerShare,receivablesGrowth,inventoryGrowth,assetGrowth,bookValueperShareGrowth,debtGrowth,rdexpenseGrowth,sgaexpensesGrowth
JCP,2020-02-01,0.41946308724832215,0.3368920521945433,-4.0,-4.0,-1.2903225806451613,-1.2758620689655173,-1.2758620689655173,0.0028186658315064203,0.0028186658315064203,0.0,-3.3908794788273617,-2.682170542635659,-0.5585682796765535,-0.1714682561775464,-0.17795445001632884,-0.5432585818074005,0.009545801550798415,-0.03909801272164097,-0.3928234493785859,-1.4361892461279497,-0.8646890615240475,-0.8743870105978395,-0.5871656755802441,-0.4108766492876959,-1.0,0.0,0.0,0.0,-0.261758691206544,-0.08161857684791356,0.0,-0.1050986050986051,0.0,0.17681498829039813
JCP,2019-11-02,-0.04982064567556795,-0.08766233766233766,-3.0,-3.0,0.9375,0.9333333333333332,0.9333333333333332,0.002197112366603892,0.002197112366603892,0.0,-2.4902912621359223,-3.954198473282443,-0.5858263597347841,-0.17584005895675367,-0.19561176931380242,6.4296045064202945,-0.08329059661760115,0.5333834213118397,-2.3239187949743,-0.5273187357983887,0.33806694681930155,-0.8626448678274266,-0.6586839266450917,-0.2660194174757281,-1.0,0.0,0.0,0.0,0.18737353298259815,0.053147699757869246,0.0,0.098256735340729,0.0,-0.01839080459770115
JCP,2019-08-03,0.02870028700287003,0.14215080346106304,-1.1827956989247312,-1.1827956989247312,-0.6883116883116883,-0.6874999999999999,-0.6874999999999999,0.0028328611898017,0.0028328611898017,0.0,-2.004878048780488,-1.4746376811594204,-0.5460840581209098,-0.141591125159712,-0.16985122109365552,-0.6637306108819909,0.439935667450204,0.06928835159197821,0.3696284866290019,-0.7327552227039811,-0.17245090126446058,-0.8485550511849959,-0.6453096479791396,-0.223265319607871,0.0,0.0,0.0,0.0,-0.0024222850222042794,-0.009829777031886838,0.0,-0.033690658499234305,0.0,0.016355140186915886
JCP,2019-05-04,-0.3345156889495225,-0.2940663176265271,-1.7322834645669292,-1.7322834645669292,-3.0533333333333332,-3.0,-3.0,0.0063351282863477985,0.0063351282863477985,0.0,-1.3059701492537314,-1.4607679465776293,-0.5507762724025055,-0.16404804840035875,-0.16101354149975355,-3.2219794276571188,-0.27378168965825644,-0.4968915220277726,-5.406672956625747,-0.5799889833175953,1.1898572460145533,-0.8237150781684852,-0.6394238877072438,-0.20013899905571297,-1.0,0.0,0.0,0.0,0.016413623307345096,0.08042999611449295,0.0,0.02888655462184874,0.0,-0.1499503475670308
JCP,2019-02-02,0.38145495665284584,0.3562130177514793,-2.27,-2.27,-1.4966887417218544,-1.5,-1.5,0.0012686330478908975,0.0012686330478908975,0.0,-4.806818181818182,-3.170289855072464,-0.5478233146443933,-0.23475561597732095,-0.11130365398658082,-0.524421743128585,0.3814135937297117,-0.2415867128085045,-0.7474426141711715,0.6921580161998279,-2.023547047250242,-0.7999234918906927,-0.700706745434044,-0.1339337589500626,-1.0,0.0,0.0,0.0,-0.24387216878684456,-0.08247177658942365,0.0,-0.10463202445332706,0.0,0.1404303510758777
JCP,2018-11-03,-0.00822429906542056,0.001184834123222749,1.7777777777777777,1.7777777777777777,0.49504950495049505,0.4999999999999999,0.4999999999999999,0.0015883100381194409,0.0015883100381194409,0.0,-1.8036529680365296,-3.6538461538461537,-0.5657669967830251,-0.3011877057634127,-0.11181739128626006,0.07231626846900059,-0.8251937268936006,-0.26423657819044805,-1.860643867233459,-0.7739627984384658,0.06898076446716254,-0.8539438727861551,-0.7029960851862888,-0.32667075466650103,0.0,0.0,0.0,0.0,0.14128895184135978,0.04430379746835443,0.0,0.06271864067966017,0.0,0.003409090909090909
JCP,2018-08-04,0.001497566454511419,-0.11991657977059438,-13.0,-13.0,0.2948717948717949,0.28,0.28,0.002867155144950621,0.002867155144950621,0.0,-1.61864406779661,-1.2260869565217392,-0.5563046480472614,-0.29735621231416837,-0.09646152146290259,-0.6496767989757547,-1.216368207955549,4.063555091668179,-1.6131168726039598,-0.8794391368266757,-0.2892726921164577,-0.8323321556342793,-0.6333698462077728,-0.2886453054913428,-1.0,0.0,0.0,0.0,-0.04206241519674356,-0.029741119807344972,0.0,-0.04349904397705545,0.0,0.06537530266343826
JCP,2018-05-05,-0.33738526420243115,-0.2922509225092251,-0.9878542510121457,-0.9878542510121457,-1.3070866141732282,-1.3048780487804876,-1.3048780487804876,0.00900032144005143,0.00900032144005143,0.0,-1.555729984301413,-1.8695652173913044,-0.5418205682838436,-0.2898874597779178,-0.09012119927436324,0.44029079082949757,-0.6702237804423417,0.524455395580014,-1.4601607018158649,-0.8429820610561237,-0.5454328679372699,-0.8172117618789402,-0.6785721669641568,-0.278980028626682,-1.0,0.0,0.0,0.0,0.06734250543084722,-0.012837275644835373,0.0,0.04287138584247258,0.0,-0.12407211028632026
JCP,2018-02-03,0.4360527253295333,0.418848167539267,-4.1265822784810124,-4.1265822784810124,-2.984375,-3.0,-3.0,0.0016097875080489374,0.0016097875080489374,0.0,-3.6652719665271967,-2.5838323353293413,-0.5458029487044054,-0.26873613148387776,0.015811002827731187,-0.6197016028957324,-0.3041425898101011,-0.09824052157706915,-0.5746977978366337,-1.3242165481065318,-5.223438972699388,-0.8130874036375734,-0.6935860292077602,-0.29318322049343226,-1.0,0.0,0.0,0.0,-0.17919762258543834,-0.037854528819762125,0.0,-0.06064153594006087,0.0,0.12261904761904761
JCP,2017-10-28,-0.05232950708980419,-0.08084696823869104,-2.490566037735849,-2.490566037735849,1.064516129032258,1.0499999999999998,1.0499999999999998,0.0012894906511927789,0.0012894906511927789,0.0,-1.5945273631840795,-2.1399317406143346,-0.5690649539789359,-0.32351119129555395,-0.002425980060067626,0.149104882069739,2.6650592121839916,-0.26635041049581465,-1.3560476949076439,-0.2659159560043766,-0.331205217081558,-0.8257332941163146,-0.7828581441641479,-0.564234098876726,-1.0,0.0,0.0,0.0,0.2117392870003601,0.050204179678116745,0.0,0.04990167158308751,0.0,-0.0023752969121140144
JCP,2017-07-29,0.09460458240946046,0.056968463886063074,-1.5047619047619047,-1.5047619047619047,-0.6555555555555556,-0.6551724137931034,-0.6551724137931034,0.001937984496124031,0.001937984496124031,0.0,-2.161849710982659,-1.682983682983683,-0.5036234114809892,-0.30833697096000484,0.04083663480256494,0.35693558665909536,-9.865026595744682,1.8860636180095725,-1.2506743943645007,-0.7023688908187389,-0.6454612927893482,-0.7996446273084755,-0.7779751589514133,-0.5630728314238952,-1.0,-1.0,0.0,0.0,-0.05832485588335029,-0.030394782811226272,0.0,-0.06974616967756689,0.0,-0.0011862396204033216
JCP,2017-04-29,-0.3168391820247412,-0.2507621951219512,-1.3832116788321167,-1.3832116788321167,-1.9375,-1.9354838709677418,-1.9354838709677418,0.004868549172346641,-0.010862619808306708,0.0,-1.4707482993197278,-1.7271186440677966,-0.5445662195224094,-0.3946669765474363,-0.04827041283705422,7.735038139980398,-0.5771823877402048,0.2577829266664758,-1.5537098544068793,-0.22135825367384793,-0.49623414376321356,-0.8049063232279856,-0.7841337530986744,-0.5687990362404743,-1.0,-1.0,0.0,0.0,0.03328661527680449,-0.07805454155035431,0.0,-0.04976097348978705,0.0,-0.08864864864864865
JCP,2017-01-28,0.3864193209660483,0.23540489642184556,10.91304347826087,10.91304347826087,-3.8656716417910446,-3.818181818181818,-3.818181818181818,0.0009746588693957114,0.016894087069525665,0.0,-4.808290155440415,-2.873015873015873,-0.5506318761136392,-0.4848034556976982,-0.15255036283693013,-0.44543555012662117,-0.45579531045813404,0.552812953645819,-0.6956906769222604,-2.557219442858902,3.438781471692864,-0.7612758828120838,-0.7617449398250561,-0.6450945936866888,-1.0,-1.0,0.0,0.0,-0.22676781360065024,-0.029286086503387182,0.0,-0.03562447611064543,0.0,0.041666666666666664
JCP,2016-10-29,-0.020904729266620972,-0.02029520295202952,-0.6973684210526315,-0.6973684210526315,0.19642857142857142,0.22222222222222227,0.22222222222222227,0.0006501950585175553,0.0006501950585175553,0.0,-2.0376344086021505,-5.846153846153846,-0.8369737421808161,-0.49002551816347467,-0.2291162648668504,-0.8665438826099517,-0.5497715143961909,-0.8036381974585693,-1.074291403974955,-0.6666394034815087,-0.8972615208398942,-0.7863734046296296,-0.8206300063885203,-0.6770627824651246,-1.0,-1.0,0.0,0.0,0.2381751090238175,0.04680340388391883,0.0,0.01596763891845859,0.0,0.041031652989449004
JCP,2016-07-30,0.03806474564212024,0.06483300589390963,2.4545454545454546,2.4545454545454546,-0.17647058823529413,-0.18181818181818185,-0.18181818181818185,0.0013020833333333333,0.0013020833333333333,0.0,-1.4720812182741116,-1.1501154734411085,0.0,-0.46326614318140813,-0.21558641832129063,0.0,0.11362158647594296,-1.1880661656123956,0.0,-3.873862158647594,-0.9315897158225966,0.0,-0.8171373057675329,-0.6306508116227971,0.0,-1.0,0.0,0.0,0.019145299145299145,0.0043830813061582295,0.0,-0.002548311743469951,0.0,-0.021788990825688075
JCP,2016-04-30,-0.29654654654654655,-0.25311812179016874,-0.6811594202898551,-0.6811594202898551,-0.04225352112676056,-0.04347826086956525,-0.04347826086956525,0.004249754821837201,0.004249754821837201,0.0,-1.4602803738317758,-1.5623376623376624,0.0,-0.4685672195980218,-0.2363677804791271,0.0,-6.648162059294871,-0.6249558469082448,0.0,-1.7920328776041665,-0.8601270653735632,0.0,-0.803872156300428,-0.6877964443039079,0.0,-1.0,0.0,0.0,0.07497243660418963,-0.03346748570218174,0.0,-0.012581253931641853,0.0,-0.09355509355509356
JCP,2016-01-30,0.3793579565067311,0.25970425138632164,-2.533333333333333,-2.533333333333333,-0.48175182481751827,-0.4888888888888889,-0.4888888888888889,0.0003270111183780249,0.0003270111183780249,0.0,-4.689655172413793,-3.3692307692307693,0.0,-0.4594266468036386,-0.26276264700168905,0.0,-0.4050461052749383,-0.049011811632214984,0.0,-1.2021257218129553,-0.9078319617569444,0.0,-0.8150392704168448,-0.7041957037713777,0.0,-1.0,0.0,0.0,-0.2583810302534751,-0.10502369668246446,0.0,-0.09213782600418809,0.0,0.01583949313621964
JCP,2015-10-31,0.0076521739130434785,0.01596244131455399,0.18421052631578946,0.18421052631578946,-0.007246376811594203,0.0,0.0,0.00032711808963035657,0.00032711808963035657,0.0,-6.523809523809524,5.132075471698113,0.0,-0.46628100848386594,-0.29086214520634324,0.0,0.288094442693066,2.613558165325447,0.0,-3.4029371544087046,-0.20196791568962127,0.0,-2.1013758600633747,-0.683496098090636,0.0,-1.0,0.0,0.0,0.22096505823627288,0.031078967943706022,0.0,0.0,0.0,0.051054384017758046
JCP,2015-08-01,0.006300315015750788,0.023054755043227664,-0.49333333333333335,-0.49333333333333335,-0.17365269461077845,-0.18181818181818185,-0.18181818181818185,0.0006546644844517185,0.0006546644844517185,0.0,-1.1858407079646018,-0.8051470588235294,0.0,-0.4363899852356604,-0.31877008361103737,0.0,-1.1102855273610917,-1.9398307163886161,0.0,-8.609701387915322,-0.32777900168899754,0.0,-0.7377163675939654,-0.6762021010587272,0.0,-1.0,-1.0,0.0,0.06901458555674138,-0.0006836605137220432,0.0,-0.016844469399213923,0.0,-0.06632124352331606
JCP,2015-05-02,-0.2661186745440534,-0.20776255707762556,-2.1904761904761907,-2.1904761904761907,1.8305084745762712,1.75,1.75,0.000982961992136304,0.000982961992136304,0.0,-1.326118326118326,-1.4230171073094868,0.0,-0.44164946022421714,-0.35231095316822714,0.0,1.0415886478867815,-0.7201178849912211,0.0,-3.1371940159847247,-0.26789834626931613,0.0,-0.7201352989679288,-0.677755295863106,0.0,-1.0,-1.0,0.0,0.05995475113122172,-0.015859284890426758,0.0,-0.001308411214953271,0.0,-0.06492248062015504
JCP,2015-01-31,0.408465991316932,0.29713721618953604,-2.1666666666666665,-2.1666666666666665,-0.6861702127659575,-0.6721311475409836,-0.6721311475409836,0.00032776138970829236,0.00032776138970829236,0.0,-3.165625,-2.6876640419947506,0.0,-0.46721206083560624,-0.48883669241594235,0.0,-0.5475773189378994,-0.4820171934114386,0.0,-2.3920025677187553,-0.5169325560024706,0.0,-0.695730267635301,-0.6600049679209579,0.0,-1.0,-1.0,0.0,-0.21024419297200714,-0.06815942678011644,0.0,-0.0013067015120403211,0.0,0.044534412955465584
JCP,2014-11-01,-0.012504465880671669,0.00496031746031746,-0.22857142857142856,-0.22857142857142856,0.09302325581395349,0.0701754385964913,0.0701754385964913,0.0,0.0,0.0,-3.335766423357664,-6.0131578947368425,0.0,-0.49745963175431407,-0.5022598761348102,0.0,7.104645244182237,-0.24690104292599574,0.0,-3.800870047621802,-0.056322242162950203,0.0,-0.5975720369027321,-0.6142751464815084,0.0,-1.0,-1.0,0.0,0.17907303370786518,0.004769618430525558,0.0,0.0011212857409829938,0.0,0.024896265560165973
JCP,2014-08-02,-0.0007140307033202428,0.08855291576673865,-0.7165991902834008,-0.7165991902834008,-0.5113636363636364,-0.5043478260869565,-0.5043478260869565,0.0003278688524590164,0.0003278688524590164,0.0,-1.5055350553505535,-1.2165242165242165,0.0,-0.4712124312979127,-0.4809362194460682,0.0,-0.7664691578107339,-0.17303070031683593,0.0,4.124996269288758,-9.899189961136864,0.0,-0.5730220798165461,-0.5995498734289074,0.0,0.0,-1.0,0.0,0.004585537918871252,-0.015940488841657812,0.0,0.1017088737904056,0.0,-0.044598612487611496
JCP,2014-05-03,-0.25938656795346376,-0.1378026070763501,0.7898550724637681,0.7898550724637681,-11.057142857142857,-2.916666666666667,-2.916666666666667,0.22342559165663858,0.22342559165663858,0.0,-1.7075718015665797,-2.426829268292683,0.0,-0.4626201580869814,-0.4666381177683631,0.0,-4.0596576759562835,-4.9129255989911735,0.0,-11.491803266098362,-5.129508196721312,0.0,-0.511102050797012,-0.5649323179589456,0.0,-1.0,-1.0,0.0,-0.034071550255536626,-0.04313193797135836,0.0,-0.0010283833813245578,0.0,0.0049800796812749
JCP,2014-02-01,0.3609211946743433,0.31135531135531136,-0.655860349127182,-0.655860349127182,-1.0715746421267893,-1.310880829015544,-1.310880829015544,0.08015597920277297,0.08015597920277297,0.0,-1.519674355495251,-1.2739420935412027,0.0,-0.4091081296426661,-0.3722194193540264,0.0,-0.6557307246503997,-0.6733628935795001,0.0,-0.8507483441788667,-0.8777388495906621,0.0,-0.3315034500210698,-0.46477830232342865,0.0,-1.0,-1.0,0.0,-0.21670669869228718,-0.006231578947368421,0.0,-0.0012325390304026294,0.0,-0.0019880715705765406
JCP,2013-11-02,0.04355989485542621,0.04066073697585769,0.015189873417721518,0.015189873417721518,-0.16552901023890784,-0.274436090225564,-0.274436090225564,0.048138056312443236,0.048138056312443236,0.0,0.04096045197740113,-0.21708805579773321,0.0,-0.3786128166343299,-0.3216491322283789,0.0,5.134312284183948,4.421617645225241,0.0,-4.807531951766647,-12.364030250512053,0.0,-0.5082350099477468,-3.4968983225360843,0.0,0.0,-1.0,0.0,0.18763866877971475,0.018963446027115152,0.0,-0.0010260619741432383,0.0,-0.01949317738791423
JCP,2013-08-03,0.01062618595825427,-0.03078817733990148,-0.18724279835390947,-0.18724279835390947,0.6839080459770115,0.6835443037974683,0.6835443037974683,0.001364256480218281,0.001364256480218281,0.0,-0.05851063829787234,0.1873706004140787,0.0,-0.36853444130765584,-0.27524679766166676,0.0,-2.619106634631907,1.5809560881573337,0.0,-6.0855381793552095,-45.860516413649925,0.0,-0.5426785204886894,-0.49110379690550365,0.0,-1.0,-1.0,0.0,0.12759113652609005,0.12360200539915156,0.0,0.683828610919143,0.0,-0.04823747680890538
JCP,2013-05-04,-0.32157569515962925,-0.12121212121212122,-0.3476510067114094,-0.3476510067114094,-0.3695652173913043,-0.3705179282868525,-0.3705179282868525,0.0031934306569343066,0.0031934306569343066,0.0,-2.1658914728682173,-3.327710843373494,0.0,-0.3547791289914915,-0.28457633017321676,0.0,3.3674792341346382,8.437644818660889,0.0,-3.9306250286493865,-7.187179382446567,0.0,-0.43132417502663284,-0.37221354846378746,0.0,-1.0,-1.0,0.0,0.1952157197778727,0.06042326960433494,0.0,0.0,0.0,-0.10835401157981803
JCP,2013-02-02,0.3269559275708917,-0.029411764705882353,3.7756410256410255,3.7756410256410255,3.4878048780487805,3.4821428571428563,3.4821428571428563,0.00045641259698767686,0.00045641259698767686,0.0,-15.021739130434783,-2.0723514211886305,0.0,-0.3788876069902791,-0.259895266157033,0.0,-0.45348229172340854,-0.41370683860372004,0.0,-2.311784375742658,-19.13305930537902,0.0,-0.3899997579119512,-0.298129416960682,0.0,-1.0,-1.0,0.0,-0.3036882807852469,-0.10183654729109275,0.0,0.001384083044982699,0.0,0.11223551057957681
JCP,2012-10-27,-0.0314361350099272,-0.05179282868525897,-0.14754098360655737,-0.14754098360655737,-0.16326530612244897,-0.16417910447761191,-0.16417910447761191,0.0009136592051164915,0.0009136592051164915,-1.0,0.4375,1.3597560975609757,0.0,-0.36298274195200014,-0.2589364245462823,0.0,-0.6864703090608479,0.6223393162939298,0.0,-1.485023067617264,-3.551761328697613,0.0,-0.1974522589720239,-0.1923971391823648,0.0,-1.0,-1.0,0.0,0.1232876712328767,0.007214206437291898,0.0,-0.0828308473500476,0.0,0.035238095238095235
JCP,2012-07-28,-0.041243654822335024,-0.15345699831365936,-0.1902654867256637,-0.1902654867256637,-0.09815950920245399,-0.10666666666666662,-0.10666666666666662,0.002748511223087494,0.002748511223087494,-0.002740977615349607,-0.9445407279029463,-0.7633477633477633,0.0,-0.282343326622554,-0.204263564156058,0.0,-1.1530661608291666,-1.076027393719168,0.0,-1.84223183206241,5.104904681407036,0.0,-0.09759929679364217,-0.15974152788856102,0.0,0.01906405654304572,0.0,0.0,-0.029507133592736705,-0.02056345683485823,0.0,0.01579626047711154,0.0,-0.09482758620689655
JCP,2012-04-28,-0.41898617511520736,-0.27550397067806964,2.095890410958904,2.095890410958904,0.8735632183908046,0.8749999999999999,0.8749999999999999,0.004139834406623735,0.004139834406623735,-0.0041227668346311116,-1.6054564533053515,-2.332692307692308,0.0,-0.24763103476498124,-0.15510921215477894,0.0,19.659116098061826,-10.10176178729577,0.0,-1.7111227429295126,-7.787989830691709,0.0,-0.09622889371308944,-0.0234079208652352,0.0,-0.48083677049931284,-0.49699530792075636,0.0,0.05761316872427984,-0.03370098039215686,0.0,0.0,0.0,-0.13626209977661952
JCP,2012-01-28,0.36101354741595587,0.09939556749496306,-0.5730994152046783,-0.5730994152046783,-0.3916083916083916,-0.3846153846153846,-0.3846153846153846,-0.0073059360730593605,-0.0073059360730593605,0.007359705611775524,-4.1245901639344265,-2.085594989561587,0.0,-0.12777341219376434,-0.028038703529997433,0.0,0.01903651425759338,-0.017675149482532078,0.0,-1.1954183942881278,-1.4254348913484218,0.0,0.001968717947177677,-0.0042056629768503035,0.0,0.15178927736890516,0.008351820586267385,-1.0,-0.3336380255941499,-0.10407026899850992,0.0,0.0,0.0,0.08132045088566828
JCP,2011-10-29,0.02048131080389145,-0.005344021376085505,-3.111111111111111,-3.111111111111111,-11.214285714285714,-10.285714285714285,-10.285714285714285,-0.00904977375565611,-0.022321428571428572,-0.03571790969051247,-3.5416666666666665,7.258620689655173,0.0,-0.6803246757914393,-0.06070344705924656,0.0,-0.7035813555620145,1.675407389781137,0.0,-1.222855984632947,-2.17344415075858,0.0,0.19098290114840183,-0.11462773471171898,0.0,-3.5166968769660065,0.0,0.08982035928143713,0.22508398656215006,0.02590715262692091,0.0,0.000968054211035818,0.0,-0.0008045052292839903
JCP,2011-07-30,-0.009383717981232564,-0.061442006269592474,-0.4968944099378882,-0.4968944099378882,-0.78125,-0.75,-0.75,-0.034934497816593885,-0.034482758620689655,-0.007894483488976646,1.3076923076923077,-0.1076923076923077,0.0,0.0,-0.07714008664069932,0.0,0.0,-0.726568539806775,0.0,0.0,-0.8789423107862474,0.0,0.0,-0.07629427645732366,0.0,0.0,-0.03135450803889475,0.0,0.04812206572769953,0.004444803620494585,0.0,0.0,0.0,-0.02966432474629196
JCP,2011-04-30,-0.30860950376994567,-0.25571628558096127,-0.648471615720524,-0.648471615720524,-0.7638376383763837,-0.7543859649122806,-0.7522123893805309,-0.029661016949152543,-0.025210084033613446,0.0305676855895197,-0.9531531531531532,-1.0655903128153381,0.0,0.0,-0.07286214930752113,0.0,0.0,-1.2900054094262914,0.0,0.0,-0.4824518847161572,0.0,0.0,-0.09476078844239512,0.0,0.0,-0.47575945219093513,0.0,0.06069094304388422,-0.051219138168992484,0.0,0.0,0.0,-0.125
JCP,2011-01-29,0.36142277393172595,0.3107033639143731,2.693548387096774,2.693548387096774,5.159090909090909,5.0,4.947368421052631,0.0,0.0,-0.020833333333333412,-8.985611510791367,-4.417241379310345,0.0,0.0,-0.15292299587212546,0.0,0.0,-0.12643334229277337,0.0,0.0,-0.40183470255222703,0.0,0.0,-0.024437821386180267,0.0,0.0,43.60856332627118,0.0,-0.24701195219123506,0.006948733786287832,0.0,0.0,0.0,0.10574018126888217
JCP,2010-10-30,0.06373793803961401,0.053479381443298966,0.30526315789473685,0.30526315789473685,2.142857142857143,2.166666666666667,2.166666666666667,0.0,0.0,0.021276595744680934,-0.5272108843537415,-0.28746928746928746,0.0,0.0,-0.1536125582575598,0.0,0.0,-0.12043889235604448,0.0,0.0,-0.8389204774335997,0.0,0.0,-1.230629252659745,0.0,0.0,0.06659844540796227,0.0,0.22263610315186247,0.035414501558877605,0.0,0.0,0.0,0.04006284367635507
JCP,2010-07-31,0.0022906592008144567,-0.04785276073619632,-0.3870967741935484,-0.3870967741935484,-0.7666666666666667,-0.76,-0.76,0.006055777974641674,0.014581674398155586,-0.006019326271186491,2.458823529411765,1.0248756218905473,0.0,0.0,-0.13257539292427895,0.0,0.0,-2.304398528339294,0.0,0.0,-0.9255994559973925,0.0,0.0,0.1140437892403646,0.0,0.0,0.03315300876348224,0.0,0.08587429993777225,0.03542753083354027,0.0,0.03334444814938313,0.0,-0.012412723041117145
JCP,2010-05-01,-0.2920720720720721,-0.23113207547169812,-0.5953002610966057,-0.5953002610966057,0.8637013108032553,-1.072674418604651,-1.0755287009063443,0.011911309061647758,0.011911309061647758,-0.6669695461514558,-1.073057885051583,-1.316987202233104,0.0,0.0,-0.1272487384814523,0.0,0.0,1.8321655852281713,0.0,0.0,-0.7564029600446358,0.0,0.0,0.04062946016019627,0.0,0.0,-0.47192316105800314,0.0,0.06283068783068783,0.8161455201443175,0.0,6.631043256997455,-1.0,-0.7400123600020009
JCP,2010-01-30,0.3280689160086145,0.25,2.5794392523364484,2.5794392523364484,-0.3687450980392157,-16.636363636363637,-16.045454545454547,0.0,0.0,1.9673829787234043,-39.78203333333333,-22.1365,0.0,0.0,-0.1631750743362396,0.0,0.0,0.1667040928014831,0.0,0.0,-0.9321838433146193,0.0,0.0,0.11961312665936032,0.0,0.0,2.503386730413953,0.0,0.0,-0.4802312861384591,0.0,-0.8841391509433962,0.0,2.6031453488372094
JCP,2009-10-31,0.05985290388029419,0.11578947368421053,0.5970149253731343,0.5970149253731343,-3.04,1.0,1.0,0.019999997623999996,0.019999997623999996,0.0,-1.068649885583524,-1.068649885583524,0.0,0.0,-0.6833782009917575,0.0,0.0,-0.9724562192103622,0.0,0.0,-0.9249146756817386,0.0,0.0,0.14155015857449063,0.0,0.0,-3.5987047105008747,0.0,0.0,0.05168871723231161,0.0,0.0,0.0,0.10789049919484701
JCP,2009-08-01,0.015190525231719876,-0.03430749682337993,-0.36792452830188677,-0.36792452830188677,-2.0,0.0,0.0,0.0,0.0,-1.0,5.621212121212121,5.621212121212121,0.0,0.0,0.0,0.0,0.0,0.0,0.0,0.0,0.0,0.0,0.0,0.0,0.0,0.0,0.0,0.0,0.0,0.03610046828437633,0.0,-0.03223965763195435,0.0,-0.010358565737051793
JCP,2009-05-02,-0.325577357180066,-0.21102756892230576,-0.7275064267352185,-0.7275064267352185,-0.8815165876777251,-0.9568627450980393,-0.9568627450980393,0.013191355098757332,0.013191355098757332,0.9963921548956706,-0.9340659340659341,-0.9340659340659341,0.0,0.0,0.0,0.0,0.0,0.0,0.0,0.0,0.0,0.0,0.0,0.0,0.0,0.0,0.0,0.0,-1.0,0.013635971347199448,0.0,0.0,0.0,-0.19240669240669242
JCP,2009-01-31,0.3337193144974525,0.19891826923076922,0.5254901960784314,0.5254901960784314,0.7016129032258065,0.5740740740740738,0.5740740740740738,0.006615608813995486,0.006615608813995486,0.0,-9.629310344827585,-9.629310344827585,0.0,0.0,0.0,0.0,0.0,0.0,0.0,0.0,0.0,0.0,0.0,0.0,0.0,0.0,0.0,0.0,0.0,-0.17811037026528587,0.0,0.0,0.0,0.19722650231124808
JCP,2008-11-01,0.008407286314806165,0.0361145703611457,0.04938271604938271,0.04938271604938271,0.05982905982905983,0.5283018867924528,0.5283018867924528,-0.003333852077357369,-0.003333852077357369,-1.0,-1.2612612612612613,-1.2612612612612613,0.0,0.0,0.0,0.0,0.0,0.0,0.0,0.0,0.0,0.0,0.0,0.0,0.0,0.0,0.0,0.0,0.0,0.021890403015366773,0.0,-0.05423637344846195,0.0,0.04006410256410257
JCP,2008-08-02,0.03755754785558517,-0.02666666666666667,-0.020161290322580645,-0.020161290322580645,-0.025,0.9629629629629629,0.9629629629629629,0.006132073506132074,0.006132073506132074,-0.4630626542150694,-3.5517241379310347,-3.5517241379310347,0.0,0.0,0.0,0.0,0.0,0.0,0.0,0.0,0.0,0.0,0.0,0.0,0.0,0.0,0.0,0.0,0.0,0.025877453896490186,0.0,-0.0002697599136768276,0.0,-0.036293436293436294
JCP,2008-05-03,-0.3541471048513302,-0.2860233665080052,-0.6598079561042524,-0.6598079561042524,-0.7209302325581395,-0.8911290322580645,-0.8911290322580645,-0.0079007889279585,-0.0079007889279585,86.69284264019285,-1.144278606965174,-1.144278606965174,0.0,0.0,0.0,0.0,0.0,0.0,0.0,0.0,0.0,0.0,0.0,0.0,0.0,0.0,0.0,0.0,-1.0,-0.06017191977077364,0.0,-0.00026968716289104636,0.0,-0.12203389830508475
JCP,2008-02-02,0.3512370480016917,0.22990952634379988,0.7737226277372263,0.7737226277372263,0.6475095785440613,0.6423841059602649,0.6423841059602649,-0.006673060315635323,-0.006673060315635323,-0.9765879560652225,-8.986754966887418,-8.986754966887418,0.0,0.0,0.0,0.0,0.0,0.0,0.0,0.0,0.0,0.0,0.0,0.0,0.0,0.0,0.0,0.0,0.0,0.024486289110045106,0.0,-0.026516145970070886,0.0,0.09421364985163205
JCP,2007-11-03,0.07697563197449328,0.12246117084826762,0.24924012158054712,0.24924012158054712,0.4340659340659341,0.6413043478260869,0.6413043478260869,-0.01210974536331937,-0.01210974536331937,-0.010747679020133934,-1.6926605504587156,-1.6926605504587156,0.0,0.0,0.0,0.0,0.0,0.0,0.0,0.0,0.0,0.0,0.0,0.0,0.0,0.0,0.0,0.0,0.0,0.06789509901368607,0.0,-0.00026246719160104987,0.0,0.08447304907481899
JCP,2007-08-04,0.00942528735632184,-0.07360265633646929,-0.21479713603818615,-0.21479713603818615,-0.23529411764705882,0.7523809523809524,0.7523809523809524,0.00703324855009779,0.00703324855009779,-0.49194536753044277,-8.517241379310345,-8.517241379310345,0.0,0.0,0.0,0.0,0.0,0.0,0.0,0.0,0.0,0.0,0.0,0.0,0.0,0.0,0.0,0.0,0.0,-0.027800490596892886,0.0,-0.07434402332361516,0.0,-0.037180480247869865
JCP,2007-06-13,-0.3472388955582233,-0.24361657597321054,-0.6634538152610442,-0.6634538152610442,-0.5010482180293501,-0.787878787878788,-0.787878787878788,-0.02688638232756059,-0.02688638232756059,1.2094028497335376,-1.028942115768463,-1.028942115768463,0.0,0.0,0.0,0.0,0.0,0.0,0.0,0.0,0.0,0.0,0.0,0.0,0.0,0.0,0.0,0.0,-1.0,0.06154817328178016,0.0,0.1951219512195122,0.0,0.05733005733005733
JCP,2007-02-03,-0.49269183922046283,-0.5520345021563847,1.1689895470383276,1.1689895470383276,-0.2943786982248521,0.6894197952218429,0.6894197952218429,0.009589981043550102,0.009589981043550102,-3.201113584670531,-1.9243542435424354,-1.9243542435424354,0.0,0.0,0.0,0.0,0.0,0.0,0.0,0.0,0.0,0.0,0.0,0.0,0.0,0.0,0.0,0.0,0.0,-0.011312217194570135,0.0,-0.0026064291920069507,0.0,-0.716046511627907
JCP,2006-10-28,126.53398058252426,50.77669902912621,4.572815533980583,4.572815533980583,0.0,0.0,0.0,0.0,0.0,0.0,-6.161904761904762,-6.161904761904762,0.0,0.0,0.0,0.0,0.0,0.0,0.0,0.0,0.0,0.0,0.0,0.0,0.0,0.0,0.0,0.0,-1.0,0.0286493860845839,0.0,-0.003463203463203463,0.0,0.0
JCP,2006-01-28,-0.9858009374138407,-0.9385441527446301,-3.575,-3.575,-1.0,0.0,0.0,0.0,0.0,0.0,-0.3333333333333333,-0.3333333333333333,0.0,0.0,0.0,0.0,0.0,0.0,0.0,0.0,0.0,0.0,0.0,0.0,0.0,0.0,0.0,0.0,0.012937835279267907,-0.11793020457280386,0.0,-0.20326511841802714,0.0,-1.0
JCP,2005-01-29,0.0,0.0,0.0,0.0,0.0,0.0,0.0,0.0,0.0,0.0,0.0,0.0,0.0,0.0,0.0,0.0,0.0,0.0,0.0,0.0,0.0,0.0,0.0,0.0,0.0,0.0,0.0,0.0,0.004119138149556401,-0.2280327868852459,0.0,-0.22436240413768505,0.0,0.0
JCP,2004-01-31,0.0,0.0,0.0,0.0,0.0,0.0,0.0,0.0,0.0,0.0,0.0,0.0,0.0,0.0,0.0,0.0,0.0,0.0,0.0,0.0,0.0,0.0,0.0,0.0,0.0,0.0,0.0,0.0,0.0,0.0,0.0,0.0,0.0,0.0
