symbol,date,revenueGrowth,grossProfitGrowth,ebitgrowth,operatingIncomeGrowth,netIncomeGrowth,epsgrowth,epsdilutedGrowth,weightedAverageSharesGrowth,weightedAverageSharesDilutedGrowth,dividendsperShareGrowth,operatingCashFlowGrowth,freeCashFlowGrowth,tenYRevenueGrowthPerShare,fiveYRevenueGrowthPerShare,threeYRevenueGrowthPerShare,tenYOperatingCFGrowthPerShare,fiveYOperatingCFGrowthPerShare,threeYOperatingCFGrowthPerShare,tenYNetIncomeGrowthPerShare,fiveYNetIncomeGrowthPerShare,threeYNetIncomeGrowthPerShare,tenYShareholdersEquityGrowthPerShare,fiveYShareholdersEquityGrowthPerShare,threeYShareholdersEquityGrowthPerShare,tenYDividendperShareGrowthPerShare,fiveYDividendperShareGrowthPerShare,threeYDividendperShareGrowthPerShare,receivablesGrowth,inventoryGrowth,assetGrowth,bookValueperShareGrowth,debtGrowth,rdexpenseGrowth,sgaexpensesGrowth
MTL,2020-06-30,0.0,0.0,0.0,0.0,0.0,0.0,0.0,0.0,0.0,0.0,0.0,0.0,0.0,0.0,0.0,0.0,0.0,0.0,0.0,0.0,0.0,0.0,0.0,0.0,0.0,0.0,0.0,0.0,0.0,0.0,0.0,0.0,0.0,0.0
MTL,2020-05-26,-0.0006435006435006435,0.19091153535896746,0.24404761904761904,0.24404761904761904,0.0,-1.0,-1.0,0.0,0.0,0.0,-1.3748267844141202,-1.3749207318505297,0.0,0.0,0.0,0.0,0.0,0.0,0.0,0.0,0.0,0.0,0.0,0.0,0.0,0.0,0.0,0.0,0.0739446358082116,0.03514503767939713,0.0,0.0,0.0,0.0
MTL,2019-12-31,-0.08667601683029454,-0.17636202569024065,-0.3333333333333333,-0.3333333333333333,0.0,-0.125,-0.125,0.0,0.0,0.0,-3.6979912553070147,-3.6973075704783023,0.0,0.0,0.0,0.0,0.0,0.0,0.0,0.0,0.0,0.0,0.0,0.0,0.0,0.0,0.0,0.0,-0.01702832287084178,-0.03538014674334114,0.0,0.0,0.0,0.0
MTL,2019-11-19,-0.04594112399643176,-0.08768857758620689,1.7391304347826086,1.7391304347826086,0.0,1.9090909090909092,1.9090909090909092,0.0,0.0,0.0,0.23453023546898225,0.22888283378746593,0.0,0.0,0.0,0.0,0.0,0.0,0.0,0.0,0.0,0.0,0.0,0.0,0.0,0.0,0.0,0.0,-0.054471525716822844,-0.008647676051812615,0.0,0.0,0.0,0.0
MTL,2019-08-15,0.04827936304371059,0.0029721696838692245,-0.6051502145922747,-0.6051502145922747,0.0,0.5714285714285714,0.5714285714285714,0.0,0.0,0.0,-0.08777563690858489,-0.09273908744172905,0.0,0.0,0.0,0.0,0.0,0.0,0.0,0.0,0.0,0.0,0.0,0.0,0.0,0.0,0.0,0.0,-0.018576703437836847,0.014233086183726611,0.0,0.0,0.0,0.0
MTL,2019-05-23,-0.009461301292823967,0.0012173677803327472,-0.6989664082687338,-0.6989664082687338,0.0,-0.3,-0.3,-1.0,-1.0,0.0,-1.2605712373089368,-1.2636351786678583,0.0,0.0,0.0,0.0,0.0,0.0,0.0,0.0,0.0,0.0,0.0,0.0,0.0,0.0,0.0,0.0,0.0041452686364369115,0.014425816607634789,0.0,0.0,0.0,0.0
MTL,2018-12-31,-0.05494904020508973,-0.11967135032150512,1.6689655172413793,1.6689655172413793,0.0,-0.7368421052631579,-0.7368421052631579,0.0,0.0,-278.2,-3.8342995678296616,-3.8190551181102363,31.253873973274935,355.44522819456205,11796.338242243279,-178.11171901246806,-790.6538725669164,172067.12589788795,-1.0,-1.0,-1.0,-1.0,0.0,0.0,910.4757873908883,0.0,-6663462.538461538,0.0,0.07663889715362492,0.00025508276018441537,0.0,0.0,0.0,0.0
MTL,2018-11-27,0.004282628353260324,-0.03106521676425625,-0.2961165048543689,-0.2961165048543689,0.0,0.05555555555555555,0.05555555555555555,0.0,0.0,-2.0,-0.08682260082779863,-0.08598023222339507,33.129243125973325,27249.040978145782,1618.9343826448853,61.48870832947616,-54676.545847753354,3633.412808051642,-1.0,-1.0,-1.0,-1.0,0.0,0.0,-4.28815219116482,0.0,-1011.4697217123505,0.0,-0.018447310781211975,-0.011616180480334665,0.0,0.0,0.0,0.0
MTL,2018-08-22,0.02854780789004573,-0.06261998107340813,0.7531914893617021,0.7531914893617021,0.0,6.2,6.2,0.0,0.0,0.0,0.4813917011264794,0.4859546556395266,32.98370355358594,14293.801007587426,690.890653533127,67.42997689837965,102081.12555639622,-1055.0377752506868,-1.0,-1.0,-1.0,-1.0,0.0,0.0,2.2881521911648206,22.783135854028625,1825.034045680796,0.0,0.027301365068253414,0.000890993488893735,0.0,0.0,0.0,0.0
MTL,2018-05-24,-0.5417012005967463,-0.5418963274911748,-0.7882882882882883,-0.7882882882882883,-1.0,-0.7222222222222222,-0.7222222222222222,-1.0,-1.0,0.0,-1.7276028427659906,-1.7364275963456894,0.0,0.0,0.0,0.0,0.0,0.0,0.0,0.0,0.0,0.0,0.0,0.0,0.0,0.0,0.0,0.0,0.05285601474072124,0.005837801251539355,0.0,0.0,0.0,0.0
MTL,2017-12-31,1.485338041639079,1.5461225519568578,10.5625,10.5625,-2.3823180044120145,0.125,0.125,0.0,0.0,0.0,-2.7932093023255815,-2.7708972570897257,57.94527136191165,-1887.4951755134907,454.71674335793705,-52.907912752256216,-3293.0412990562327,-455.1860588852429,-22.033627857041225,5810.836434352991,201.38816520377603,-1.0,0.0,0.0,459.2641384021076,0.0,0.0,0.0,0.03379775770109938,-0.01878931736143993,0.0,0.0,0.0,0.0
MTL,2017-08-23,0.09212302352487466,0.20506973739216358,-0.4696132596685083,-0.4696132596685083,1.615623612960497,1.6666666666666667,1.6666666666666667,0.3558588548601864,0.3558588548601864,0.0,0.26070130174739065,0.24782457361642882,22.717204812524123,29239.73862497653,-0.9811574455516233,27.946934797258614,-90962.35911123427,-0.9742362270171232,14.216200461765766,57832.6161170837,-0.9890970442026917,-1.0,0.0,0.0,-1.0,-1.0,0.0,0.0,0.0077055968409795155,-0.015250927257588373,0.0,0.0,0.0,0.0
MTL,2017-05-31,-0.2407954129559595,-0.47131863936830687,-0.8958573072497124,-0.8958573072497124,-0.8816950220541903,-353.94117647058823,-353.94117647058823,-1.0003351974375134,-1.0003351974375134,-1.0,-1.2431214894648306,-1.2456325344124939,28.444651806538012,12077.291277428854,27331.087756785804,30.13184527653303,46440.70701739045,-8539.97157487576,6.887610446390459,2420.1688015835934,-2692.1098887837757,-1.0,0.0,0.0,-1.0,-1.0,0.0,0.0,0.03520027251823885,0.014778854869187162,0.0,0.0,0.0,0.0
MTL,2016-12-31,0.28671218899615414,0.8718643047876942,30.6,30.6,0.0,-1.0008947368421053,-1.0008947368421053,0.0,0.0,0.0,-4.428110644120809,-4.410672628304821,-1.0130001477894799,0.0,-1.0920651745759653,-0.957077777103432,0.0,-0.7663885033575182,-1.0223482295981192,0.0,-1.2747346825933856,-1.0,0.0,0.0,-1.000244370369239,0.0,-1.0000163547670193,0.0,0.03480994066153575,-0.02354543627161257,0.0,0.0,0.0,0.0
MTL,2016-11-29,-0.5112173339266807,-0.5013970408986067,-0.08333333333333333,-0.08333333333333333,0.0,0.5833333333333334,0.5833333333333334,0.0,0.0,0.0,-0.5881571532082763,-0.5898907757314837,0.0,0.0,0.0,0.0,0.0,0.0,0.0,0.0,0.0,0.0,0.0,0.0,0.0,0.0,0.0,0.0,-0.037110369406573515,-0.020195012684349305,0.0,0.0,0.0,0.0
MTL,2016-08-29,-0.48513279160625894,-0.47619515357490155,-0.6825396825396826,-0.6825396825396826,0.0,0.0,0.0,0.0,0.0,0.0,-1.1572288432205267,-1.1552447552447553,0.0,0.0,0.0,0.0,0.0,0.0,0.0,0.0,0.0,0.0,0.0,0.0,0.0,0.0,0.0,0.0,0.0,0.0,0.0,0.0,0.0,0.0
MTL,2015-12-31,-0.8506698710518135,-0.8154650667488377,-1.0052050342871306,-1.0052050342871306,-1.0,0.0,0.0,-1.0,-1.0,0.0,-2.0,-2.0,0.0,0.0,0.0,0.0,0.0,0.0,0.0,0.0,0.0,0.0,0.0,0.0,0.0,0.0,0.0,-1.0,-1.0,-1.0,0.0,-1.0,0.0,-1.0
MTL,2015-06-23,263.6329471552743,231.37971281869838,-288.2069478280128,-288.2069478280128,134.20090904628586,-1.0,-1.0,-0.999,-0.999,-216347.15384615384,-506.53370939306774,-552.439598953019,722.5053832871642,293.60097119537807,-83294.09449207423,519.3517143116319,280.30268895025364,-394425.7423116851,-1862.4780393789113,-7723.15744586079,216625.88621101005,-1.0,-1.0,0.0,28.593369720483384,0.0,0.0,171536.07224334602,461237.28125,2953.5904787669488,0.0,966.1230998561856,0.0,307.1384390457609
MTL,2014-12-31,-0.9969422918942966,-0.9963055829174583,-0.9997952907878588,-0.9997952907878588,-0.9636225020234132,-0.02362204724409451,-0.02362204724409451,-0.9764371724378085,-0.9764371724378085,-1.0420355404232338,-1.0014106100747868,-1.0013204681050487,-0.9972660041349174,0.0,-1.0874993004559312,-1.001029311606018,0.0,-1.0652797644317142,-1.0137682361199334,0.0,2.804324050157473,-1.0,0.0,0.0,-1.0001367871311526,0.0,0.0,-0.9999955562032572,-0.9999985263931054,-0.999812961785174,0.0,-0.9991276379464502,0.0,-0.9967276834086249
MTL,2014-12-09,-0.5468551643673331,-0.5428101671256677,-1.509017031850756,-1.509017031850756,-0.9435692263069572,0.0,0.0,0.05643077367347507,0.05643077367347507,0.8071140643248402,-1.2797809363619375,-1.2817680399804974,-0.978931712610328,-0.9907719498147578,24.974911027962914,-0.9828063812148583,-1.0023411609379629,-55.0283433700568,-1.0089181112383907,-1.001382226422601,-34.895887685399124,-1.0,-1.0,0.0,-0.9967459171506964,0.0,-1.2121412127785736,-0.13167334842077077,-0.16757038042228253,-0.12389774740883674,0.0,16.117050424267767,0.0,-0.5845450106826138
MTL,2014-10-14,1589.560231857093,1982.9809504720743,1946.9206970236498,1946.9206970236498,2523.0042023398096,0.0,0.0,39.17274900497752,39.17274900497752,0.0,-3390.1518518201506,-3520.5352474583847,-0.9508828405470592,-0.9749901567143983,19.148017456290916,-1.0649217499648953,-1.0645277174347045,-97.84864048835207,-1.16695442112006,-2.363554837804504,-52.248072968324685,-1.0,-1.0,0.0,-0.9981992930531923,-1.000011605237607,-0.8826077351913965,922.4690594017485,756.7892439696585,938.20146069503,0.0,49.98694310764454,0.0,1331.4858809198627
MTL,2013-12-31,-0.9994873520519989,-0.9996281428162027,-1.0066421792356253,-1.0066421792356253,-0.998633313625998,0.6064561829589152,0.6064561829589152,-0.9465486676290209,-0.9465486676290209,0.0,-0.9996400936494001,-0.999660492750149,-0.9987594488539194,-0.9990378766287824,0.0,-0.9992304608113375,-0.9998498426207849,0.0,-1.0026572927448811,-1.001398282383127,0.0,-1.0,-1.0,0.0,-1.0,-1.0,0.0,-0.9992071537623854,-0.9991538239369759,-0.9990731614701017,0.0,-0.9990151106439804,0.0,-0.9992451316059866
MTL,2013-12-23,0.9225238043084264,0.9480597295727642,-0.7039805549417595,-0.7039805549417595,-2.393184286748733,0.0,0.0,18707.60754339102,18707.60754339102,0.0,0.9030408554494451,0.9379296353575566,-0.870653707108554,-0.8698312305748953,0.0,-0.8857122279806225,-0.905786029757745,0.0,-1.1039271631118517,-1.065816220325704,0.0,-1.0,-1.0,0.0,-1.0,0.0,0.0,-0.08474890805544154,-0.10672439904947964,-0.13981603609617657,0.0,-0.01919624056101526,0.0,1.1574988352345312
MTL,2013-06-18,1167.3961266224583,1488.2585441322476,-365.9624945420947,-365.9624945420947,-477.1545605978653,-1.0,-1.0,-0.999,-0.999,0.0,-309.1724589281343,-308.2432713692856,1257.704326820576,831.5786681625401,0.0,1122.5518499754457,-799.4805291465966,0.0,1394.603242335655,815.9558264856221,0.0,-1.0,-1.0,0.0,-1.0,-1.0,0.0,1152.4086882071606,877.7134216899665,979.6416990994729,0.0,991.7587572584681,0.0,872.8598530367802
MTL,2012-12-31,-0.07026987604590412,-0.09988705892673085,-7.850235178988573,-7.850235178988573,-5.390971111720901,0.0,0.0,120.86421481617752,120.86421481617752,-1.0,-3.4181737160681793,-3.3723043359928337,-0.9989227075491434,-0.9989227075491434,-0.9992368836361086,-1.0036458541878899,-1.0036458541878899,-0.9980290473570733,-1.0029309878720543,-1.0029309878720543,0.0,-1.0,-1.0,-1.0,-1.0,-1.0,0.0,-0.07033054790855935,-0.06364806132297673,-0.06253864743410706,0.0,-0.030678802795950796,0.0,0.18392082471662027
MTL,2012-12-12,-0.12464694092854213,-0.13459090849782515,-1.2094641729510989,-1.2094641729510989,-1.2577766178267666,0.0,0.0,-0.43905610614780954,-0.43905610614780954,0.0,-0.5404879654788564,-0.5431297485705334,-0.85879407876696,-0.85879407876696,-0.9425029827078971,-0.8162666499146828,-0.8162666499146828,-0.9006735559674072,-0.9186552298852083,-0.9186552298852083,-0.6625492705606348,-1.0,-1.0,-1.0,13.941843497301631,13.941843497301631,0.0,-0.07583945010552878,0.05004484041223776,0.052316012888632364,0.0,0.09446375734213354,0.0,-0.2538532487948627
MTL,2012-10-02,0.05690015747194317,-0.17459613464136756,-2.349232972160391,-2.349232972160391,-3.4219844748750545,0.0,0.0,-0.9853713455794257,-0.9853713455794257,0.0,-3.87082347584784,-3.8569110921525573,-0.9095123979169404,-0.9095123979169404,0.0,-0.775709680955868,-0.775709680955868,0.0,-1.1770131537817254,-1.1770131537817254,0.0,-1.0,-1.0,0.0,-1.0,-1.0,0.0,-0.12955956574605199,-0.17400446962826874,-0.11360950722225613,0.0,-0.08037095565966086,0.0,0.28267954403404866
MTL,2012-06-21,-0.4731743581890356,-0.4099118721308179,-0.4361206553946303,-0.4361206553946303,0.030672231812051524,-1.0,-1.0,0.0,0.0,-1.0,-2.7049503296616915,-2.5748633302056763,-0.9987475525943852,-0.9987475525943852,-0.9994514196954113,-1.0011429004934578,-1.0011429004934578,-0.9998443774969831,-0.9989308501844537,-0.9989308501844537,-0.9998342914676365,-1.0,-1.0,-1.0,-1.0,-1.0,0.0,0.14402711749296596,-0.01781849619310091,0.048179663390644174,0.0,0.02426219934039816,0.0,-0.4876834521404338
MTL,2011-12-31,1.1060201961235059,0.6933457513104423,0.6517149189954985,0.6517149189954985,-0.07108679053194197,7.915831435079728,7.915831435079728,-8.694895188272918,-8.694895188272918,0.0,2.90990817933843,2.92040273556231,-0.9976226529116741,-0.9976226529116741,-0.9987894845960813,-0.9993296576014126,-0.9993296576014126,-0.9993337261410244,-0.9989626674877359,-0.9989626674877359,-0.9915278687678936,-1.0,-1.0,-1.0,-0.8617443800789693,-0.8617443800789693,-1.000891033003734,0.13603141253056866,0.08788793540053626,0.06923774962166473,0.0,0.039752992190744255,0.0,0.8862484271076757
MTL,2011-12-15,0.08803230449686923,0.10256772572094253,0.18126874131948706,0.18126874131948706,8.292809839167456,0.0,0.0,2.91383301982347,2.91383301982347,0.0,-1.3274664720831342,-1.3697124869907227,-1.0086862588993617,-1.0086862588993617,-1.0067367256254827,-1.0013192674254203,-1.0013192674254203,-1.0002574238479387,-1.0085930148004145,-1.0085930148004145,-1.0045216927026628,-1.0,-1.0,-1.0,-1.0,-1.0,-1.0,-0.1828613951896534,-0.026748982090081207,-0.02226011411827571,0.0,0.055960376054063586,0.0,0.024063560788471876
MTL,2011-10-11,0.27912534893694274,0.4376063180648833,1.7605402915515092,1.7605402915515092,-0.5432590743230267,0.0,0.0,-1.0332043511729367,-1.0332043511729367,-1.0,0.6451960094382581,0.4375441720438003,-1.0312459168340398,-1.0312459168340398,-1.0314446007916094,-0.9842323020773958,-0.9842323020773958,-0.9870017815850218,-1.003619101826871,-1.003619101826871,-1.002291947514839,-1.0,-1.0,-1.0,-1.0,-1.0,0.0,0.19414871806592035,0.04593572577466739,0.05467158397118333,0.0,0.04994340338097787,0.0,0.2209565764631844
MTL,2011-06-29,-0.6672835749610981,-0.7282918877423546,-0.8958875938075884,-0.8958875938075884,-0.9192382931780243,-1.0,-1.0,0.0,0.0,-2.0,-1.474732487643828,-1.524640765852531,-0.9991888985734354,-0.9991888985734354,-0.9994634913608506,-1.0003182333144545,-1.0003182333144545,-0.9997738394491332,-0.9997368969557263,-0.9997368969557263,-0.9998459851923058,-1.0,-1.0,-1.0,-1.0153392299717838,-1.0153392299717838,-1.0000729163735944,0.40583473664117087,0.2573354276646741,0.10990320250445804,0.0,0.11383836613021729,0.0,-0.4193373251825827
MTL,2010-12-31,0.4158414761713541,0.9401999357472004,1.421095318753671,1.421095318753671,6.82838799763231,0.0,0.0,0.0,0.0,0.0,-2.0,-2.0493592594089827,-0.9975621839935619,-0.9975621839935619,-0.9975621839935619,-0.9993296576014126,-0.9993296576014126,-0.9993296576014126,-0.9967422302644774,-0.9967422302644774,-0.9967422302644774,-1.0,-1.0,-1.0,-0.9846607700282162,-0.9846607700282162,-0.9846607700282162,-0.06928469027871836,0.20556829682427016,0.05996384062327053,0.0,0.06181850206765352,0.0,-0.4042365923142953
MTL,2010-12-14,0.0,0.0,-2.2424338853319417,-2.2424338853319417,-1.2795505942152583,0.0,0.0,0.0,0.0,0.0,0.0,0.0,0.0,0.0,0.0,0.0,0.0,0.0,0.0,0.0,0.0,0.0,0.0,0.0,0.0,0.0,0.0,0.6320914783117968,0.49484256400453375,0.12896927031456665,0.0,0.1492031605798876,0.0,0.0
MTL,2009-12-31,0.0,0.0,-0.3175368212873588,-0.3175368212873588,-0.3175368212873588,0.0,0.0,0.0,0.0,0.0,0.0,0.0,0.0,0.0,0.0,0.0,0.0,0.0,0.0,0.0,0.0,0.0,0.0,0.0,0.0,0.0,0.0,-0.14364141030463504,-0.2412430069686743,0.660279428649654,0.0,0.11701414969853224,0.0,0.0
MTL,2008-12-31,-1.0,-1.0,11.786023694927804,11.786023694927804,0.0,0.0,0.0,-1.0,-1.0,0.0,-1.0,-1.0,0.0,0.0,0.0,0.0,0.0,0.0,0.0,0.0,0.0,0.0,0.0,0.0,0.0,0.0,0.0,0.19017369117147906,0.37380795195175853,0.15744102936291174,0.0,1.3124079964787791,0.0,0.0
MTL,2008-12-18,-0.42517551692292826,0.8442769339369361,-1.2199117421960235,-1.2199117421960235,-1.0,-1.0,-1.0,0.0,0.0,0.0,-2.0,-2.0,0.41170141518544856,0.41170141518544856,0.41170141518544856,-2.849792891256907,-2.849792891256907,-2.849792891256907,-1.0,-1.0,-1.0,0.6634931164846813,0.6634931164846813,0.6634931164846813,-1.0,-1.0,-1.0,0.0,0.0,0.0,0.0,0.0,0.0,-1.0
MTL,2008-07-14,0.7806782435667127,0.044531340547107646,-0.7954928231338109,-0.7954928231338109,-0.9282665408630081,0.0,0.0,0.0,0.0,0.0,0.0,0.0,1.455882546318351,1.455882546318351,1.455882546318351,0.8497928912569065,0.8497928912569065,0.8497928912569065,-0.7589432678070173,-0.7589432678070173,-0.7589432678070173,0.6634931164846813,0.6634931164846813,0.6634931164846813,-1.0,-1.0,-1.0,0.0,0.0,-0.2565467693104295,0.0,-0.3283469664387829,0.0,1.4000603901946043
MTL,2007-12-31,-0.39590832053713737,-0.3473085395731449,-0.2522640912758095,-0.2522640912758095,-0.4791606400875561,0.0,0.0,-1.0,-1.0,0.0,-1.0,-1.0,0.0,0.0,0.0,0.0,0.0,0.0,0.0,0.0,0.0,0.0,0.0,0.0,0.0,0.0,0.0,0.7876885736404913,0.5215127113258886,4.447135125817869,0.0,9.716004761255284,0.0,-0.40798651646042494
MTL,2007-12-11,0.16251084710306013,0.27703083843294196,0.6911352426872727,0.6911352426872727,51.694875035464655,-1.0,-1.0,0.0,0.0,-1.0,-8.299483130546363,-8.474470488467894,1.283070309193276,1.283070309193276,1.283070309193276,-8.344056748231285,-8.344056748231285,-8.344056748231285,5.451990131695194,5.451990131695194,5.451990131695194,0.35975387531895836,0.35975387531895836,0.35975387531895836,-1.0,-1.0,-1.0,0.0,0.0,0.0049510882783904515,0.0,0.0,0.0,-0.0231288444130833
MTL,2007-07-11,0.5231348755149294,0.33140168806751236,-0.014892480645479106,-0.014892480645479106,-0.93557108766892,0.033962264150943514,0.033962264150943514,0.0,0.0,-2.0,-0.8036821209757126,-0.8090360944510943,0.9639131238066417,0.9639131238066417,0.9639131238066417,0.0061064073836123835,0.0061064073836123835,0.0061064073836123835,-0.8775594376615775,-0.8775594376615775,-0.8775594376615775,0.35975387531895836,0.35975387531895836,0.35975387531895836,-156.16329848800027,-156.16329848800027,-156.16329848800027,0.0,0.0,0.0,0.0,0.0,0.0,0.8515229096283784
MTL,2006-12-31,0.29758770827776465,0.4280797325511204,0.5016141365031559,0.5016141365031559,0.20350633688593606,1.2083333333333333,1.2083333333333333,0.0,0.0,0.0,3.224736244821276,3.230294332674447,0.2893888488652047,0.2893888488652047,0.2893888488652047,4.124884256003714,4.124884256003714,4.124884256003714,0.9003977858455673,0.9003977858455673,0.9003977858455673,0.35975387531895836,0.35975387531895836,0.35975387531895836,154.16329848800024,154.16329848800024,154.16329848800024,0.3592133609197364,0.3149471064595758,-0.4218450376367154,0.0,6.072322700865943,0.0,0.2365333463879506
MTL,2005-12-31,-0.342722536826804,-0.2501356566612958,-0.29791563253729975,-0.29791563253729975,-0.07565788865575346,-0.452054794520548,-0.452054794520548,0.0,0.0,-1.0,-1.8620960833602493,-1.8653039611244664,-0.006318539671928692,-0.006318539671928692,-0.006318539671928692,0.21306608484395873,0.21306608484395873,0.21306608484395873,0.5790509178064097,0.5790509178064097,0.5790509178064097,0.049123701699393285,0.049123701699393285,0.049123701699393285,-1.0,-1.0,-1.0,0.03725746144826213,-0.12644029936064868,-0.14840757801321183,0.0,-0.7889298653944927,0.0,-0.4460900179421242
MTL,2005-10-17,0.5480681865361965,0.7829299142978782,1.1572247682078594,1.1572247682078594,0.7492626990389217,1.3804347826086956,1.3804347826086956,0.0239803911906564,0.0239803911906564,209.36742799502818,-2.4408555009982194,-2.4393177035558193,0.5118142884905689,0.5118142884905689,0.5118142884905689,-2.407112395309477,-2.407112395309477,-2.407112395309477,0.7082970671000124,0.7082970671000124,0.7082970671000124,-0.02341879922404836,-0.02341879922404836,-0.02341879922404836,209.36742799502818,209.36742799502818,209.36742799502818,0.0,0.0,-0.06919588240987334,0.0,-0.6174943760365172,0.0,0.75529324035952
MTL,2004-12-31,1.680828055178684,2.0954891152798627,6.186571970981084,6.186571970981084,3.917875318066158,4.75,4.75,0.008053191317655644,0.008053191317655644,-1.4234367776745063,1.2683169377170571,1.2683169377170571,0.0,0.0,0.0,0.0,0.0,0.0,0.0,0.0,0.0,0.0,0.0,0.0,0.0,0.0,0.0,0.0,0.0,0.0,0.0,0.0,0.0,1.0416072816791915
