symbol,date,revenueGrowth,grossProfitGrowth,ebitgrowth,operatingIncomeGrowth,netIncomeGrowth,epsgrowth,epsdilutedGrowth,weightedAverageSharesGrowth,weightedAverageSharesDilutedGrowth,dividendsperShareGrowth,operatingCashFlowGrowth,freeCashFlowGrowth,tenYRevenueGrowthPerShare,fiveYRevenueGrowthPerShare,threeYRevenueGrowthPerShare,tenYOperatingCFGrowthPerShare,fiveYOperatingCFGrowthPerShare,threeYOperatingCFGrowthPerShare,tenYNetIncomeGrowthPerShare,fiveYNetIncomeGrowthPerShare,threeYNetIncomeGrowthPerShare,tenYShareholdersEquityGrowthPerShare,fiveYShareholdersEquityGrowthPerShare,threeYShareholdersEquityGrowthPerShare,tenYDividendperShareGrowthPerShare,fiveYDividendperShareGrowthPerShare,threeYDividendperShareGrowthPerShare,receivablesGrowth,inventoryGrowth,assetGrowth,bookValueperShareGrowth,debtGrowth,rdexpenseGrowth,sgaexpensesGrowth
NFLX,2020-06-30,0.06598741160024002,0.15525394489826982,0.4170827002387671,0.4170827002387671,0.015695272802147046,0.018633540372670686,0.006369426751592362,0.0013861323039385275,0.0016044411638607362,0,3.00549416725661,4.554982488866378,0.4166860691155553,2.6067674706993293,1.1623181870720796,1.009774618648574,-6.538993168444325,-2.907985477564883,0.9821819128328442,25.38557562155667,9.754988621219807,5.329734386940082,3.432127943780331,1.9380322624251594,0,0,0,0,0,0.06033589361752497,0,0.07664141823836519,-0.041364691053882956,0.09976317699841722
NFLX,2020-03-31,0.05491735245455181,0.08323078068422728,1.0899256726105315,1.0899256726105315,0.20801233453157741,0.2105263157894737,0.2076923076923077,0.003547289966400106,0.001613670824433057,0,-1.177781425810975,-1.1031380278675325,0.40702887350885175,-0.49497880240804065,1.1439437674860449,-0.5849320174163479,-1.2810542953719017,-1.7408173449777575,1.6460299452239904,3.121774156469329,2.8993065435320102,5.901749330112638,-0.393295962329393,1.771572757860804,0,0,0,0,0,0.03191097216741182,0,-0.006051087472050952,-0.15526025311460517,-0.00981593646154934
NFLX,2019-12-31,0.04242765121579895,-0.06780435456961527,-0.5322446872650446,-0.5322446872650446,-0.11766209090198483,-0.12499999999999996,-0.11564625850340131,0.0005759381277897003,-0.0002898897091366155,0,1.9134963750064768,1.869008475180351,1.5640037232752646,-0.4946673589050927,1.1615485359180189,-2.78492156645478,4.216270153175305,1.5701727176313538,1.453066867648447,-0.03385659060792005,7.613505602913372,3.9188362295960717,-0.43991231601952313,1.771358331579514,0,0,0,0,0,0.09805537256811687,0,0.18775148881377757,0.41458912622177285,0.0918284199782137
NFLX,2019-09-30,0.06536287180720503,0.11970373290902178,0.38761698085697016,0.38761698085697016,1.457949381119527,1.4516129032258065,1.45,0.0006311875244413648,-0.0003694175369362235,0,-0.07716724842483917,-0.062075503395972835,1.4629586632439648,-0.48974051698078586,1.2428839152130327,-1.8282994722326957,0.8378023812469032,0.06384720961700391,1.8530409130579957,0.5383688549092276,11.646510424928454,2.8197779586115765,-0.4545441621449976,1.6571538344490266,0,0,0,0,0,0.025533238680590212,0,-0.01333968556455455,-0.009020621919302356,0.03791112673987457
NFLX,2019-06-30,0.08894596584112513,0.1618301988998884,0.5387576129858588,0.5387576129858588,-0.213345657051841,-0.21518987341772156,-0.21052631578947373,0.0007415086955626198,0.0003120007434911334,0,0.4316888670059689,0.32522604389113546,1.365126493629095,-0.4968119974969999,1.2905684844563823,-1.9340167803681276,-2.3297048334730923,1.3535788000289732,0.07906038789519505,-0.4778846159343382,5.504658978874355,1.4346770124215822,-0.48035679483800436,1.4754545639353238,0,0,0,0,0,0.10848109486178438,0,0.2221224542633238,0.028084793595948107,0.11242770559340834
NFLX,2019-03-31,0.07980981365186784,0.4767280695710685,1.1276840295318562,1.1276840295318562,1.5688174772649215,1.6333333333333335,1.620689655172414,0.003612985616963806,0.0015025130528051342,0,-0.6924883731474765,-0.6627469368491379,1.343935399170137,-0.5127010786932453,1.2626288645303405,-1.7778437708828019,-2.43000564876054,0.6279096621692528,1.0680205020072668,-0.11324679434543841,11.188128547622009,1.2136097799008234,-0.4718904284788642,1.4114140958256831,0,0,0,0,0,0.047902242207712206,0,-0.005312228946980799,0.4064920707388947,-1.6660268650711203
NFLX,2018-12-31,0.046874085794426826,-0.2957962934491389,-0.5511101217472351,-0.5511101217472351,-0.6675214417813745,-0.6774193548387097,-0.6741573033707866,0.0007838485816018555,-8.642027286647181e-05,0,0.7888938617721908,0.7885614681312899,1.5177191271836599,-0.5237783126376553,1.246230962415377,-4.15620145299068,-4.983508079139082,3.9364231581469675,-0.17502120705861074,-0.6302547058354033,2.034326085215886,1.1129785350266088,-0.47487632162181664,1.3048367533611571,0,0,0,0,0,0.11162139171023275,0,0.24272190078768455,-0.18957208295364894,-1.8812840596980223
NFLX,2018-09-30,0.023572468756958183,-0.018780106133103498,0.03992747932230379,0.03992747932230379,0.04809691192119662,0.05681818181818187,0.03488372093023259,0.0009088022676342151,0.0007206879576368531,0,0.3322250930555207,0.3376004927029375,1.524650905702019,-0.519813515294531,1.249134853388449,-2.3360744553957153,-3.642642977696767,2.444151711411285,1.8024170803700146,0.6810180359755414,12.380408415661726,1.1855735445557893,-0.4476423622842228,1.2596800677655082,0,0,0,0,0,0.03100539867188427,0,-0.0006570314048065065,0.030935049950664064,0.1056179847492103
NFLX,2018-06-30,0.05577466402367452,0.07484278443175452,0.03501068122478044,0.03501068122478044,0.3247749238256745,0.31343283582089543,0.34374999999999994,0.0010686959606056557,0.001330050026756432,0,1.1889067693880224,0.9916328072807719,1.4326336772795472,-0.5200794391327889,1.3201923604954182,-1.9485206247189522,-3.0104511919652017,1.79103301821734,1.0741415870262203,0.7129931455546858,13.253716298180512,0.6539201560322486,-0.46580191546837413,1.161126560820724,0,0,0,0,0,0.12458518785258443,0,0.2750827566694837,0.0548099624247664,0.11840388713787192
NFLX,2018-03-31,0.12633352151940727,0.2769685361774133,0.8205158518240706,0.8205158518240706,0.5638674622810848,0.5952380952380953,0.5609756097560977,0.005300021996596316,0.007933950144802982,0,-0.514799459788465,-0.46240545430994895,1.401635426957871,-0.5340645181600314,-0.6720870228392559,-1.440300334280667,1.5089830526274994,-0.74093095794182,2.135611812401994,12.909126825183222,0.7065906806043252,0.6355995788966226,-0.3623760096147776,-0.7064574555893519,0,0,0,0,0,0.0599626818688225,0,0.00660688503241514,0.48969896915387395,0.16030741259674405
NFLX,2017-12-31,0.10080744182556027,0.1880491471237923,0.17579699655365796,0.17579699655365796,0.4315687938884173,0.4,0.41379310344827586,0.0009548685549269595,0.0010014181155865018,0,0.16289051421925754,0.1234032233172388,1.5509130593290874,-0.5531284518686159,-0.6921525046317377,-1.8802738304899247,2.875530647054256,0.7648521430018386,0.8263577444281062,2.020026360525869,-0.6904605205437893,0.2915017658185936,-0.38163656909927796,-0.7317806279914768,0,0,0,0,0,0.12159379029869853,0,0.3294580675804183,-0.20907317149618393,0.11266390133904958
NFLX,2017-09-30,0.0715841238658981,0.12310735589182432,0.6323597299052478,0.6323597299052478,0.9754573170731707,0.8749999999999999,0.9333333333333332,0.001097447795823666,0.0011326374528441536,0,-0.21499528556034483,-0.24374623807229237,1.4093047493016406,-0.5757376539940404,-0.7055250443113094,-1.9331199642728754,-360.876444273454,0.558429485783301,0.29291542283519295,1.1721762503269704,-0.6961060258885371,0.2021389815987352,-0.4028552119913516,-0.7317676106688403,0,0,0,0,0,0.026294795438676345,0,0.010809671948858906,-0.04435699763743855,0.007399167067863871
NFLX,2017-06-30,0.05644656920658339,-0.09846255299297374,-0.502584240801426,-0.502584240801426,-0.6319197405483049,-0.6097560975609756,-0.625,0.0009289363678588017,0.0009069317421619995,0,0.5545111907310036,0.5130947905918326,1.246122454270929,-0.5966691435635265,-0.7111574541068548,-2.1755294226951865,-4.494828861921385,-2.3261622089041722,-0.5932495115637398,0.37020797354898066,-0.8716086683425706,0.11165992997734442,-0.41773113830984526,-0.731240782103213,0,0,0,0,0,0.15029685712805319,0,0.4371122153447805,0.03879692580549808,0.10114724819986515
NFLX,2017-03-31,0.06421447717716881,0.19011641044705402,0.6691699039848247,0.6691699039848247,1.670072511535926,1.5624999999999998,1.5,0.00414624249688682,0.015515716330941155,0,-0.38284155359322275,-0.3588258320824059,1.157328218584275,-0.6096001709756154,-0.7116191213519404,-1.8703113515297556,-3.3174648831159703,-2.3137577146984984,1.8823499467349547,-6.007157122372371,-0.5338832284224622,0.09760062641777825,-0.4227121606238215,-0.7205747443907035,0,0,0,0,0,0.056856419666127166,0,0.00033617691644621464,0.8183927068525316,0.22194828963339852
NFLX,2016-12-31,0.0818068210994032,0.08685353023196857,0.45171451205251045,0.45171451205251045,0.2956499796183784,0.3333333333333334,0.4545454545454546,0.000718762980906108,0.001077182892875074,0,0.20612805531442327,0.2634358388496384,-0.20130909941375494,-0.651284880464206,-0.7138926707950908,-1.9333501706748752,-2.0488355615494953,-2.8244786595998344,-0.7688347055250253,-0.7664367460166437,-0.8129164918495518,-0.05589904805116322,-0.4862367459974765,-0.7272777954250637,0,0,0,0,0,0.10036754481006352,0,0.4171440606571188,-0.34570266405675176,0.038095922071478
NFLX,2016-09-30,0.08786986914332293,0.1981281620487703,0.5068352991331533,0.5068352991331533,0.2640657588026009,0.1999999999999999,0.09999999999999995,0.0004996497781928554,0.0002442515288547799,0,1.0413402093745718,1.063654805636274,0.0,-0.6579442776478173,-0.7208444703867689,0.0,-2.144779611749798,-2.7950414791010854,0.0,-0.898757920480973,-0.7817506656465365,0.0,-0.20066299908722213,-0.7169175822937836,0,0,0,0,0,0.06502182644130029,0,0.0003792507690362817,0.04244573082489146,0.10663478003280182
NFLX,2016-06-30,0.07532578447758023,0.07465198675271509,0.4229672618445797,0.4229672618445797,0.47353387808229086,0.6666666666666669,0.6666666666666669,0.00042745324292191154,0.0001826513209115214,0,-0.010048558554617438,0.00038816108685104316,15.719197317739381,-0.6720669768374512,-0.737596429976373,-1.3916424313807216,-1.3217739174511731,-1.8908696848012012,3.1045372238355124,-0.9266059883195323,-0.8156723923975554,-0.14992073661260952,-0.11155681360628429,-0.7087507748191813,0,0,0,0,0,0.0294108454473759,0,0.00037180394044729445,0.01863317412583289,0.08789153075260366
NFLX,2016-03-31,0.07371281055078803,0.024788838402140887,-0.17432464019768257,-0.17432464019768257,-0.3594423085830747,-0.4000000000000001,-0.4000000000000001,0.005231410062246266,0.0035215462727056107,0,-0.06600747717011583,-0.07990714249667118,0.7029204338707601,-0.6642396554711848,-0.7500350806121259,-2.0012765392039125,-1.2421729963428036,1.456707583002711,-0.19006095863889885,-0.943412519263049,0.3447399958603262,0.2567147897401706,0.03569616099182276,-0.6273245517956602,0,0,0,0,0,0.10383381305124803,0,0.00034494391498692754,0.12523015166510928,0.16675226059683423
NFLX,2015-12-31,0.04888414621869526,0.01695792146308361,-0.18667590065316875,-0.18667590065316875,0.4670426746398478,0.4285714285714285,0.6666666666666669,0.0014108053582387505,0.001392684163552056,0,0.24889650914175201,0.10184397041776987,-0.1628053941333512,-0.6226196495478847,-0.7485305588057204,-1.4800355839288315,-1.3121143389991126,0.9712202352393392,-0.17117034546664095,-0.8869187941917412,-0.287210586988999,0.22842148615880875,-0.05489108365348659,-0.6107595833805689,0,0,0,0,0,0.028902408537406263,0,-0.011916666666666667,0.05296282064717458,-0.016682898676189446
NFLX,2015-09-30,0.05694737136512932,0.07927265356387515,-0.015955101222689918,-0.015955101222689918,0.11760015188912094,-1.2592592592592593,-1.2307692307692308,0.0018916996084676527,0.002048473645731312,0,0.08065378867670657,0.11924492893082664,0.2483263915894515,-0.6120290108051115,-0.7493206187691477,-1.7364923578667033,-1.573000520666426,-171.5169465469363,-0.4695866819708785,-0.9042869047823816,-0.4994899292202322,0.5184327542873909,0.393913518490749,-0.6053865929126816,0,0,0,0,0,0.027075066124722044,0,0.0,0.10770599957436106,0.1562571684774675
NFLX,2015-06-30,0.04549213700847165,-0.007187770538114549,-0.2321150057461829,-0.2321150057461829,0.11136900742741392,-1.6923076923076923,-1.6842105263157894,6.014210648071648,6.018508059961596,0,0.4236155814793299,0.48756569670555056,0.24847713700071877,-0.607214470956491,-0.7581963202881931,-1.6204871557255942,-1.3628411441448007,-2.203843823658912,-0.42146089292118105,-0.9248763058550283,-0.44149139000839716,0.542198171806566,0.4281479386944794,-0.6140173021286689,0,0,0,0,0,0.04482759068487351,0,0.0,0.0835394742358811,0.04827902807987845
NFLX,2015-03-31,0.059540198608768746,0.11975441968043946,0.49826276788734125,0.49826276788734125,-0.7157764690359957,-0.717391304347826,-0.7185185185185186,0.007323812377242917,0.004440914763610432,0,2.3119783676971477,1.602646797153025,7.906968624789009,1.7860788422700724,0.657346828718092,-4.775782283661693,-2.4768249032964187,-7.108492949796061,-3.3462967280294205,-0.3580361648221519,-5.736902069492312,9.953911268825973,10.375809128634398,1.6371923536266504,0,0,0,0,0,0.3094917121450388,0,1.6666666666666667,0.13688073977565224,0.20693112409799083
NFLX,2014-12-31,0.053422939169821604,0.033751027386723746,-0.4108525727535392,-0.4108525727535392,0.40603760856733284,0.39393939393939387,0.4210526315789475,0.0013667577838522569,0.0004864680795861778,0,0.027297737653249287,-0.07728617605308614,7.928836599809258,4.073892946475459,0.4916207558884108,-2.0228941815866395,-1.3421834977945386,-1.5167846883726153,11.954642618154788,1.539029758731133,1.082297904496588,9.2861619017255,7.782261010701904,1.542141373865536,0,0,0,0,0,0.04106056227132085,0,0.0,0.04070176018784156,-0.028465600328104173
NFLX,2014-09-30,0.05149555321629923,0.06927124088551764,-0.14809413580246913,-0.14809413580246913,-0.16507082711425272,-0.16101694915254233,-0.18103448275862066,0.0014856360692406564,0.0012501623587478894,0,-1.6682671712123376,-2.6172313649564374,7.590859962426233,3.8268748454621484,0.5035316408639807,-1.6560697325425333,-1.4507010550670387,-1.6626776676391966,1.7050349459668956,0.8545883218796322,-0.16771650050445236,9.282992701746107,6.002909664754531,2.893919964895457,0,0,0,0,0,0.07153331219247079,0,0.0,0.05010331475404143,0.3000966441163728
NFLX,2014-06-30,0.05536462405390488,0.06150116112875184,0.3279368820123982,0.3279368820123982,0.33706109385296057,0.3258426966292134,0.34883720930232553,0.0015045889964391394,0.0007148891921752128,0,0.5408564591985479,0.5702497285559175,8.593635428032135,3.700283953242692,0.4927880715203669,0.5092937526439669,-0.2975758552907236,-0.4304598648879928,20.15476971549647,1.066708664074704,-0.08563694607986383,10.371275139594792,3.68528595820393,3.232328487524332,0,0,0,0,0,0.045917846016587674,0,0.0,0.0441664400326353,0.07359570661896243
NFLX,2014-03-31,0.08071526424614757,0.10325801293958682,0.1860174022943807,0.1860174022943807,0.09694140971892361,0.08536585365853666,0.08860759493670879,0.02781882538918863,0.012952387222066786,0,-0.12271685366147907,0.2557264397905759,9.848521569545706,3.810056613473662,0.5590041633137888,-0.07777783482224332,-0.4560554557550179,-0.7243117458979035,-8.864641820765772,1.3321263332572295,-0.22222385551012347,10.164221168331304,3.191572922120824,3.7291176988415433,0,0,0,0,0,0.11741997275597531,0,0.8,0.12414397521604435,0.21205550737207285
NFLX,2013-12-31,0.06259589746464508,0.15366372468093212,0.44061624649859943,0.44061624649859943,0.5216202627113318,0.4909090909090907,0.49056603773584906,0.007426128200245807,0.003020898676087028,0,0.1946213933646557,-0.2316781898177247,10.88610856487414,4.286863647744779,0.7800185297897336,0.08518193993147555,-0.20768292914500633,-0.6132232142082324,16.506899501843332,1.2312083641398286,-0.07199561983087925,8.715177983042187,3.0237731072276746,3.1482070910464577,0,0,0,0,0,0.10430608049864068,0,0.0,0.027088130625915845,-0.001969228105862241
NFLX,2013-09-30,0.034250943544435426,-0.0027449999525086515,5.252376700456957e-05,5.252376700456957e-05,0.07977333650028842,0.07843137254901968,0.10416666666666677,0.011911226330816795,0.0034620417764084214,0,0.02466182290743694,-0.07696770450589828,5.229972162622727,4.257646739579851,0.8172087338881294,-0.3582346988904736,-0.4944173440484232,-0.25320947984700526,2.9183163579237337,0.6670951889839148,-0.23815195474946926,3.671179255022968,2.9568087690323646,4.702462279598644,0,0,0,0,0,0.09386239047873894,0,0.0,0.025921869295363272,0.053986862512544476
NFLX,2013-06-30,0.044348368736699936,0.06310712290220735,0.7948903274464207,0.7948903274464207,9.959836370397918,9.2,8.6,0.019956406774815978,0.0037076447311541914,0,-3.7832305795314425,-2.0610226526592252,5.875520232418894,4.068825709162795,0.89893506990641,-0.4176475597937764,-0.5282050971892632,-0.49628142293472555,1.1932405680520224,0.2108288888421621,-0.3749001118933394,3.5830912030013056,2.096080281684972,4.77764790339918,0,0,0,0,0,0.026920517985400464,0,0.0,0.012514270182114704,-0.006390790010424693
NFLX,2013-03-31,0.08328264068664115,0.19138475851338563,0.6204297789998982,0.6204297789998982,-0.6594909459288337,-0.6428571428571429,-0.6153846153846154,0.008123052538679058,0.02108515550726606,0,-0.24842456443840355,-0.31066478076379067,6.471922043362969,4.154437729176296,0.9607680534772479,-1.385255950041198,-1.1754895609277107,-1.1524919080597196,-1.2416120729812246,-0.7745644387450117,-0.9212337688649198,2.626292967386732,1.5651474906213465,4.237073897316474,0,0,0,0,0,0.09964968786937138,0,1.5,0.11974823165609516,0.46001389670118786
NFLX,2012-12-31,0.04436027838146304,0.02854597423809347,0.21710567090176636,0.21710567090176636,0.028925081433224756,0.0,0.0,0.0002342004756071197,0.0012748814360264496,0,-108.90666666666667,1.5740916041651496,4.313026017664974,4.708381010149022,2.4953785755004603,-1.2851200935712161,-1.227136335809655,-1.1558246687693146,-1.86643217869852,-0.3952510586331148,-0.7397605662936625,1.1167292877871995,1.0885804387516307,2.8093658444100162,0,0,0,0,0,0.041760035160375894,0,0.0,-0.004629124707650174,-0.011092206007460245
NFLX,2012-09-30,0.017911226625489364,-0.013363989663662075,-0.0011761792744831002,-0.0011761792744831002,0.24513303049967552,0.2727272727272728,0.18181818181818185,0.0003063559856553315,-0.0008322293556166989,0,-0.9923826934795856,-1.855745264207378,3.5616815490561353,4.67880881247896,2.3502708161905934,-0.9972193553650861,-0.9974071101926199,-0.9980482584379533,-1.929538605400205,-0.40478337214092325,-0.740537529865786,0.6854350403511553,1.013144895072457,2.145647804967818,0,0,0,0,0,0.0950303166210983,0,0.0,0.011944032275865452,0.025226434082522644
NFLX,2012-06-30,0.022272017070767574,-0.0005002887845829706,-9.348320413436692,-9.348320413436692,-2.344677137870855,-2.375,-2.375,0.000631130986728217,0.0617065781881131,0,0.03050918415406353,0.11887331799484069,0.0,4.568932846140185,2.366075175776072,0.0,-0.6636374857998326,-0.7334552299584871,0.0,-0.7031468971949314,-0.80634510771294,0.0,0.9091866371671045,1.162598539263392,0,0,0,0,0,-0.0006231936649734992,0,0.0,-0.01514474462868806,0.024680324487831706
NFLX,2012-03-31,-0.006605944664934472,-0.18161906664003727,-1.0312742435996898,-1.0312742435996898,-1.1301570175189528,-1.123076923076923,-1.126984126984127,0.04936893295740534,0.01999301072302231,0,-0.708108025539975,-0.7383141762452107,0.0,4.525945602936028,2.553096721396885,0.0,-0.6244554306430008,-0.6916409191024434,0.0,-1.5756459955802842,-1.2170978802546113,0.0,0.9013056426129703,1.0288515629122867,0,0,0,0,0,0.13399698161994217,0,0.0,0.024980503323719098,-0.15619108391101313
NFLX,2011-12-31,0.0653850693383984,0.0532848097271599,-0.3611036533735363,-0.3611036533735363,-0.4361351264809478,-0.45378151260504196,-0.4568965517241379,0.004714918534572901,0.00668419493408384,0,0.321717712139872,0.546077684691546,0.0,1.2903821940656146,3.337668065956974,0.0,-0.11010819532473502,0.3782576033901652,0.0,-0.010266852629790268,0.7871916110898476,0.0,0.8376186786301372,1.135949318997195,0,0,0,0,0,0.5646725714967388,0,4.770506939034594,0.16267990788716177,0.15725698174006444
NFLX,2011-09-30,0.04213616362967754,-0.04490476573173672,-0.15872960717202078,-0.15872960717202078,-0.08435218576831735,-0.08461538461538469,-0.07936507936507943,-0.00028509522180408255,-0.0012759583556780146,0,-0.42667145106028337,-0.5441323971915747,0.0,0.0,3.290824752218402,0.0,0.0,-0.20723444999165036,0.0,0.0,2.5937864673277673,0.0,0.0,0.40129005846066645,0,0,0,0,0,0.24884875656796077,0,-0.014949552366065084,0.2007258273567787,-0.028627323117052496
NFLX,2011-06-30,0.09749733144249624,0.06501380161339791,0.12591940532081378,0.12591940532081378,0.1325021167798383,0.1403508771929826,0.13513513513513503,-0.0027483462537197445,-0.003115437082918556,0,-0.25730938851301977,-0.222363329100127,0.0,49.98357328121865,3.055943951861693,0.0,0.21713541757203017,0.3062207766469857,0.0,54.92468826619341,2.0409727876422834,0.0,-0.04318106502909704,0.014956270640759576,0,0,0,0,0,0.4407542552293733,0,-0.014563786584511972,0.1367252725665455,0.3335942255848335
NFLX,2011-03-31,0.20578364282573894,0.3669344617124583,0.3032006424228519,0.3032006424228519,0.2789680433167003,0.28089887640449424,0.27586206896551735,0.004378533762302728,-0.0010680612846199174,0,0.20271513797987945,0.2228145901859845,0.0,4.071833114361766,2.837345989358775,0.0,3.1345507316041674,0.7802419823003288,0.0,13.313042934816842,4.3572311712906515,0.0,0.21340103118340403,-0.0769807528666743,0,0,0,0,0,0.11009533972733021,0,-0.013837485499640943,0.10761765921799865,0.20357965250157004
NFLX,2010-12-31,0.0771900458950253,-0.01733173652694611,0.12880390210212803,0.12880390210212803,0.24041931150736165,0.21917808219178087,0.24285714285714294,0.0003618358407922301,-0.0006808855192212142,0,1.2904066118833921,1.3355990289875768,0.0,1.218437194368121,2.803810614480725,0.0,0.5380119525049971,0.4345247409712331,0.0,6.329508459069036,2.811938861589717,0.0,0.2997671114007584,-0.13982409216334546,0,0,0,0,0,0.27494310532622424,0,-0.013084010249141362,0.09145530540514867,0.11514444120221769
NFLX,2010-09-30,0.0642531342640419,0.0188642409156356,-0.10138087972899588,-0.10138087972899588,-0.12757646085617777,-0.12048192771084336,-0.1250000000000001,-0.0035485891037440463,-0.003794822908264281,0,-0.31941332903537756,-0.3788803349061624,0.0,2.217576639376979,2.6692441416681376,0.0,0.28532580914608796,-0.2283922322218311,0.0,4.541700608711335,2.1125512748458606,0.0,0.08933067521395757,-0.43008374948172456,0,0,0,0,0,0.10996264978990507,0,-0.012649370222844224,0.11211472941922193,0.0009346340323617033
NFLX,2010-06-30,0.052979247060253414,0.09856141724261808,0.32559773759533805,0.32559773759533805,0.3485064452156668,0.360655737704918,0.35593220338983067,-0.0040445276029559074,-0.004144226380648106,0,-0.17725295708905744,-0.18166906182409384,0.0,2.1785212149768998,2.428304646415526,0.0,0.7100793714782616,0.11599233373781338,0.0,6.701153592931276,1.2069603432893816,0.0,0.07985883676472903,-0.4840079315401377,0,0,0,0,0,0.07046042453026641,0,-0.8159837953218402,0.012406748843551967,-0.00430407724073751
NFLX,2010-03-31,0.7919785397443064,0.0,0.0936474910495042,0.0936474910495042,0.04396208714780189,-0.702439024390244,-0.7020202020202021,-0.06451555869872702,-0.06232881402355519,0,-0.2873356833023049,-0.1738343087402859,0.0,2.196954978320602,2.2872036073582613,0.0,1.5566892021076935,0.5533401076396859,0.0,-4.654873685181049,3.2475581307532546,0.0,-0.03708728364178091,-0.5592305878282571,0,0,0,0,0,-0.04625485851818505,0,4.802712877546915,0.0,0.2712954747116238
NFLX,2009-12-31,0.0007701417496748694,0.0,0.08131828039807852,0.08131828039807852,0.025612952456786436,0.38513513513513503,0.38461538461538464,0.0,0.0,0,0.3512405664593735,0.22054539865626419,0.0,0.7597605416589656,-0.3266744774426759,0.0,1.9893147629253238,0.3439644574578042,0.0,4.102201962622448,-0.18830440970895349,0.0,0.1712430192169157,-0.46807701722356027,0,0,0,0,0,0.3812054107544536,0,0.12436991081814656,0.0,0.1716191631291692
NFLX,2009-09-30,0.022399839550146152,0.0,-0.06526846273350763,-0.06526846273350763,-0.07095521375951669,0.574468085106383,0.5714285714285713,0.0,0.0,0,0.03995909803192478,-0.0007605786248153402,0.0,0.779797537220732,0.0,0.0,0.4556649583279697,0.0,0.0,0.4585635604700307,0.0,0.0,0.4683885975996738,0.0,0,0,0,0,0,-0.1686878054301318,0,0.0650789826891971,0.0,-0.12896166616359794
NFLX,2009-06-30,0.0384737028865884,0.0,0.44723204738011024,0.44723204738011024,0.45074453338103115,1.4736842105263157,1.4594594594594597,-0.037014335819116694,-0.03777034706550923,0,0.14731918394709978,0.1575997697296016,0.0,1.0410757144605176,15.192143026844487,0.0,1.1486928716959788,-0.013121238222111097,0.0,9.235970886088955,23.742465951533767,0.0,1.4270183807423116,-0.135683057127122,0,0,0,0,0,-0.058352606580793345,0,-0.12801968610269182,0.0,0.018287997541109574
NFLX,2009-03-31,0.11347414170739459,0.0,-0.03823738825452915,-0.03823738825452915,-0.01623262361428823,-0.7205882352941176,-0.7196969696969697,-0.03653155296008924,-0.03385002228022153,0,0.19785735143816616,0.24809281291604152,0.0,1.2553833439626125,0.6438494546559101,0.0,0.6954341668374296,1.0955207378256817,0.0,-4.372305225755673,3.773473542581036,0.0,1.6634920531652126,0.36901263534706225,0,0,0,0,0,0.017367213316373923,0,0.023873901554722545,0.0,0.2092547853558818
NFLX,2008-12-31,0.03719442662675504,0.0,0.11290133239420086,0.11290133239420086,0.11590005399833096,0.3877551020408164,0.38947368421052647,-0.011192032570436813,-0.01291275252128562,0,-0.25179227376384317,-0.26066713538004843,0.0,1.2482343704749046,-0.2530809235387655,0.0,0.36963089632847335,-0.24920547419572958,0.0,6.846375884572555,2.0484898066097523,0.0,1.4144447820855917,0.33996202184879354,0,0,0,0,0,0.05994349904545291,0,-0.005165826073666514,0.0,-0.08346107988417646
NFLX,2008-09-30,-0.024299504100622808,0.0,-0.0142906734552187,-0.0142906734552187,-0.23258617442079488,0.5312499999999999,0.532258064516129,-0.00981336931033375,-0.010615315273309398,0,-0.06434384862074694,0.006288813772502162,0.0,0.1849354799216839,0.11209608797290731,0.0,0.26935782617312093,0.8985404627294202,0.0,1.3503854991699216,1.5325091236593704,0.0,0.18054208016863613,0.5699184489364201,0,0,0,0,0,-0.09755689812901398,0,0.14825734442455513,0.0,-0.1199220506670664
NFLX,2008-06-30,0.03268328807701802,0.0,1.3133239643980459,1.3133239643980459,0.9842278367468978,2.047619047619048,1.9523809523809526,-0.00818784248757487,-0.00769586674892042,0,0.006688360965696426,-0.026195725396533774,0.0,0.35643255991031225,0.1907699636723326,0.0,0.2343338953787673,0.8257907038373916,0.0,0.811354674688409,2.975780800734659,0.0,0.48028823093277856,1.0151428827954536,0,0,0,0,0,0.10303443188919509,0,-0.3527861702369324,0.0,-0.03430804863925883
NFLX,2008-03-31,0.11374656335916021,0.0,-0.25734307439988074,-0.25734307439988074,-0.1520030425963489,-0.79,-0.7835051546391752,-0.06410638678513925,-0.05895329598560274,0,-0.09693118988988524,-0.14316073935116558,0.0,0.4496095279352651,0.21613404201466985,0.0,1.1953211803857453,1.2216387840054221,0.0,-2.07175669905929,-2.2769973994070685,0.0,0.4136781532621924,0.96590842073265,0,0,0,0,0,-0.09480696114494143,0,0.20717929029781165,0.0,0.015732980444052344
NFLX,2007-12-31,0.02878330496315305,0.0,-0.06639755011135857,-0.06639755011135857,0.0027968471904398677,0.3157894736842105,0.3108108108108108,-0.00955362284600505,-0.00945945945945946,0,0.2197616922401213,0.20674698032262662,0.0,-0.06925869029785159,0.07754357748542344,0.0,0.2552817344475998,1.0507902494756203,0.0,-2.4327138411191997,1.1956121930649102,0.0,0.013477502955257818,1.1362323758884718,0,0,0,0,0,0.03656377714087059,0,0.0,0.0,0.05482745250096937
NFLX,2007-09-30,-0.011388305633652443,0.0,-0.43688762312857626,-0.43688762312857626,-0.3849882720875684,0.4615384615384615,0.48,-0.009318314803978935,-0.010188400022767375,0,-0.02135300397942347,0.00025335296818836795,0.0,-0.1967185901677093,0.050009596127885615,0.0,0.07241141794735242,0.09572022362738011,0.0,-2.5616811794113423,-0.36419366238386064,0.0,-0.16278503128286098,1.2944366201285966,0,0,0,0,0,0.01943001796504981,0,-1.0,0.0,-0.0687513540839171
NFLX,2007-06-30,0.00882690847916624,0.0,2.412661613909942,2.412661613909942,1.5932684509326844,2.714285714285714,2.571428571428571,-0.004847655510750732,-0.005603350690513924,0,0.1442510590363166,0.4029011906877555,0.0,0.0,0.23370392212339694,0.0,0.0,0.7026952267196417,0.0,0.0,5.677531144758486,0.0,0.0,1.7491635981418867,0,0,0,0,0,-0.020492393338772376,0,0.06639226914817466,0.0,0.13611749261568756
NFLX,2007-03-31,-0.5692825647052586,-1.0,-0.8095731313885964,-0.8095731313885964,-0.7659008923485855,-0.8205128205128205,-0.8028169014084506,0.09773558975342378,0.02311979732175172,0,-0.2764518832294429,-0.4044478547898448,0.0,0.0,0.450176266785714,0.0,0.0,0.39211844363356846,0.0,0.0,-2.271823866932463,0.0,0.0,1.842167978548781,0,0,0,0,0,0.026825826777861918,0,0.12115030931282394,0.0,-0.566802914519282
NFLX,2006-12-31,45.09653767820774,-9.774486940298507,54.24765478424015,54.24765478424015,32.38827258320127,0.0,0.0,0.0,0.0,0,0.5330505790010911,0.5156807700020052,0.0,0.0,3.2578458996335073,0.0,0.0,1.1212738299030154,0.0,0.0,13.168442469190595,0.0,0.0,1.8064210208705878,0,0,0,0,0,0.10567677817048497,0,-0.023956395443715525,0.0,8.011851377322229
NFLX,2006-09-30,-0.39502217841301135,-1.2703486539310258,-4.25,-4.25,-0.0140625,0.0,0.0,-1.0,-1.0,0,-0.23714523534623957,-0.3118911609680713,0.0,0.0,0.0,0.0,0.0,0.0,0.0,0.0,0.0,0.0,0.0,0.0,0,0,0,0,0,0.07388553417903228,0,0.2009171794771293,0.0,-1.9198585739540366
NFLX,2006-06-30,-0.890520352072303,0.0,-1.068590547887913,-1.068590547887913,-0.709355131698456,-1.0,-1.0,0.0,0.0,0,1.5298373127738343,2.207097973271971,0.0,0.0,-0.8920904502489395,0.0,0.0,0.32467805651373705,0.0,0.0,-0.901505391531599,0.0,0.0,0.5702321175182737,0,0,0,0,0,0.304793291682042,0,-0.09886267307148912,0.0,-1.409310178485287
NFLX,2006-03-31,-0.4553946290630062,-1.0,0.06932021466905187,0.06932021466905187,-0.3237100737100737,0.0,0.0,0.037117042658301555,0.023533760473139476,0,-0.5380185777945146,-0.5596476869714331,0.0,0.0,0.09677372711792286,0.0,0.0,-0.054745440639575746,0.0,0.0,-1.4011479894518653,0.0,0.0,0.07536759173535952,0,0,0,0,0,0.07750335224483863,0,0.10753823886085358,0.0,-0.13489827856025038
NFLX,2005-12-31,0.5617696495465159,0.6462857142857142,-0.18985507246376812,-0.18985507246376812,-0.062482004031097035,-1.0,-1.0,0.0,0.0,0,0.9134141947880389,0.8407403421930485,0.0,0.0,0.5958818587105091,0.0,0.0,0.17081840750422422,0.0,0.0,-1.7451273982421247,0.0,0.0,-0.3292883597915786,0,0,0,0,0,0.3103786534052935,0,0.2528425798862968,0.0,0.19513715710723192
NFLX,2005-09-30,0.05969713733381156,0.1723740379522014,0.6041848299912816,0.6041848299912816,0.22202674173117523,-2.166666666666667,-2.0,0.004376945571172531,0.2249410432978021,0,-0.08730202225023291,-0.0878186041946144,0.0,0.0,-0.08395791694063011,0.0,0.0,-0.35620916155731885,0.0,0.0,-1.8771337697743098,0.0,0.0,-0.5619856975428232,0,0,0,0,0,0.03562710249769283,0,0.48912567508392935,0.0,0.6374030216414863
NFLX,2005-06-30,0.06719216296872972,0.0850477558955287,-1.3923603192702394,-1.3923603192702394,-1.6448831404583617,-0.6470588235294118,-0.6470588235294118,0.0035784610724023023,0.0035784610724023023,0,0.23947967258771186,0.352464819895566,0.0,0.0,0.0,0.0,0.0,0.0,0.0,0.0,0.0,0.0,0.0,0.0,0,0,0,0,0,0.059728214147691874,0,-0.12620368598941395,0.0,-0.02176952266826443
NFLX,2005-03-31,0.0712126371678956,-0.09619409940260654,-2.870334826188953,-2.870334826188953,-2.5826898904650744,-1.4047619047619047,-1.5151515151515151,0.015926752327460183,-0.18384250459722157,0,-0.09509174170943849,-0.11712767619940616,0.0,0.0,0.0,0.0,0.0,0.0,0.0,0.0,0.0,0.0,0.0,0.0,0,0,0,0,0,0.0071050426342273215,0,0.1880445488294568,0.0,-0.12906592450861018
NFLX,2004-12-31,0.01587783457117845,-0.06555972759590538,-0.7451353407979128,-0.7451353407979128,-0.7057331571994716,0.3548387096774193,0.32000000000000006,0.0036680952932545657,-0.001296356312792259,0,-0.3395916213363644,-0.43249894685497636,0.0,0.0,0.0,0.0,0.0,0.0,0.0,0.0,0.0,0.0,0.0,0.0,0,0,0,0,0,0.06856308644228198,0,-0.17526868282929267,0.0,0.39471130519165454
NFLX,2004-09-30,0.17721760956109076,0.3860843409257317,7.944093339815265,7.944093339815265,5.546177793151159,-6.166666666666667,-5.166666666666667,0.004031789106415972,0.25599922465594105,0,0.5412625915034724,0.507553980881075,0.0,0.0,0.0,0.0,0.0,0.0,0.0,0.0,0.0,0.0,0.0,0.0,0,0,0,0,0,0.15399156680199616,0,0.13463310882665722,0.0,0.25670731707317074
NFLX,2004-06-30,0.19877453422337352,0.1552248359737558,-1.3552677029360967,-1.3552677029360967,-1.4993091537132988,-0.4545454545454546,-0.4545454545454546,0.006006006006006006,0.006006006006006006,0,-0.0542603550295858,-0.0648287071767942,0.0,0.0,0.0,0.0,0.0,0.0,0.0,0.0,0.0,0.0,0.0,0.0,0,0,0,0,0,0.06777072994723714,0,0.100148194368614,0.0,0.04591836734693878
NFLX,2004-03-31,0.23631212662437642,0.19122572914680971,-4.776908023483366,-4.776908023483366,-3.549537648612946,-1.7857142857142856,-2.1,0.07315950278324196,-0.18449844157496342,0,0.07784049236263911,0.18296110042893063,0.0,0.0,0.0,0.0,0.0,0.0,0.0,0.0,0.0,0.0,0.0,0.0,0,0,0,0,0,0.08647705838238302,0,0.06477867286770202,0.0,0.2221356196414653
NFLX,2003-12-31,0.12441483615412316,0.09438517017345174,-0.4632352941176471,-0.4632352941176471,-0.31244323342415986,-0.22222222222222213,-0.28571428571428575,1.0338795488401789,1.049406856993873,0,0.42631674702083144,0.3263364394310937,0.0,0.0,0.0,0.0,0.0,0.0,0.0,0.0,0.0,0.0,0.0,0.0,0,0,0,0,0,0.10794138382515862,0,0.06322295805739514,0.0,-0.041822255414488425
NFLX,2003-09-30,0.14267175210090682,0.2006727259715165,-0.3796698523023458,-0.3796698523023458,-0.39494412896134823,3.4999999999999996,3.6666666666666674,0.013021170180657958,0.018184231483939474,0,-0.06917866215071973,-0.039114043355325166,0.0,0.0,0.0,0.0,0.0,0.0,0.0,0.0,0.0,0.0,0.0,0.0,0,0,0,0,0,0.05863459167693999,0,0.017611645251145655,0.0,0.2795031055900621
NFLX,2003-06-30,0.13504823151125403,0.08900319538617411,-2.0183587701835877,-2.0183587701835877,-2.2074762220747624,-1.2,-1.15,0.020055416281831377,0.32541672164313673,0,0.8414282373119202,0.729985325289418,0.0,0.0,0.0,0.0,0.0,0.0,0.0,0.0,0.0,0.0,0.0,0.0,0,0,0,0,0,0.10643741382742629,0,0.06344959388437649,0.0,-0.06895017793594306
NFLX,2003-03-31,0.23194210852438701,0.17726396917148363,0.9529157667386609,0.9529157667386609,0.9529157667386609,-0.8717948717948718,-0.8717948717948718,0.6123244929797191,0.6123244929797191,0,-0.11040987585824259,-0.07293477439346988,0.0,0.0,0.0,0.0,0.0,0.0,0.0,0.0,0.0,0.0,0.0,0.0,0,0,0,0,0,0.039063816747107946,0,0.012774605632439756,0.0,0.17083333333333334
NFLX,2002-12-31,0.10942525349242592,0.13324668572913959,0.36578171091445427,0.36578171091445427,0.36578171091445427,-0.09302325581395345,-0.09302325581395345,0.23756033347959632,0.23756033347959632,0,0.30205887664800435,0.27774022211492033,0.0,0.0,0.0,0.0,0.0,0.0,0.0,0.0,0.0,0.0,0.0,0.0,0,0,0,0,0,0.062022504820718104,0,0.07747653806047966,0.0,0.026737967914438502
NFLX,2002-09-30,0.0,0.0,0.0,0.0,0.0,0.0,0.0,0.0,0.0,0,0.0,0.0,0.0,0.0,0.0,0.0,0.0,0.0,0.0,0.0,0.0,0.0,0.0,0.0,0,0,0,0,0,0.04248587762303008,0,0.029853951890034366,0.0,0.0
NFLX,2002-06-30,0.0,0.0,0.0,0.0,0.0,0.0,0.0,0.0,0.0,0,0.0,0.0,0.0,0.0,0.0,0.0,0.0,0.0,0.0,0.0,0.0,0.0,0.0,0.0,0,0,0,0,0,0.0,0,0.0,0.0,0.0
