symbol,date,revenueGrowth,grossProfitGrowth,ebitgrowth,operatingIncomeGrowth,netIncomeGrowth,epsgrowth,epsdilutedGrowth,weightedAverageSharesGrowth,weightedAverageSharesDilutedGrowth,dividendsperShareGrowth,operatingCashFlowGrowth,freeCashFlowGrowth,tenYRevenueGrowthPerShare,fiveYRevenueGrowthPerShare,threeYRevenueGrowthPerShare,tenYOperatingCFGrowthPerShare,fiveYOperatingCFGrowthPerShare,threeYOperatingCFGrowthPerShare,tenYNetIncomeGrowthPerShare,fiveYNetIncomeGrowthPerShare,threeYNetIncomeGrowthPerShare,tenYShareholdersEquityGrowthPerShare,fiveYShareholdersEquityGrowthPerShare,threeYShareholdersEquityGrowthPerShare,tenYDividendperShareGrowthPerShare,fiveYDividendperShareGrowthPerShare,threeYDividendperShareGrowthPerShare,receivablesGrowth,inventoryGrowth,assetGrowth,bookValueperShareGrowth,debtGrowth,rdexpenseGrowth,sgaexpensesGrowth
PFMT,2020-03-31,0.047121374620633004,0.047121374620633004,5.067381974248927,5.067381974248927,2.232522009321595,2.2857142857142856,2.2857142857142856,0.008883818358644423,0.008883818358644423,0,-4.567687747035573,-3.2123065851025547,-0.7597612160685534,0.08889756422682908,0.29247005586012187,-0.764859469612812,3.3382152891158214,15.79269486591624,-1.5932135225254143,1.5948806092903878,2.9343792335039396,0.9450551028883711,-0.5646814661043398,-0.5372713391561698,-1,0,0,0.0039013617960986383,0,-0.07640129039691226,0,-0.007772858020102776,0,0.015046867291563888
PFMT,2019-12-31,0.22059437929977996,0.22059437929977996,-0.5993810178817056,-0.5993810178817056,-0.5214374225526642,-0.5333333333333333,-0.5333333333333333,0.0019113293107971367,0.0019113293107971367,0,-0.6462156965565461,-0.5889053254437869,-0.768533975597236,0.007939695938243358,0.21293421757937692,-1.0664939010834171,-1.9423259813082117,-0.30027360633646444,-1.1851444543862595,0.4821292503767207,-0.7060389839770075,1.5206044349503989,-0.46300026141709466,-0.41811202541167763,-1,0,0,22.442622950819672,0,-0.04677836732172397,0,-0.005799848979001655,0,-0.013659587779361161
PFMT,2019-09-30,0.0020373988277979345,0.0020373988277979345,0.3494199535962877,0.3494199535962877,0.2611345522737928,0.25,0.25,0.002856391175254632,0.002856391175254632,0,-0.28585694669828987,-0.2948784812767289,-0.8100036866197123,-0.17446605373860372,0.07776781359980897,-1.1883096343650967,-2.080494282778114,32.07016743911021,-1.3876156121485967,14.355920829389703,9.569317726458978,1.6723086977556114,-0.43976349679391424,-0.4541119291003743,-1,0,0,-0.937895188082735,0,0.02414728791159351,0,0.17672747896776633,0,-0.005461647481765702
PFMT,2019-06-30,0.027354054364032574,0.027354054364032574,-0.40080633949673294,-0.40080633949673294,-0.24620096595594299,-0.25000000000000006,-0.25000000000000006,0.0029212763150455153,0.0029212763150455153,0,-23.502808988764045,7.484070796460177,-0.8098483974789222,-0.4317730842996667,-0.11825161785785544,-1.2644393437278574,-2.0721438154157408,-1.8013321741848118,-1.30823260948776,-1.985450579232677,-5.059363886275773,2.0201769676907797,-0.345118059263964,-0.38355896873014206,-1,0,0,0.04391117077809476,0,-0.00244039270687237,0,0.21427423612864718,0,-0.006422585519989009
PFMT,2019-03-31,-0.12217467908381575,-0.12217467908381575,1.0855320382719629,1.0855320382719629,0.6123456790123457,0.6,0.6,0.019111094038106947,0.019111094038106947,0,-1.1559351730179588,-0.686893876420061,-0.8143706280384081,-0.45702513432356884,-0.14755759964744591,-0.9882142783040161,-0.9772384210036945,-0.9704873022480731,-1.4101000772724703,-2.221106132636653,-100.28085409638328,2.2736956272360254,-0.22810976430831784,-0.3195087611111661,-1,0,0,-0.14378083241534556,0,0.03514107971167038,0,0.0053543815920053545,0,0.04801670146137787
PFMT,2018-12-31,0.4404843914288822,0.4404843914288822,-0.5209722222222222,-0.5209722222222222,-0.3080562491786043,-0.28571428571428575,-0.28571428571428575,0.0060287525119802135,0.0060287525119802135,0,0.0923444976076555,-0.08307926829268293,-0.7844936255108921,-0.39573979304895485,-0.08148901315876733,-1.0770253400766705,-1.1121563098888398,-0.23756450540816548,-1.259210877576991,-1.6103258407904544,-3.276591549142951,2.7278406492930922,-0.05104939721251214,-0.2190508297041266,-1,0,0,0.4254796204000819,0,-0.032373848055742865,0,0.07125373946151754,0,0.14442247487230186
PFMT,2018-09-30,-0.11983022721470513,-0.11983022721470513,1.1377672209026128,1.1377672209026128,1.1189083820662769,1.0,1.0,0.005225025736650933,-0.032690977738733855,0,-2.0145631067961167,-46.241379310344826,-0.8494911778456706,-0.672168522391303,-0.3163581180415141,-1.0709388905778845,-1.0816110337239087,-1.2882202537128773,-1.3768710903115398,-1.4495042225654429,22.128368342698593,2.979337292243074,0.15032317849346538,-0.1327422210412104,-1,0,0,-0.06060800410466906,0,-0.0023405418284256703,0,0.007447444455514596,0,0.08836583725622058
PFMT,2018-06-30,-0.4504480805317339,-0.4504480805317339,-1.2756137479541736,-1.2756137479541736,-1.4247191011235956,-1.4375,-1.4375,0.003176149649259548,0.0008605369001964269,0,-1.2094347295648638,-1.0070525291828794,-0.8281067592847396,-0.587738277722867,-0.27168550337958175,-0.9297140339233589,-0.8916386057975578,-0.8130786138133959,-1.1787902934662928,-1.2918396847927278,-5.7435606201068055,3.216386948104214,0.6329177065392807,-0.07519404270491661,-1,0,0,-0.1525626392738736,0,-0.024453270804421688,0,-0.005375944506379289,0,0.024057664937330702
PFMT,2018-03-31,0.7129081678632582,0.7129081678632582,-11.29486099410278,-11.29486099410278,15.228406909788868,15.0,15.0,0.012468434343434344,0.05458885732323232,0,-5.462794918330308,-35.946175637393765,-0.6862185477610259,0.03811472461576716,0.4222343846865077,-1.3366643391458433,-5.505381635326862,-7.211274513065191,-0.5777016910242928,3.1726862772289857,-2.8472500232835425,3.3700336120640095,1.5445283299952857,-0.021952322968384372,-1,0,0,0.47262686089322875,0,-0.11041985939818531,0,-0.005396215257244234,0,0.059851102136149095
PFMT,2017-12-31,0.11918370091447014,0.11918370091447014,-0.7204427696655676,-0.7204427696655676,-1.0663609731244428,-1.0666666666666667,-1.0666666666666667,0.002115418833158696,0.002115418833158696,0,-2.0236878773803992,-1.1067110036275696,-0.8145295692817522,-0.48392378174352146,-0.1923522684331666,-0.9236214025981306,-0.8436187883020722,0.08240809420054704,-0.9736533776795668,-0.9243089291912511,-1.2109115269975925,2.9826937165804357,1.895475930750879,-0.15151086183756576,-1,0,0,0.0003202562049639712,0,0.0038398847424102756,0,0.0067223972415846,0,0.002781301844442276
PFMT,2017-09-30,-0.1716378422034701,-0.1716378422034701,5.7936,5.7936,2.2176229508196723,1.9999999999999998,1.9999999999999998,0.002735761156156454,0.002735761156156454,0,-1.8536875495638383,-4.029304029304029,-0.8339300525833988,-0.8339300525833988,-0.2784261093959033,-1.074769050036158,-1.074769050036158,-1.429014327202122,-1.3978596940097474,-1.3978596940097474,14.761754095902484,2.9267242603525006,2.9267242603525006,-0.17678138363205914,-1,-1,0,0.10854708440578681,0,-0.0350159940147628,0,-0.061375119327574564,0,0.0021515892420537895
PFMT,2017-06-30,0.08450874384608414,0.08450874384608414,-0.39202334630350194,-0.39202334630350194,-0.175397093612707,-0.1666666666666666,-0.1666666666666666,0.0027631997455470738,0.0027631997455470738,0,5.28927680798005,-1.4508670520231215,-0.7989716532067225,-0.7989716532067225,-0.3992702877483293,-0.9121767673228515,-0.9121767673228515,-0.6439291731811121,-1.1239884688802924,-1.1239884688802924,-1.3964035754663033,3.1265453638627316,3.1265453638627316,-0.10521798380312578,-1,-1,0,-0.12093313567917609,0,-0.06329288548236683,0,-0.1517754868270332,0,-0.011886354851178971
PFMT,2017-03-31,-0.020791434993493434,-0.020791434993493434,-0.9313109715354804,-0.9313109715354804,-0.7593330622204149,-0.76,-0.76,0.005315959870498421,0.005315959870498421,0,-1.148134466198744,-0.5198255352894529,-0.8141242941434563,-0.8141242941434563,-0.45630459580043725,-0.9859974511378488,-0.9859974511378488,-0.9729570975543999,-1.1507769046445229,-1.1507769046445229,-1.4489504224089012,3.203446355238459,3.203446355238459,-0.008887945822328895,-1,-1,0,0.11607453848833159,0,-0.020839862112190535,0,-0.0556177260519248,0,0.10343356792493069
PFMT,2016-12-31,0.08389164930277287,0.08389164930277287,-87.01149425287356,-87.01149425287356,16.195804195804197,24.0,24.0,0.0012806659462920719,-0.007202238050832325,0,15.709876543209877,1.4652981427174976,-0.8091685261673175,-0.8091685261673175,-0.4649259626576025,-1.09502843066313,-1.09502843066313,-1.1383705428251953,-1.6298265562253262,-1.6298265562253262,-2.482960229422487,3.331769249456807,3.331769249456807,0.10268528811386754,-1,-1,0,0.11397807740809002,0,-0.14345481892861275,0,-0.15401486343626236,0,0.0024585783003741313
PFMT,2016-09-30,-0.18067447602038136,-0.18067447602038136,-0.9593552908199019,-0.9593552908199019,-1.4840893703452944,-1.3333333333333335,-1.3333333333333335,0.002286401925391095,0.0010725564581802291,0,-1.0172947581936587,-1.2718936877076412,-0.8237131309890499,-0.8237131309890499,-0.6160199520290495,-1.005694244962981,-1.005694244962981,-1.006550894917025,-1.0366736644862373,-1.0366736644862373,-1.0437416598600988,3.895341811283101,3.895341811283101,0.41511632179159264,-1,-1,0,-0.11175254178872997,0,-0.028133855080286062,0,-0.03553384465546628,0,-0.06729810568295115
PFMT,2016-06-30,-0.005355416808171583,-0.005355416808171583,0.6560928433268859,0.6560928433268859,17.4625,0.0,0.0,0.004371210442559877,0.003148100181314631,0,-0.17003367003367004,-0.20647474427923654,-0.7843470922406254,-0.7843470922406254,-0.4827868809907275,-0.6700003416225371,-0.6700003416225371,-0.49123238870873603,-0.9240687412799187,-0.9240687412799187,-0.8760572837531511,3.8993769306194093,3.8993769306194093,0.8974253168617787,-1,-1,0,-0.12546153266520985,0,0.007111795615147671,0,-0.029508196721311476,0,-0.05984908843792473
PFMT,2016-03-31,-0.06759390071612997,-0.06759390071612997,-0.45886539669248483,-0.45886539669248483,-0.9635535307517085,-1.0,-1.0,0.004613983608216129,0.01566326014368107,0,-4.971147079521463,-2.858682869462956,-0.782238222917092,-0.782238222917092,-0.2795568200886015,-0.600655900892209,-0.600655900892209,4.344188145561142,-0.9958692934201157,-0.9958692934201157,-0.9591849119572617,3.8107829170315317,3.8107829170315317,1.8011623041184042,-1,-1,0,-0.2612858335652658,0,-0.09767183310444053,0,-0.28165248573065416,0,0.041743970315398886
PFMT,2015-12-31,0.0661715057393653,0.0661715057393653,0.7817978366281239,0.7817978366281239,-7.990445859872612,-5.0,-5.0,0.000425152852573187,0.000425152852573187,0,-1.4106343014015317,-2.0240867121637898,-0.765374200661185,-0.765374200661185,-0.3471477110433759,-1.10102538591531,-1.10102538591531,-1.2068442312257004,-0.8861408065603275,-0.8861408065603275,-0.6728945301582169,3.7734741146862967,3.7734741146862967,2.4703847166544706,-1,-1,0,0.3024722685420141,0,-0.01760359781561195,0,-0.023506376454256322,0,-0.05738874315430991
PFMT,2015-09-30,-0.06679269061121614,-0.06679269061121614,-0.25734072022160664,-0.25734072022160664,-1.4325068870523416,-1.5,-1.5,0.0004253336844024062,0.0004253336844024062,0,-0.3451603746806699,-0.4240462427745665,-0.7798425957708236,-0.7798425957708236,-0.7798425957708236,-0.7538726384976633,-0.7538726384976633,-0.7538726384976633,-1.0162947547672776,-1.0162947547672776,-1.0162947547672776,3.5884134899551747,3.5884134899551747,3.5884134899551747,-1,-1,-1,-0.08095682302771855,0,-0.01231434293759543,0,-0.03538593756245753,0,-0.01865233492909403
PFMT,2015-06-30,0.07010036567338365,0.07010036567338365,-1.8279816513761469,-1.8279816513761469,-1.1649250340754203,-1.2222222222222223,-1.2222222222222223,0.00032416881090828047,0.00032416881090828047,0,5.939592908732764,-35.05511811023622,-0.763984869842777,-0.763984869842777,-0.763984869842777,-0.6239811424976572,-0.6239811424976572,-0.6239811424976572,-0.9623088418627045,-0.9623088418627045,-0.9623088418627045,3.559212573020728,3.559212573020728,3.559212573020728,-1,-1,-1,0.02731193100143747,0,-0.028020846985898986,0,-0.08479970733491861,0,-0.06668352722980947
PFMT,2015-03-31,-0.028618213880841417,-0.028618213880841417,3.988558352402746,3.988558352402746,0.8503572929802438,0.7999999999999998,0.7999999999999998,0.011082431989511636,-0.009571778303969177,0,-0.2233554309026007,-0.8261464750171116,-0.7793743031264581,-0.7793743031264581,-0.7793743031264581,-0.9457978650858723,-0.9457978650858723,-0.9457978650858723,-1.2286091777793346,-1.2286091777793346,-1.2286091777793346,3.4681192079788024,3.4681192079788024,3.4681192079788024,-1,-1,-1,-0.029108792450322322,0,-0.01299323895003976,0,-0.02195983720202156,0,0.0572192513368984
PFMT,2014-12-31,0.0013874873864783048,0.0013874873864783048,-1.4850166481687015,-1.4850166481687015,3.9665970772442587,4.0,4.0,0.003597787874426924,0.001527392580087624,0,-0.5936593452134272,-1.4603024574669188,-0.7703572690553642,-0.7703572690553642,-0.7703572690553642,-0.9294364132981826,-0.9294364132981826,-0.9294364132981826,-1.1249178871135566,-1.1249178871135566,-1.1249178871135566,3.693865292378075,3.693865292378075,3.693865292378075,-1,-1,-1,-0.09649333493455026,0,-0.009605166969379526,0,-0.02148796498905908,0,0.011722272317403066
PFMT,2014-09-30,-0.309636183144952,-0.309636183144952,-0.8588769676560419,-0.8588769676560419,-1.0810079485878572,-1.0833333333333335,-1.0833333333333335,0.0037971810058402295,0.0019330675365470582,0,-0.2907113462669018,-0.292149866190901,-0.7698503928993764,-0.7698503928993764,-0.7698503928993764,-0.8257189904967159,-0.8257189904967159,-0.8257189904967159,-1.025242094984414,-1.025242094984414,-1.025242094984414,3.7699653315389012,3.7699653315389012,3.7699653315389012,-1,-1,-1,0.0012023566189731875,0,0.053070586181171726,0,-0.021027556896078967,0,-0.08607688821129836
PFMT,2014-06-30,-0.020554721615720525,-0.020554721615720525,-0.059165929855585025,-0.059165929855585025,-0.06808510638297872,-0.07692307692307698,-0.07692307692307698,0.0006194891279658042,0.0004633453534519229,0,-0.5233625218914185,-0.6108652260695999,-0.6653597405066285,-0.6653597405066285,-0.6653597405066285,-0.7533545967195483,-0.7533545967195483,-0.7533545967195483,-0.6872165728211699,-0.6872165728211699,-0.6872165728211699,3.611788445862986,3.611788445862986,3.611788445862986,-1,-1,-1,-0.02078059692706187,0,-0.042632566691740176,0,-0.1064901656037301,0,-0.020898051397910195
PFMT,2014-03-31,-0.022542350273442712,-0.022542350273442712,-0.1409582884992721,-0.1409582884992721,-0.1936713686618376,-0.23529411764705885,-0.1875,0.019687526320222352,0.005122909326529786,0,-0.2312042223179664,-0.21941471345346159,-0.6581252951177821,-0.6581252951177821,-0.6581252951177821,-0.48220983711645043,-0.48220983711645043,-0.48220983711645043,-0.664156893236652,-0.664156893236652,-0.664156893236652,3.2411413901388504,3.2411413901388504,3.2411413901388504,-1,-1,-1,-0.13547763244948852,0,0.023190546528803545,0,-0.020186941127047952,0,0.04059613769941226
PFMT,2013-12-31,-0.2191438391834184,-0.2191438391834184,-0.4394536100762817,-0.4394536100762817,-0.49081144040377894,-0.46875,-0.5,0.005185514424196245,0.001439724221839197,0,-0.2058169375534645,-0.28909222248976646,-0.6433550116157699,-0.6433550116157699,-0.6433550116157699,-0.31323221891829806,-0.31323221891829806,-0.31323221891829806,-0.5752909999005158,-0.5752909999005158,-0.5752909999005158,2.928382192226629,2.928382192226629,2.928382192226629,-1,-1,-1,-0.35772889223024873,0,0.015597550817381144,0,-0.019787492187212766,0,-0.04948124501197127
PFMT,2013-09-30,0.11066444942520424,0.11066444942520424,0.25983372072233146,0.25983372072233146,0.38043769539973205,0.3333333333333334,0.4545454545454546,0.008689154568744663,0.002235545168173966,0,0.3517576318223867,0.5298754881013777,-0.5408957576246594,-0.5408957576246594,-0.5408957576246594,-0.13076838583037978,-0.13076838583037978,-0.13076838583037978,-0.1615849832051993,-0.1615849832051993,-0.1615849832051993,2.459321142650243,2.459321142650243,2.459321142650243,-1,-1,-1,0.2927530107754067,0,0.104816444737152,0,-0.019403544698094976,0,0.048535564853556486
PFMT,2013-06-30,0.40094807852034925,0.40094807852034925,2.434976201443267,2.434976201443267,5.14772103239978,4.999999999999999,4.5,0.015589427809457731,0.004040239149509254,0,7.815494393476045,-35.18891687657431,-0.5830482641808078,-0.5830482641808078,-0.5830482641808078,-0.35137447617800166,-0.35137447617800166,-0.35137447617800166,-0.38736812440955637,-0.38736812440955637,-0.38736812440955637,1.5821184565633752,1.5821184565633752,1.5821184565633752,-1,-1,-1,0.21833813838550248,0,0.08329395978228,0,-0.04360419008475336,0,-0.0034192310899841547
PFMT,2013-03-31,-0.11810840747489906,-0.11810840747489906,-0.5395871624487487,-0.5395871624487487,-0.695128076343546,-0.7142857142857143,-0.6666666666666666,0.04856200977606002,0.029580453370869137,0,-0.8395748160261651,-1.0482440150686596,-0.6977391373047785,-0.6977391373047785,-0.6977391373047785,-0.9252750673758587,-0.9252750673758587,-0.9252750673758587,-0.8987946179226901,-0.8987946179226901,-0.8987946179226901,0.717423838653864,0.717423838653864,0.717423838653864,-1,-1,-1,-0.15709078285019962,0,-0.0004580981841365794,0,-0.01867780116262545,0,0.0172209026128266
PFMT,2012-12-31,-0.6367659751198904,-0.6367659751198904,-0.6601153291686689,-0.6601153291686689,-0.6481917775945341,-0.5882352941176471,-0.625,0.010707966635262758,0.009223136290390977,-1,-0.5063572149344097,-0.5276119402985074,-0.6406142655733208,-0.6406142655733208,-0.6406142655733208,-0.5115871237178714,-0.5115871237178714,-0.5115871237178714,-0.6519190171453115,-0.6519190171453115,-0.6519190171453115,0.3754884557260367,0.3754884557260367,0.3754884557260367,-1,-1,-1,-0.04508536383225593,0,0.019828732155585952,0,-0.01833533737685097,0,-0.6032712953925891
PFMT,2012-09-30,0.0,0.0,0.0,0.0,0.0,0.0,0.0,0.0,0.0,0,0.0,0.0,0.0,0.0,0.0,0.0,0.0,0.0,0.0,0.0,0.0,0.0,0.0,0.0,0,0,0,0.0,0,0.0,0,0.0,0,0.0
