symbol,date,revenueGrowth,grossProfitGrowth,ebitgrowth,operatingIncomeGrowth,netIncomeGrowth,epsgrowth,epsdilutedGrowth,weightedAverageSharesGrowth,weightedAverageSharesDilutedGrowth,dividendsperShareGrowth,operatingCashFlowGrowth,freeCashFlowGrowth,tenYRevenueGrowthPerShare,fiveYRevenueGrowthPerShare,threeYRevenueGrowthPerShare,tenYOperatingCFGrowthPerShare,fiveYOperatingCFGrowthPerShare,threeYOperatingCFGrowthPerShare,tenYNetIncomeGrowthPerShare,fiveYNetIncomeGrowthPerShare,threeYNetIncomeGrowthPerShare,tenYShareholdersEquityGrowthPerShare,fiveYShareholdersEquityGrowthPerShare,threeYShareholdersEquityGrowthPerShare,tenYDividendperShareGrowthPerShare,fiveYDividendperShareGrowthPerShare,threeYDividendperShareGrowthPerShare,receivablesGrowth,inventoryGrowth,assetGrowth,bookValueperShareGrowth,debtGrowth,rdexpenseGrowth,sgaexpensesGrowth
XAIR,2020-06-30,-2.1612143139460644,0.16121431394606428,0.25504593125418085,0.25504593125418085,0.4205670886630731,0.25000000000000006,0.25000000000000006,0.4365624412273996,0.4365624412273996,0.0,0.1288291278666691,0.17522316758061643,0.0,0.0,0.0,0.0,0.0,-0.9453470098867369,0.0,0.0,-1.0236480134929342,0.0,0.0,-0.5389752804362016,0.0,0.0,0.0,0.0,0.0,-0.020402195114341142,0.0,1.0054349178541033,0.4964147720304892,-1.4273480665350131
XAIR,2020-03-31,-1.6277327684101037,-0.3722672315898963,-0.9988042354066363,-0.9988042354066363,-0.9989203198372194,-0.25581395348837205,-0.25581395348837205,0.1023715017403276,0.1023715017403276,-1.0,0.021476867556899374,0.022451166897732064,0.0,0.0,-0.9999993154460594,0.0,0.0,-1.0007816751868792,0.0,0.0,-1.000152616613845,0.0,0.0,-8.788401166188248,0.0,0.0,0.0,-1.0,0.0,0.6372474983925762,0.0,-0.08165018945366954,0.12174313014459305,-3.3611247094121732
XAIR,2019-12-31,-0.5130451888315092,-0.5130451888315092,0.07269153240566752,0.07269153240566752,0.07269153240566752,0.19444444444444448,0.19444444444444448,0.0,0.050550936626485944,0.0,0.7467756901078815,0.7412853921094199,0.0,0.0,0.0,0.0,0.0,0.0,0.0,0.0,0.0,0.0,0.0,0.0,0.0,0.0,0.0,0.038033200252153815,0.0,0.503768074426739,0.0,-0.06540024007142338,-0.0945154193523486,0.19703013068122383
XAIR,2019-09-30,0.02889863881721647,0.02889863881721647,-0.33702335013422974,-0.33702335013422974,-0.33702335013422974,-0.46268656716417916,-0.46268656716417916,0.0,0.07972186042922867,0.0,-0.06407756113503128,-0.06005719831254336,0.0,0.0,0.0,0.0,0.0,0.0,0.0,0.0,0.0,0.0,0.0,0.0,0.0,0.0,0.0,-0.24051684762570372,0.0,-0.15069715351370905,0.0,-0.0362888618100382,0.226586638422079,-0.05392113290918271
XAIR,2019-06-30,-0.9187637339767305,-0.9187637339767305,640.7890827487478,640.7890827487478,106708.38503504713,-0.601190476190476,-0.601190476190476,0.22817665418410843,0.08275906701457017,0.0,-1.410461328916954,-1.3998576007552899,0.0,0.0,0.0,0.0,0.0,0.0,0.0,0.0,0.0,0.0,0.0,0.0,0.0,0.0,0.0,-0.30854290095622955,0.0,0.39161674931865803,0.0,-0.18524183269604882,0.4252136581751356,-0.15410925323687527
XAIR,2019-03-31,1.3441581183611533,1.3441581183611533,-1.8966159410993284,-1.8966159410993284,-1.0601179899363966,0.012048192771084348,0.012048192771084348,0.0038130254470607563,0.0038130254470607563,0.0,-5.321954624569061,-4.919752993423991,0.0,0.0,0.0,0.0,0.0,0.0,0.0,0.0,0.0,0.0,0.0,0.0,0.0,0.0,0.0,8.198564928246412,0.0,1.4118004741698191,0.0,-0.9990815128820483,1.77134532448701,0.42174918544698337
XAIR,2018-12-31,1097.3333333333333,1097.3333333333333,1.406691911270446,1.406691911270446,-0.7841200985883935,-4.132075471698113,-4.132075471698113,0.0,0.005458487668048133,0.0,-0.09073447893569844,0.011193688792165398,0.0,0.0,0.0,0.0,0.0,0.0,0.0,0.0,0.0,0.0,0.0,0.0,0.0,0.0,0.0,-0.30879032258064515,0.0,-0.25752174738841405,0.0,4772.514705882353,-0.09218055555555556,0.028214730878186968
XAIR,2018-09-30,-0.4,-0.4,0.48717094301899366,0.48717094301899366,0.48717094301899366,0.4722222222222224,0.4722222222222224,0.0,0.002375383720181369,0.0,-0.2170138888888889,-0.20225694444444445,0.0,0.0,0.0,0.0,0.0,0.0,0.0,0.0,0.0,0.0,0.0,0.0,0.0,0.0,0.0,0.06896551724137931,0.0,-0.25834624595013383,0.0,0.0,-0.39040451552210725,1.546897546897547
XAIR,2018-06-30,-1.0007166403898524,-0.9992833596101476,-0.8336843272001774,-0.8336843272001774,-0.8336843272001774,-1.0627177700348434,-1.0627177700348434,22.240648830863663,0.39957584506098914,0.0,0.2757475083056478,0.3568904593639576,0.0,0.0,0.0,0.0,0.0,0.0,0.0,0.0,0.0,0.0,0.0,0.0,0.0,0.0,0.0,0.8412698412698413,0.0,2.243033348560987,0.0,0.030303030303030304,-0.12510288065843622,-0.4066780821917808
XAIR,2017-12-31,0.0,0.0,0.1065865325647001,0.1065865325647001,0.10617949975478176,-5.823529411764706,-5.823529411764706,0.0,0.005374064756450159,0.0,0.29,0.18162839248434237,0.0,0.0,0.0,0.0,0.0,0.0,0.0,0.0,0.0,0.0,0.0,0.0,0.0,0.0,0.0,-0.4473684210526316,0.0,-0.4633488600147095,0.0,0.1,0.018440905280804692,0.35185185185185186
XAIR,2017-09-30,0.0,0.0,0.7807142077099487,0.7807142077099487,0.7802029902870239,1.8333333333333335,1.8333333333333335,0.0,0.006472647404332339,0.0,-0.17695473251028807,-0.17744705208929593,0.0,0.0,0.0,0.0,0.0,0.0,0.0,0.0,0.0,0.0,0.0,0.0,0.0,0.0,0.0,-0.39037433155080214,0.0,-0.2572833211944647,0.0,0.07142857142857142,1.0186125211505923,-0.6510500807754442
XAIR,2017-06-30,0.0,0.0,0.45881790664330097,0.45881790664330097,0.45837975489415883,-0.6250000000000001,-0.6250000000000001,0.0,0.05586103505274877,0.0,-0.2310126582278481,-0.21904336164506036,0.0,0.0,0.0,0.0,0.0,0.0,0.0,0.0,0.0,0.0,0.0,0.0,0.0,0.0,0.0,0.05649717514124294,0.0,-0.2576371992430387,0.0,-0.7617021276595745,-0.5892981236970118,0.16737388024516736
XAIR,2017-03-31,-1.0,-1.0,-0.993249621992812,-0.993249621992812,-0.9936181823593431,-0.8882235528942115,-0.8882235528942115,0.0,53.43567829457364,0.0,-1.0112387005078776,-1.0047741823690883,0.0,0.0,0.0,0.0,0.0,0.0,0.0,0.0,0.0,0.0,0.0,0.0,0.0,0.0,0.0,0.0,0.0,110416.9104477612,0.0,89.38461538461539,0.0,30.58694227676178
XAIR,2016-12-31,0.0,0.0,-108.07897881160756,-108.07897881160756,-108.73864664040272,0.0,0.0,0.0,0.0,0.0,-67.11350621430971,-158.393989922741,0.0,0.0,0.0,0.0,0.0,0.0,0.0,0.0,0.0,0.0,0.0,0.0,0.0,0.0,0.0,0.0,0.0,-0.9999774182676103,0.0,0.0,0.0,-0.992267618608936
XAIR,2016-09-30,0.0,0.0,-0.7034760636481595,-0.7034760636481595,-0.6928196853569988,0.0,0.0,0.0,0.0,0.0,-0.8256617474818458,-0.8256617474818458,0.0,0.0,0.0,0.0,0.0,0.0,0.0,0.0,0.0,0.0,0.0,0.0,0.0,0.0,0.0,0.0,0.0,-0.5008411843876177,0.0,0.0,0.0,-0.7034760636481595
XAIR,2016-06-30,0.0,0.0,1.5298894263994471,1.5298894263994471,1.5367101560501406,0.0,0.0,0.0,0.0,0.0,5.72548247341473,5.72548247341473,0.0,0.0,0.0,0.0,0.0,0.0,0.0,0.0,0.0,0.0,0.0,0.0,0.0,0.0,0.0,0.0,0.0,0.9682119205298013,0.0,0.0,0.0,1.5298894263994471
XAIR,2016-03-31,0.0,0.0,0.0,0.0,0.0,0.0,0.0,0.0,0.0,0.0,0.0,0.0,0.0,0.0,0.0,0.0,0.0,0.0,0.0,0.0,0.0,0.0,0.0,0.0,0.0,0.0,0.0,0.0,0.0,-0.4567368231696348,0.0,0.0,0.0,0.0
XAIR,2015-12-31,0.0,0.0,0.0,0.0,0.0,0.0,0.0,0.0,0.0,0.0,0.0,0.0,0.0,0.0,0.0,0.0,0.0,0.0,0.0,0.0,0.0,0.0,0.0,0.0,0.0,0.0,0.0,0.0,0.0,0.0,0.0,0.0,0.0,0.0
