symbol,name,price,changesPercentage,change,dayLow,dayHigh,yearHigh,yearLow,marketCap,priceAvg50,priceAvg200,volume,avgVolume,exchange,open,previousClose,eps,pe,earningsAnnouncement,sharesOutstanding,timestamp
^BVSP,IBOVESPA,122810.71,-0.96,-1187.29,122779.49,124031.68,125324.0,61691.0,,116067.97,104090.75,0.0,9743745.0,INDEX,123996.2,123998.0,,,,,1610652968
^RUATR,Russell 3000 Total Return,12554.622,0.37,46.072,12513.738,12576.134,12576.134,12513.738,,,,0.0,,INDEX,12513.738,12508.55,,,,,1610652968
^NYA,NYSE COMPOSITE (DJ),15118.477,0.9,134.877,15043.417,15129.123,15129.123,8664.94,,14456.797,13236.917,0.0,4626583492.0,INDEX,15063.6,14983.6,,,,,1610652968
^OVX,CBOE Crude Oil Volatility Index ,36.84,0.14,0.05,34.29,40.44,517.19,25.88,,39.805153,43.71855,0.0,0.0,INDEX,34.29,36.79,,,,,1610652968
^MID,S&P MID CAP 400 INDEX,2462.0,1.48,35.92,2436.35,2462.44,2462.44,1181.96,,2288.2617,2012.0411,0.0,0.0,INDEX,2436.35,2426.08,,,,,1610652968
^SSEC,Shanghai Stock Exchange Composite Index,3328.1028,0.47,15.4358,3293.766,3328.1028,3331.915,3271.461,,3331.522,3331.522,3623574312.0,205800.0,INDEX,3307.15,3312.667,,,,,1610652968
^XNDX,NASDAQ 100 Total Return Index,15156.183,0.5,75.783,15141.747,15250.001,15250.001,15141.747,,,,0.0,,INDEX,15219.5,15080.4,,,,,1610652968
^IXIC,NASDAQ Composite,13168.457,0.73,96.057,13146.353,13220.156,13220.156,6631.42,,12663.139,11507.966,279994418.0,4799804761.0,INDEX,13174.755,13072.4,,,,,1610652968
^VXSLV,CBOE SILVER ETF VOLATILITY INDE,42.44,2.91,1.2,40.88,42.8,42.8,40.88,,,,0.0,,INDEX,40.88,41.24,,,,,1610652968
^MXX,IPC MEXICO,46167.99,0.94,427.84,45609.34,46251.39,46925.06,32503.25,,43938.277,39355.54,105062816.0,188876958.0,INDEX,45821.24,45740.15,,,,,1610652968
^GSPTSE,S&P/TSX Composite index,17993.51,0.33,58.77,17963.16,18025.3,18058.6,11172.7,,17580.434,16599.516,176997247.0,248598630.0,INDEX,17974.24,17934.74,,,,,1610652968
^VIX,CBOE Volatility Index,22.19,-0.09,-0.02,21.66,22.45,85.47,11.75,,22.600607,25.686232,0.0,0.0,INDEX,22.22,22.21,,,,,1610652968
^DJI,Dow Jones Industrial Average,31130.07,0.22,69.6,31085.7,31223.8,31223.8,18213.65,,30285.215,28312.541,261391829.0,383676349.0,INDEX,31085.67,31060.47,,,,,1610652968
^RUITR,Russell 1000 Total Return,12783.508,0.22,27.865,12760.556,12811.045,12811.045,12760.556,,,,0.0,,INDEX,12760.556,12755.643,,,,,1610652968
^RVX,Cboe Russell 2000 Volatility Index,29.71,0.44,0.13,28.88,30.34,30.34,28.88,,,,0.0,,INDEX,29.24,29.58,,,,,1610652968
TX60.TS,S&P/TSX 60 Index,1069.42,0.21,2.27,1068.23,1071.9,1071.9,1068.23,,,,73186922.0,,INDEX,1069.39,1067.15,,,,,1610652968
^DJITR,Dow Jones Industrial Average TR,72025.36,0.22,161.68,71863.7,72239.3,72239.3,71863.7,,,,0.0,,INDEX,71863.68,71863.68,,,,,1610652968
^RUA,Russell 3000,2303.3567,0.36,8.2129,2295.8552,2307.304,2307.304,1259.73,,2220.9795,2034.4022,0.0,242065.0,INDEX,2295.8552,2295.1438,,,,,1610652968
^NDX,NASDAQ 100,12957.017,0.5,64.917,12944.505,13037.051,13113.09,6771.91,,12645.393,11636.806,458210306.0,4799804761.0,INDEX,13010.936,12892.1,,,,,1610652968
^GSPC,S&P 500,3813.6,0.1,3.76,3810.55,3823.6,3826.69,2191.86,,3709.1277,3451.6357,1652255314.0,4626583492.0,INDEX,3814.98,3809.84,,,,,1610652968
DX-Y.NYB,US Dollar/USDX - Index - Cash ,90.277,-0.09,-0.078,90.075,90.578,102.99,89.21,,90.50272,92.978775,,0.0,INDEX,90.276,90.355,,,,,1610652968
^RUT,Russell 2000,2163.2122,2.43,51.2462,2113.6245,2163.3774,2163.3774,966.22,,1958.7712,1659.0,0.0,46265834.0,INDEX,2113.6245,2111.966,,,,,1610652968
^DJT,Dow Jones Transportation Averag,13178.08,1.59,206.27,13026.34,13208.63,13208.63,6481.2,,12606.717,11373.584,111215913.0,1501782.0,INDEX,13026.34,12971.81,,,,,1610652968
^XAX,NYSE AMEX COMPOSITE INDEX,2559.6858,1.41,35.5858,2523.3184,2563.0012,2636.9,1276.09,,2370.0247,2130.619,0.0,0.0,INDEX,2539.71,2524.1,,,,,1610652968
^SP500TR,S&P 500 (TR),7883.34,0.11,8.59,7877.14,7903.98,7909.32,4466.72,,7659.214,7103.4688,0.0,0.0,INDEX,7886.27,7874.75,,,,,1610652968
^VXN,CBOE NASDAQ 100 Voltility,27.23,-0.48,-0.13,26.65,27.46,84.67,14.7,,27.600304,31.749928,0.0,0.0,INDEX,27.32,27.36,,,,,1610652968
^RUTTR,Russell 2000 Total Return,11089.48,2.43,263.098,10835.285,11090.329,11090.329,10835.285,,,,0.0,,INDEX,10835.285,10826.382,,,,,1610652968
^GVZ,CBOE Gold Volatitity Index,19.11,1.65,0.31,18.44,19.16,54.37,10.77,,19.966667,21.284855,0.0,0.0,INDEX,18.81,18.8,,,,,1610652968
^JN0U.JO,Top 40 USD Net TRI Index,4177.14,1.55,63.7,4113.02,4185.61,4185.61,2036.53,,3930.4368,3464.8955,0.0,0.0,INDEX,4114.14,4113.44,,,,,1610652968
^AXJO,S&P/ASX 200,6715.3,0.43,28.7,6669.3,6724.8,7197.2,4402.5,,6658.779,6212.6216,0.0,647580.0,INDEX,6686.6,6686.6,,,,,1610652968
^TA125.TA,TA-125,1648.9,0.43,7.13,1634.09,1653.4,1684.78,1076.65,,1541.9896,1434.8854,0.0,86838037.0,INDEX,1643.99,1641.77,,,,,1610652968
^BUK100P,Cboe UK 100 Price Return,627.3916,-1.08,-6.821,627.3916,637.6876,13029.66,549.33,,653.11096,756.2806,0.0,0.0,INDEX,634.2126,634.2126,,,,,1610652968
^JKSE,Jakarta Composite Index,6428.315,-0.11,-6.89,6407.57,6465.532,6465.532,3911.716,,5949.754,5325.57,0.0,178445747.0,INDEX,6445.901,6435.205,,,,,1610652968
^TYVIX,CBOE/CBOT 10-year U.S. Treasury,4.71,0.0,0.0,0.0,0.0,0.0,0.0,,,,0.0,,INDEX,0.0,4.71,,,,,1610652968
IMOEX.ME,MOEX Russia Index,3490.85,0.59,20.59,3439.01,3507.71,3520.66,2073.87,,3261.0344,2986.268,0.0,0.0,INDEX,3461.83,3470.26,,,,,1610652968
^N100,EURONEXT 100,1133.2,0.85,9.59,1127.5,1134.28,1182.1,710.47,,1104.9265,1019.8454,0.0,243220242.0,INDEX,1128.55,1123.61,,,,,1610652968
^IBEX,IBEX 35,8372.4,0.14,11.3,8335.9,8394.4,10100.2,5814.5,,8173.4146,7371.0303,196757647.0,269619118.0,INDEX,8360.9,8361.1,,,,,1610652968
^AORD,ALL ORDINARIES,6982.7,0.41,28.8,6936.2,6991.3,7289.7,4564.1,,6903.609,6399.7188,0.0,959132965.0,INDEX,6953.9,6953.9,,,,,1610652968
^STI,STI Index,3000.0,0.76,22.49,2979.38,3001.34,3283.89,2208.42,,2851.0417,2632.4844,0.0,295802701.0,INDEX,2982.0,2977.51,,,,,1610652968
^BSESN,S&P BSE SENSEX,49584.16,0.19,91.84,49182.37,49663.58,49795.19,25638.9,,46631.55,40846.48,0.0,18651.0,INDEX,49432.83,49492.32,,,,,1610652968
^N225,Nikkei 225,28698.26,0.85,241.67,28411.58,28979.53,28979.53,16358.19,,26928.502,24229.639,0.0,68136.0,INDEX,28442.73,28456.59,,,,,1610652968
^TWII,TSEC weighted index,15707.19,-0.4,-62.79,15620.96,15760.15,15778.52,8523.63,,14455.249,13140.971,0.0,5040756.0,INDEX,15651.2,15769.98,,,,,1610652968
^STOXX50E,ESTX 50 PR.EUR,3641.37,0.69,24.86,3619.3,3647.32,3867.28,2302.84,,3546.0017,3343.5823,0.0,39264815.0,INDEX,3619.3,3616.51,,,,,1610652968
^KLSE,FTSE Bursa Malaysia KLCI,1635.71,-0.06,-0.98,1632.2,1646.24,1695.96,1207.8,,1628.79,1562.356,0.0,198857514.0,INDEX,1638.0,1636.69,,,,,1610652968
^IPSA,S&P/CLX IPSA,5058.88,0.0,0.0,5041.52,5072.83,5072.83,5041.52,,5058.88,5058.88,0.0,0.0,INDEX,5071.76,5058.88,,,,,1610652968
^RMCCTR,Russell Midcap Total Return,19648.18,-0.42,-82.021,19648.18,19648.18,19648.18,19648.18,,,,0.0,,INDEX,19648.18,19730.201,,,,,1610652968
^CASE30,EGX 30 Price Return Index,11453.4,0.57,64.5,11380.9,11462.0,11462.0,11380.9,,,,149215000.0,,INDEX,11388.9,11388.9,,,,,1610652968
^MERV,MERVAL,38390.84,0.61,233.89,38156.95,39015.46,56114.04,21738.62,,52661.996,47977.984,0.0,0.0,INDEX,38156.95,38156.95,,,,,1610652968
^FCHI,CAC 40,5681.14,0.33,18.47,5656.75,5690.49,6111.41,3632.06,,5571.233,5131.2124,0.0,36499162.0,INDEX,5662.17,5662.67,,,,,1610652968
^IRX,13 Week Treasury Bill,0.075,-6.25,-0.005,0.075,0.07799999,3.39,-0.235,,0.0750303,0.08997826,,0.0,INDEX,0.075,0.08,,,,,1610652968
^KS11,KOSPI Composite Index,3149.93,0.05,1.64,3128.72,3159.03,3266.23,1439.43,,2813.1274,2453.891,1233182.0,1136125.0,INDEX,3148.65,3148.29,,,,,1610652968
^NSEBANK,NIFTY BANK,32519.75,-0.17,-54.9,32442.35,32718.95,32718.95,16116.25,,30695.645,25135.75,0.0,14803.0,INDEX,32526.7,32574.65,,,,,1610652968
^BFX,BEL 20,3740.26,0.39,14.6,3717.05,3748.43,4201.35,2406.75,,3683.874,3435.9631,0.0,10688454.0,INDEX,3729.77,3725.66,,,,,1610652968
^GDAXI,DAX PERFORMANCE-INDEX,13988.7,0.35,48.99,13942.88,14030.22,14131.52,8255.65,,13525.3545,12966.231,0.0,77311572.0,INDEX,13973.77,13939.71,,,,,1610652968
^AEX,AEX-INDEX,656.66,1.91,12.28,649.14,656.66,656.66,389.6,,622.6294,577.76276,0.0,40203850.0,INDEX,650.37,644.38,,,,,1610652968
^NZ50,S&P/NZX 50 INDEX GROSS,13115.87,-0.03,-4.41,13091.13,13206.88,13643.78,8209.04,,12936.653,12170.235,0.0,13114767.0,INDEX,13120.28,13120.28,,,,,1610652968
^FTSE,FTSE 100,6801.96,0.84,56.44,6736.78,6801.96,7689.7,4898.8,,6558.922,6160.513,0.0,914341620.0,INDEX,6745.52,6745.52,,,,,1610652968
^VVIX,CBOE VIX VOLATILITY INDEX,120.29,2.15,2.53,116.08,120.68,209.76,88.77,,113.18844,114.44285,0.0,0.0,INDEX,117.19,117.76,,,,,1610652968
