date,open,high,low,close,adjClose,volume,unadjustedVolume,change,changePercent,vwap,label,changeOverTime,B
2020-09-11,2.994,3.1,2.99,3.1,3.1,1600.0,1600.0,0.106,3.54,3.06333,"September 11, 20",0.0354,
2020-09-10,3.12,3.23,3.03,3.21,3.21,8000.0,8000.0,0.09,2.885,3.15667,"September 10, 20",0.02885,
2020-09-09,2.96,3.119,2.96,3.08,3.08,3100.0,3100.0,0.12,4.054,3.053,"September 09, 20",0.04054,
2020-09-08,3.105,3.105,2.96,2.96,2.96,4500.0,4500.0,-0.145,-4.67,3.00833,"September 08, 20",-0.0467,
2020-09-04,3.09,3.284,2.95,3.0,3.0,19900.0,19900.0,-0.09,-2.913,3.078,"September 04, 20",-0.02913,
2020-09-03,2.98,3.1,2.98,3.09,3.09,19400.0,19400.0,0.11,3.691,3.05667,"September 03, 20",0.03691,
2020-09-02,3.2,3.21,3.0,3.08,3.08,53200.0,53200.0,-0.12,-3.75,3.09667,"September 02, 20",-0.0375,
2020-09-01,3.07,3.14,2.92,2.98,2.98,9400.0,9400.0,-0.09,-2.932,3.01333,"September 01, 20",-0.02932,
2020-08-31,3.17,3.17,3.02,3.08,3.08,5700.0,5700.0,-0.09,-2.839,3.09,"August 31, 20",-0.02839,
2020-08-28,3.41,3.41,3.05,3.17,3.17,16400.0,16400.0,-0.24,-7.038,3.21,"August 28, 20",-0.07038,
2020-08-27,3.09,3.24,3.01,3.1,3.1,9100.0,9100.0,0.01,0.324,3.11667,"August 27, 20",0.00324,
2020-08-26,3.045,3.5,3.0,3.02,3.02,49400.0,49400.0,-0.025,-0.821,3.17333,"August 26, 20",-0.00821,
2020-08-25,3.09,3.22,3.09,3.18,3.18,7400.0,7400.0,0.09,2.913,3.16333,"August 25, 20",0.02913,
2020-08-24,3.02,3.17,3.0,3.01,3.01,22900.0,22900.0,-0.01,-0.331,3.06,"August 24, 20",-0.00331,
2020-08-21,3.17,3.25,3.0,3.05,3.05,15400.0,15400.0,-0.12,-3.785,3.1,"August 21, 20",-0.03785,
2020-08-20,3.11,3.336,3.11,3.24,3.24,16300.0,16300.0,0.13,4.18,3.22867,"August 20, 20",0.0418,
2020-08-19,3.78,3.9,3.0,3.0,3.0,128700.0,128700.0,-0.78,-20.635,3.3,"August 19, 20",-0.20635,
2020-08-18,4.0,4.069,3.61,3.72,3.72,61000.0,61000.0,-0.28,-7.0,3.79967,"August 18, 20",-0.07,
2020-08-17,3.68,4.44,3.68,4.0,4.0,123100.0,123100.0,0.32,8.696,4.04,"August 17, 20",0.08696,
2020-08-14,3.21,3.74,3.21,3.61,3.61,111800.0,111800.0,0.4,12.461,3.52,"August 14, 20",0.12461,
2020-08-13,3.06,3.385,3.06,3.21,3.21,44500.0,44500.0,0.15,4.902,3.21833,"August 13, 20",0.04902,
2020-08-12,3.01,3.2,3.0,3.04,3.04,48400.0,48400.0,0.03,0.997,3.08,"August 12, 20",0.00997,
2020-08-11,2.918,3.2,2.82,2.95,2.95,93600.0,93600.0,0.032,1.097,2.99,"August 11, 20",0.01097,
2020-08-10,3.0,3.0,2.75,2.85,2.85,24200.0,24200.0,-0.15,-5.0,2.86667,"August 10, 20",-0.05,
2020-08-07,2.9,3.0,2.75,2.84,2.84,25800.0,25800.0,-0.06,-2.069,2.86333,"August 07, 20",-0.02069,
2020-08-06,2.98,3.88,2.75,3.04,3.04,270700.0,270700.0,0.06,2.013,3.22333,"August 06, 20",0.02013,
2020-08-05,3.54,3.77,2.75,2.77,2.77,210600.0,210600.0,-0.77,-21.751,3.09667,"August 05, 20",-0.21751,
2020-08-04,3.64,3.73,3.569,3.73,3.73,4300.0,4300.0,0.09,2.473,3.67633,"August 04, 20",0.02473,
2020-08-03,3.597,3.638,3.5,3.618,3.618,27400.0,27400.0,0.021,0.584,3.58533,"August 03, 20",0.00584,
2020-07-31,3.56,3.78,3.56,3.62,3.62,4800.0,4800.0,0.06,1.685,3.65333,"July 31, 20",0.01685,
2020-07-30,3.61,3.72,3.54,3.6,3.6,13700.0,13700.0,-0.01,-0.277,3.62,"July 30, 20",-0.00277,
2020-07-29,3.47,4.098,3.34,3.73,3.73,46600.0,46600.0,0.26,7.493,3.72267,"July 29, 20",0.07493,
2020-07-28,3.75,3.99,3.41,3.54,3.54,47400.0,47400.0,-0.21,-5.6,3.64667,"July 28, 20",-0.056,
2020-07-27,4.5,4.5,3.76,3.9,3.9,150506.0,150506.0,-0.6,-13.333,4.05333,"July 27, 20",-0.13333,
2020-07-24,4.29,4.419,4.1,4.15,4.15,22300.0,22300.0,-0.14,-3.263,4.223,"July 24, 20",-0.03263,
2020-07-23,4.26,4.78,4.16,4.42,4.42,44400.0,44400.0,0.16,3.756,4.45333,"July 23, 20",0.03756,
2020-07-22,5.37,5.42,4.06,4.12,4.12,166300.0,166300.0,-1.25,-23.277,4.53333,"July 22, 20",-0.23277,
2020-07-21,5.55,5.63,5.3,5.52,5.52,45100.0,45100.0,-0.03,-0.541,5.48333,"July 21, 20",-0.00541,
2020-07-20,4.41,5.93,4.4,5.45,5.45,522200.0,522200.0,1.04,23.583,5.26,"July 20, 20",0.23583,
2020-07-17,4.16,4.6,4.16,4.53,4.53,49200.0,49200.0,0.37,8.894,4.43,"July 17, 20",0.08894,
2020-07-16,4.54,4.728,4.09,4.16,4.16,16700.0,16700.0,-0.38,-8.37,4.326,"July 16, 20",-0.0837,
2020-07-15,4.23,4.98,4.23,4.62,4.62,48100.0,48100.0,0.39,9.22,4.61,"July 15, 20",0.0922,
2020-07-14,4.88,5.11,4.26,4.67,4.67,72200.0,72200.0,-0.21,-4.303,4.68,"July 14, 20",-0.04303,
2020-07-13,5.85,5.852,4.05,4.19,4.19,169400.0,169400.0,-1.66,-28.376,4.69733,"July 13, 20",-0.28376,
2020-07-10,5.77,6.38,5.5,5.85,5.85,106700.0,106700.0,0.08,1.386,5.91,"July 10, 20",0.01386,
2020-07-09,5.6,5.8,5.4,5.64,5.64,75600.0,75600.0,0.04,0.714,5.61333,"July 09, 20",0.00714,
2020-07-08,5.58,5.786,5.4,5.46,5.46,76500.0,76500.0,-0.12,-2.151,5.54867,"July 08, 20",-0.02151,
2020-07-07,5.5,5.94,5.37,5.68,5.68,97400.0,97400.0,0.18,3.273,5.66333,"July 07, 20",0.03273,
2020-07-06,5.7,6.9,5.1,5.69,5.69,300600.0,300600.0,-0.01,-0.175,5.89667,"July 06, 20",-0.00175,
2020-07-02,5.11,6.2,4.81,5.45,5.45,299700.0,299700.0,0.34,6.654,5.48667,"July 02, 20",0.06654,
2020-07-01,5.58,5.9,4.77,4.81,4.81,227500.0,227500.0,-0.77,-13.799,5.16,"July 01, 20",-0.13799,
2020-06-30,6.95,7.76,5.54,6.23,6.23,714500.0,714500.0,-0.72,-10.36,6.51,"June 30, 20",-0.1036,
2020-06-29,4.7,8.55,4.7,8.08,8.08,1396000.0,1396000.0,3.38,71.915,7.11,"June 29, 20",0.71915,
2020-06-26,5.7,6.16,4.8,5.4,5.4,919100.0,919100.0,-0.3,-5.263,5.45333,"June 26, 20",-0.05263,
2020-06-25,4.63,6.75,4.04,6.75,6.75,25937900.0,25937900.0,2.12,45.788,5.84667,"June 25, 20",0.45788,
2020-06-24,2.32,5.05,2.32,3.28,3.28,5106800.0,5106800.0,0.96,41.379,3.55,"June 24, 20",0.41379,
2020-06-23,2.198,2.225,2.1,2.2,2.2,5500.0,5500.0,0.002,0.091,2.175,"June 23, 20",0.00091,
2020-06-22,2.08,2.154,2.08,2.14,2.14,1500.0,1500.0,0.06,2.885,2.12467,"June 22, 20",0.02885,
2020-06-19,2.16,2.27,2.04,2.1,2.1,5000.0,5000.0,-0.06,-2.778,2.13667,"June 19, 20",-0.02778,
2020-06-18,2.16,2.28,2.1,2.16,2.16,10700.0,10700.0,0.0,0.0,2.18,"June 18, 20",0.0,
2020-06-17,2.1,2.291,2.1,2.165,2.165,6200.0,6200.0,0.065,3.095,2.18533,"June 17, 20",0.03095,
2020-06-16,2.07,2.135,2.07,2.07,2.07,1800.0,1800.0,0.0,0.0,2.09167,"June 16, 20",0.0,
2020-06-15,2.11,2.49,2.03,2.172,2.172,6000.0,6000.0,0.062,2.938,2.23067,"June 15, 20",0.02938,
2020-06-12,2.3,2.75,2.3,2.33,2.33,16500.0,16500.0,0.03,1.304,2.46,"June 12, 20",0.01304,
2020-06-11,2.55,2.6,2.08,2.209,2.209,15800.0,15800.0,-0.341,-13.373,2.29633,"June 11, 20",-0.13373,
2020-06-10,2.06,3.64,2.06,2.6,2.6,140300.0,140300.0,0.54,26.214,2.76667,"June 10, 20",0.26214,
2020-06-09,2.2,2.2,2.2,2.2,2.2,600.0,600.0,0.0,0.0,2.2,"June 09, 20",0.0,
2020-06-08,2.2,2.2,2.2,2.2,2.2,500.0,500.0,0.0,0.0,2.2,"June 08, 20",0.0,
2020-06-05,2.18,2.2,2.18,2.2,2.2,600.0,600.0,0.02,0.917,2.19333,"June 05, 20",0.00917,
2020-06-04,2.2,2.2,2.2,2.2,2.2,800.0,800.0,0.0,0.0,2.2,"June 04, 20",0.0,
2020-06-03,2.177,2.177,2.177,2.177,2.177,400.0,400.0,0.0,0.0,2.177,"June 03, 20",0.0,
2020-06-02,2.22,2.22,2.22,2.22,2.22,900.0,900.0,0.0,0.0,2.22,"June 02, 20",0.0,
2020-06-01,2.18,2.21,2.18,2.21,2.21,600.0,600.0,0.03,1.376,2.2,"June 01, 20",0.01376,
2020-05-29,2.33,2.33,2.06,2.198,2.198,1600.0,1600.0,-0.132,-5.665,2.196,"May 29, 20",-0.05665,
2020-05-28,2.197,2.35,2.19,2.35,2.35,2000.0,2000.0,0.153,6.964,2.29667,"May 28, 20",0.06964,
2020-05-27,2.14,2.22,2.04,2.21,2.21,1600.0,1600.0,0.07,3.271,2.15667,"May 27, 20",0.03271,
2020-05-26,2.18,2.22,2.18,2.22,2.22,1000.0,1000.0,0.04,1.835,2.20667,"May 26, 20",0.01835,
2020-05-22,2.15,2.21,2.15,2.21,2.21,1000.0,1000.0,0.06,2.791,2.19,"May 22, 20",0.02791,
2020-05-21,2.18,2.22,2.18,2.22,2.22,600.0,600.0,0.04,1.835,2.20667,"May 21, 20",0.01835,
2020-05-20,2.22,2.23,2.21,2.23,2.23,900.0,900.0,0.01,0.45,2.22333,"May 20, 20",0.0045,
2020-05-19,2.23,2.24,2.22,2.24,2.24,600.0,600.0,0.01,0.448,2.23333,"May 19, 20",0.00448,
2020-05-18,2.21,2.22,2.2,2.22,2.22,700.0,700.0,0.01,0.452,2.21333,"May 18, 20",0.00452,
2020-05-15,2.17,2.19,2.16,2.19,2.19,900.0,900.0,0.02,0.922,2.18,"May 15, 20",0.00922,
2020-05-14,2.17,2.19,2.11,2.19,2.19,1400.0,1400.0,0.02,0.922,2.16333,"May 14, 20",0.00922,
2020-05-13,2.17,2.18,2.16,2.18,2.18,900.0,900.0,0.01,0.461,2.17333,"May 13, 20",0.00461,
2020-05-12,2.04,2.18,2.04,2.18,2.18,900.0,900.0,0.14,6.863,2.13333,"May 12, 20",0.06863,
2020-05-11,2.1,2.169,2.1,2.169,2.169,1200.0,1200.0,0.069,3.286,2.146,"May 11, 20",0.03286,
2020-05-08,2.03,2.17,2.03,2.15,2.15,1600.0,1600.0,0.12,5.911,2.11667,"May 08, 20",0.05911,
2020-05-07,2.1,2.17,2.1,2.17,2.17,1100.0,1100.0,0.07,3.333,2.14667,"May 07, 20",0.03333,
2020-05-06,2.01,2.16,2.01,2.16,2.16,1400.0,1400.0,0.15,7.463,2.11,"May 06, 20",0.07463,
2020-05-05,2.1,2.1,2.1,2.1,2.1,600.0,600.0,0.0,0.0,2.1,"May 05, 20",0.0,
2020-04-29,2.03,2.1,2.0,2.1,2.1,1200.0,1200.0,0.07,3.448,2.06667,"April 29, 20",0.03448,
2020-04-28,2.0,2.09,2.0,2.063,2.063,4200.0,4200.0,0.063,3.15,2.051,"April 28, 20",0.0315,
2020-04-27,2.1,2.1,2.1,2.1,2.1,2500.0,2500.0,0.0,0.0,2.1,"April 27, 20",0.0,
2020-04-24,2.04,2.11,2.0,2.11,2.11,4700.0,4700.0,0.07,3.431,2.07333,"April 24, 20",0.03431,
2020-04-23,2.138,2.138,2.138,2.138,2.138,500.0,500.0,0.0,0.0,2.138,"April 23, 20",0.0,
2020-04-21,2.307,2.307,2.307,2.307,2.307,100.0,100.0,0.0,0.0,2.307,"April 21, 20",0.0,
2020-04-20,2.43,2.43,2.43,2.43,2.43,100.0,100.0,0.0,0.0,2.43,"April 20, 20",0.0,
2020-04-17,2.32,2.39,2.32,2.39,2.39,800.0,800.0,0.07,3.017,2.36667,"April 17, 20",0.03017,
2020-04-16,2.15,2.15,2.15,2.15,2.15,2500.0,2500.0,0.0,0.0,2.15,"April 16, 20",0.0,
2020-04-15,2.15,2.15,2.15,2.15,2.15,1600.0,1600.0,0.0,0.0,2.15,"April 15, 20",0.0,
2020-04-13,2.15,2.15,2.15,2.15,2.15,1000.0,1000.0,0.0,0.0,2.15,"April 13, 20",0.0,
2020-04-09,2.03,2.15,2.03,2.15,2.15,1700.0,1700.0,0.12,5.911,2.11,"April 09, 20",0.05911,
2020-04-07,2.01,2.11,2.01,2.11,2.11,600.0,600.0,0.1,4.975,2.07667,"April 07, 20",0.04975,
2020-04-06,2.0,2.127,2.0,2.12,2.12,1100.0,1100.0,0.12,6.0,2.08233,"April 06, 20",0.06,
2020-04-03,2.0,2.14,2.0,2.14,2.14,400.0,400.0,0.14,7.0,2.09333,"April 03, 20",0.07,
2020-04-02,2.0,2.12,2.0,2.12,2.12,600.0,600.0,0.12,6.0,2.08,"April 02, 20",0.06,
2020-03-31,2.15,2.15,2.15,2.15,2.15,300.0,300.0,0.0,0.0,2.15,"March 31, 20",0.0,
2020-03-30,2.0,2.13,2.0,2.13,2.13,600.0,600.0,0.13,6.5,2.08667,"March 30, 20",0.065,
2020-03-25,2.18,2.18,2.18,2.18,2.18,200.0,200.0,0.0,0.0,2.18,"March 25, 20",0.0,
2020-03-24,2.01,2.14,2.0,2.14,2.14,1600.0,1600.0,0.13,6.468,2.09333,"March 24, 20",0.06468,
2020-03-23,2.1,2.1,2.1,2.1,2.1,500.0,500.0,0.0,0.0,2.1,"March 23, 20",0.0,
2020-03-20,2.02,2.1,2.0,2.1,2.1,2500.0,2500.0,0.08,3.96,2.06667,"March 20, 20",0.0396,
2020-03-16,2.26,2.26,2.26,2.26,2.26,300.0,300.0,0.0,0.0,2.26,"March 16, 20",0.0,
2020-03-13,2.26,2.26,2.26,2.26,2.26,200.0,200.0,0.0,0.0,2.26,"March 13, 20",0.0,
2020-03-11,2.2,2.2,2.2,2.2,2.2,400.0,400.0,0.0,0.0,2.2,"March 11, 20",0.0,
2020-03-10,2.1,2.1,1.815,2.1,2.1,5000.0,5000.0,0.0,0.0,2.005,"March 10, 20",0.0,
2020-03-05,2.06,2.22,1.8,2.22,2.22,3500.0,3500.0,0.16,7.767,2.08,"March 05, 20",0.07767,
2020-03-03,2.54,2.54,2.03,2.24,2.24,1200.0,1200.0,-0.3,-11.811,2.27,"March 03, 20",-0.11811,
2020-02-20,2.56,2.56,2.56,2.56,2.56,100.0,100.0,0.0,0.0,2.56,"February 20, 20",0.0,
2020-02-18,2.44,2.56,2.44,2.56,2.56,300.0,300.0,0.12,4.918,2.52,"February 18, 20",0.04918,
2020-02-14,2.11,2.362,2.11,2.362,2.362,400.0,400.0,0.252,11.943,2.278,"February 14, 20",0.11943,
2020-02-11,2.24,2.453,2.24,2.453,2.453,800.0,800.0,0.213,9.509,2.382,"February 11, 20",0.09509,
2020-02-10,2.19,2.19,2.04,2.159,2.159,600.0,600.0,-0.031,-1.416,2.12967,"February 10, 20",-0.01416,
2020-02-07,2.04,2.18,1.975,2.18,2.18,3700.0,3700.0,0.14,6.863,2.11167,"February 07, 20",0.06863,
2020-02-06,2.025,2.32,2.02,2.1,2.1,1500.0,1500.0,0.075,3.704,2.14667,"February 06, 20",0.03704,
2020-02-05,2.27,2.27,2.27,2.27,2.27,300.0,300.0,0.0,0.0,2.27,"February 05, 20",0.0,
2020-01-31,2.21,2.21,2.21,2.21,2.21,200.0,200.0,0.0,0.0,2.21,"January 31, 20",0.0,
2020-01-27,2.0,2.17,2.0,2.17,2.17,700.0,700.0,0.17,8.5,2.11333,"January 27, 20",0.085,
2020-01-23,2.102,2.19,2.102,2.19,2.19,600.0,600.0,0.088,4.186,2.16067,"January 23, 20",0.04186,
2020-01-21,2.2,2.2,2.2,2.2,2.2,200.0,200.0,0.0,0.0,2.2,"January 21, 20",0.0,
2020-01-17,2.053,2.16,2.03,2.16,2.16,1900.0,1900.0,0.107,5.212,2.11667,"January 17, 20",0.05212,
2020-01-15,2.22,2.22,2.22,2.22,2.22,1600.0,1600.0,0.0,0.0,2.22,"January 15, 20",0.0,
2020-01-14,2.12,2.23,2.12,2.2,2.2,1000.0,1000.0,0.08,3.774,2.18333,"January 14, 20",0.03774,
2020-01-13,2.08,2.08,2.062,2.072,2.072,1500.0,1500.0,-0.008,-0.385,2.07133,"January 13, 20",-0.00385,
2020-01-10,2.0,2.056,2.0,2.056,2.056,12800.0,12800.0,0.056,2.8,2.03733,"January 10, 20",0.028,
2020-01-09,2.01,2.096,2.0,2.096,2.096,600.0,600.0,0.086,4.279,2.064,"January 09, 20",0.04279,
2020-01-08,2.136,2.14,2.136,2.14,2.14,400.0,400.0,0.004,0.187,2.13867,"January 08, 20",0.00187,
2020-01-07,2.12,2.12,2.12,2.12,2.12,500.0,500.0,0.0,0.0,2.12,"January 07, 20",0.0,
2020-01-06,2.09,2.09,2.0,2.087,2.087,3400.0,3400.0,-0.003,-0.144,2.059,"January 06, 20",-0.00144,
2020-01-03,2.12,2.12,2.0,2.0,2.0,1200.0,1200.0,-0.12,-5.66,2.04,"January 03, 20",-0.0566,
2020-01-02,2.01,2.1,2.0,2.1,2.1,5500.0,5500.0,0.09,4.478,2.06667,"January 02, 20",0.04478,
2019-12-30,2.14,2.14,2.14,2.14,2.14,200.0,200.0,0.0,0.0,2.14,"December 30, 19",0.0,
2019-12-27,2.01,2.12,2.0,2.04,2.04,5100.0,5100.0,0.03,1.493,2.05333,"December 27, 19",0.01493,
2019-12-26,2.2,2.3,2.14,2.14,2.14,800.0,800.0,-0.06,-2.727,2.19333,"December 26, 19",-0.02727,
2019-12-24,2.053,2.1,2.053,2.09,2.09,1400.0,1400.0,0.037,1.802,2.081,"December 24, 19",0.01802,
2019-12-23,2.02,2.12,2.0,2.11,2.11,3200.0,3200.0,0.09,4.455,2.07667,"December 23, 19",0.04455,
2019-12-19,2.2,2.2,2.2,2.2,2.2,200.0,200.0,0.0,0.0,2.2,"December 19, 19",0.0,
2019-12-18,2.37,2.37,2.155,2.155,2.155,400.0,400.0,-0.215,-9.072,2.22667,"December 18, 19",-0.09072,
2019-12-17,2.195,2.27,2.19,2.27,2.27,600.0,600.0,0.075,3.417,2.24333,"December 17, 19",0.03417,
2019-12-16,2.24,2.33,2.19,2.33,2.33,6100.0,6100.0,0.09,4.018,2.28333,"December 16, 19",0.04018,
2019-12-12,2.4,2.52,2.33,2.36,2.36,1700.0,1700.0,-0.04,-1.667,2.40333,"December 12, 19",-0.01667,
2019-12-11,2.39,2.499,2.32,2.36,2.36,5100.0,5100.0,-0.03,-1.255,2.393,"December 11, 19",-0.01255,
2019-12-10,2.45,2.48,2.089,2.45,2.45,4300.0,4300.0,0.0,0.0,2.33967,"December 10, 19",0.0,
2019-12-09,2.388,3.859,2.3,2.5,2.5,161600.0,161600.0,0.112,4.69,2.88633,"December 09, 19",0.0469,
2019-12-06,2.563,2.63,2.546,2.63,2.63,2000.0,2000.0,0.067,2.614,2.602,"December 06, 19",0.02614,
2019-12-03,2.581,2.581,2.581,2.581,2.581,700.0,700.0,0.0,0.0,2.581,"December 03, 19",0.0,
2019-12-02,2.27,2.6,2.27,2.594,2.594,2500.0,2500.0,0.324,14.273,2.488,"December 02, 19",0.14273,
2019-11-29,2.581,2.62,2.58,2.62,2.62,2200.0,2200.0,0.039,1.511,2.60667,"November 29, 19",0.01511,
2019-11-26,2.6,2.6,2.6,2.6,2.6,100.0,100.0,0.0,0.0,2.6,"November 26, 19",0.0,
2019-11-25,2.6,2.6,2.6,2.6,2.6,100.0,100.0,0.0,0.0,2.6,"November 25, 19",0.0,
2019-11-22,2.6,2.6,2.6,2.6,2.6,300.0,300.0,0.0,0.0,2.6,"November 22, 19",0.0,
2019-11-21,2.6,2.6,2.6,2.6,2.6,500.0,500.0,0.0,0.0,2.6,"November 21, 19",0.0,
2019-11-20,2.62,2.62,2.6,2.6,2.6,1600.0,1600.0,-0.02,-0.763,2.60667,"November 20, 19",-0.00763,
2019-11-19,2.43,2.62,2.43,2.6,2.6,3300.0,3300.0,0.17,6.996,2.55,"November 19, 19",0.06996,
2019-11-18,2.63,2.63,2.45,2.45,2.45,2800.0,2800.0,-0.18,-6.844,2.51,"November 18, 19",-0.06844,
2019-11-15,2.5,2.6,2.4,2.6,2.6,5600.0,5600.0,0.1,4.0,2.53333,"November 15, 19",0.04,
2019-11-14,2.577,2.577,2.577,2.577,2.577,400.0,400.0,0.0,0.0,2.577,"November 14, 19",0.0,
2019-11-13,2.627,2.627,2.577,2.577,2.577,1300.0,1300.0,-0.05,-1.903,2.59367,"November 13, 19",-0.01903,
2019-11-12,2.63,2.63,2.56,2.62,2.62,1400.0,1400.0,-0.01,-0.38,2.60333,"November 12, 19",-0.0038,
2019-11-11,2.63,2.63,2.539,2.57,2.57,1400.0,1400.0,-0.06,-2.281,2.57967,"November 11, 19",-0.02281,
2019-11-08,2.55,2.63,2.453,2.6,2.6,3100.0,3100.0,0.05,1.961,2.561,"November 08, 19",0.01961,
2019-11-07,2.48,2.58,2.37,2.37,2.37,4700.0,4700.0,-0.11,-4.435,2.44,"November 07, 19",-0.04435,
2019-11-06,2.639,2.64,2.563,2.563,2.563,1200.0,1200.0,-0.076,-2.88,2.58867,"November 06, 19",-0.0288,
2019-11-05,2.553,2.63,2.36,2.63,2.63,5200.0,5200.0,0.077,3.016,2.54,"November 05, 19",0.03016,
2019-11-04,2.64,2.64,2.64,2.64,2.64,500.0,500.0,0.0,0.0,2.64,"November 04, 19",0.0,
2019-11-01,2.64,2.64,2.64,2.64,2.64,700.0,700.0,0.0,0.0,2.64,"November 01, 19",0.0,
2019-10-31,2.5,2.64,2.5,2.64,2.64,2200.0,2200.0,0.14,5.6,2.59333,"October 31, 19",0.056,
2019-10-30,2.637,2.65,2.637,2.65,2.65,1300.0,1300.0,0.013,0.493,2.64567,"October 30, 19",0.00493,
2019-10-29,2.64,2.64,2.64,2.64,2.64,400.0,400.0,0.0,0.0,2.64,"October 29, 19",0.0,
2019-10-28,2.64,2.64,2.64,2.64,2.64,800.0,800.0,0.0,0.0,2.64,"October 28, 19",0.0,
2019-10-25,2.64,2.64,2.64,2.64,2.64,500.0,500.0,0.0,0.0,2.64,"October 25, 19",0.0,
2019-10-24,2.5,2.65,2.41,2.65,2.65,6200.0,6200.0,0.15,6.0,2.57,"October 24, 19",0.06,
2019-10-23,2.64,2.64,2.64,2.64,2.64,200.0,200.0,0.0,0.0,2.64,"October 23, 19",0.0,
2019-10-22,2.64,2.65,2.62,2.64,2.64,3300.0,3300.0,0.0,0.0,2.63667,"October 22, 19",0.0,
2019-10-21,2.51,2.51,2.46,2.51,2.51,800.0,800.0,0.0,0.0,2.49333,"October 21, 19",0.0,
2019-10-18,2.63,2.63,2.63,2.63,2.63,600.0,600.0,0.0,0.0,2.63,"October 18, 19",0.0,
2019-10-17,2.64,2.64,2.597,2.63,2.63,2000.0,2000.0,-0.01,-0.379,2.62233,"October 17, 19",-0.00379,
2019-10-16,2.63,2.63,2.63,2.63,2.63,100.0,100.0,0.0,0.0,2.63,"October 16, 19",0.0,
2019-10-15,2.4,2.63,2.4,2.63,2.63,1300.0,1300.0,0.23,9.583,2.55333,"October 15, 19",0.09583,
2019-10-14,2.64,2.64,2.64,2.64,2.64,100.0,100.0,0.0,0.0,2.64,"October 14, 19",0.0,
2019-10-11,2.66,2.66,2.38,2.64,2.64,4100.0,4100.0,-0.02,-0.752,2.56,"October 11, 19",-0.00752,
2019-10-10,2.529,2.6,2.529,2.6,2.6,1100.0,1100.0,0.071,2.807,2.57633,"October 10, 19",0.02807,
2019-10-09,2.6,2.6,2.388,2.577,2.577,5000.0,5000.0,-0.023,-0.885,2.52167,"October 09, 19",-0.00885,
2019-10-08,2.66,2.66,2.503,2.503,2.503,1700.0,1700.0,-0.157,-5.902,2.55533,"October 08, 19",-0.05902,
2019-10-07,2.63,2.63,2.63,2.63,2.63,100.0,100.0,0.0,0.0,2.63,"October 07, 19",0.0,
2019-10-04,2.65,2.65,2.547,2.63,2.63,2300.0,2300.0,-0.02,-0.755,2.609,"October 04, 19",-0.00755,
2019-10-03,2.59,2.59,2.333,2.587,2.587,3300.0,3300.0,-0.003,-0.116,2.50333,"October 03, 19",-0.00116,
2019-10-02,2.32,2.64,2.31,2.64,2.64,1300.0,1300.0,0.32,13.793,2.53,"October 02, 19",0.13793,
2019-10-01,2.69,2.69,2.453,2.67,2.67,3500.0,3500.0,-0.02,-0.743,2.60433,"October 01, 19",-0.00743,
2019-09-30,2.65,2.65,2.594,2.63,2.63,1500.0,1500.0,-0.02,-0.755,2.62467,"September 30, 19",-0.00755,
2019-09-27,2.49,2.56,2.49,2.56,2.56,1200.0,1200.0,0.07,2.811,2.53667,"September 27, 19",0.02811,
2019-09-26,2.56,2.56,2.315,2.46,2.46,2700.0,2700.0,-0.1,-3.906,2.445,"September 26, 19",-0.03906,
2019-09-25,2.547,2.58,2.4,2.4,2.4,2800.0,2800.0,-0.147,-5.771,2.46,"September 25, 19",-0.05771,
2019-09-24,2.599,2.647,2.495,2.64,2.64,1600.0,1600.0,0.041,1.578,2.594,"September 24, 19",0.01578,
2019-09-23,2.58,2.58,2.58,2.58,2.58,200.0,200.0,0.0,0.0,2.58,"September 23, 19",0.0,
2019-09-20,2.48,2.577,2.43,2.507,2.507,1600.0,1600.0,0.027,1.089,2.50467,"September 20, 19",0.01089,
2019-09-19,1.37,2.39,1.37,2.39,2.39,9900.0,9900.0,1.02,74.453,2.05,"September 19, 19",0.74453,
2019-09-18,2.49,2.49,2.49,2.49,2.49,2200.0,2200.0,0.0,0.0,2.49,"September 18, 19",0.0,
2019-09-17,2.5,2.5,2.1,2.49,2.49,5800.0,5800.0,-0.01,-0.4,2.36333,"September 17, 19",-0.004,
2019-09-16,2.5,2.6,2.5,2.59,2.59,1400.0,1400.0,0.09,3.6,2.56333,"September 16, 19",0.036,
2019-09-13,2.51,2.66,2.382,2.66,2.66,4200.0,4200.0,0.15,5.976,2.56733,"September 13, 19",0.05976,
2019-09-12,2.624,2.67,2.46,2.64,2.64,1500.0,1500.0,0.016,0.61,2.59,"September 12, 19",0.0061,
2019-09-11,2.573,2.68,2.5,2.68,2.68,2500.0,2500.0,0.107,4.159,2.62,"September 11, 19",0.04159,
2019-09-09,2.68,2.68,2.68,2.68,2.68,500.0,500.0,0.0,0.0,2.68,"September 09, 19",0.0,
2019-09-06,2.603,2.68,2.49,2.68,2.68,2500.0,2500.0,0.077,2.958,2.61667,"September 06, 19",0.02958,
2019-09-05,2.7,2.7,2.26,2.67,2.67,2000.0,2000.0,-0.03,-1.111,2.54333,"September 05, 19",-0.01111,
2019-09-04,2.565,2.625,2.55,2.59,2.59,1800.0,1800.0,0.025,0.975,2.58833,"September 04, 19",0.00975,
2019-09-03,2.4,2.52,2.38,2.52,2.52,700.0,700.0,0.12,5.0,2.47333,"September 03, 19",0.05,
2019-08-30,2.44,2.44,2.343,2.42,2.42,1200.0,1200.0,-0.02,-0.82,2.401,"August 30, 19",-0.0082,
2019-08-28,2.44,2.45,2.151,2.42,2.42,2200.0,2200.0,-0.02,-0.82,2.34033,"August 28, 19",-0.0082,
2019-08-27,2.15,2.45,2.147,2.42,2.42,2700.0,2700.0,0.27,12.558,2.339,"August 27, 19",0.12558,
2019-08-26,2.12,2.36,2.08,2.31,2.31,4100.0,4100.0,0.19,8.962,2.25,"August 26, 19",0.08962,
2019-08-21,2.09,2.43,2.09,2.42,2.42,1100.0,1100.0,0.33,15.789,2.31333,"August 21, 19",0.15789,
2019-08-19,2.22,2.49,2.22,2.49,2.49,2700.0,2700.0,0.27,12.162,2.4,"August 19, 19",0.12162,
2019-08-16,2.7,2.7,2.23,2.23,2.23,5300.0,5300.0,-0.47,-17.407,2.38667,"August 16, 19",-0.17407,
2019-08-15,2.7,2.7,2.505,2.64,2.64,1000.0,1000.0,-0.06,-2.222,2.615,"August 15, 19",-0.02222,
2019-08-14,2.7,2.7,2.505,2.64,2.64,1000.0,1000.0,-0.06,-2.222,2.615,"August 14, 19",-0.02222,
2019-08-13,2.6,2.7,2.46,2.7,2.7,1200.0,1200.0,0.1,3.846,2.62,"August 13, 19",0.03846,
2019-08-12,2.6,2.7,2.469,2.6,2.6,2000.0,2000.0,0.0,0.0,2.58967,"August 12, 19",0.0,
2019-08-09,2.45,2.65,2.45,2.65,2.65,1200.0,1200.0,0.2,8.163,2.58333,"August 09, 19",0.08163,
2019-08-08,2.45,2.7,2.428,2.6,2.6,6900.0,6900.0,0.15,6.122,2.576,"August 08, 19",0.06122,
2019-08-07,2.23,2.69,2.23,2.685,2.685,1900.0,1900.0,0.455,20.404,2.535,"August 07, 19",0.20404,
2019-08-06,2.91,2.91,2.245,2.58,2.58,3700.0,3700.0,-0.33,-11.34,2.57833,"August 06, 19",-0.1134,
2019-08-05,2.91,2.91,2.245,2.58,2.58,3700.0,3700.0,-0.33,-11.34,2.57833,"August 05, 19",-0.1134,
2019-08-02,2.91,2.91,2.245,2.58,2.58,3700.0,3700.0,-0.33,-11.34,2.57833,"August 02, 19",-0.1134,
2019-08-01,2.565,2.8,2.565,2.78,2.78,500.0,500.0,0.215,8.382,2.715,"August 01, 19",0.08382,
2019-07-31,2.51,2.87,2.51,2.87,2.87,1200.0,1200.0,0.36,14.343,2.75,"July 31, 19",0.14343,
2019-07-30,2.51,2.87,2.51,2.87,2.87,1200.0,1200.0,0.36,14.343,2.75,"July 30, 19",0.14343,
2019-07-29,2.445,2.79,2.43,2.555,2.555,1200.0,1200.0,0.11,4.499,2.59167,"July 29, 19",0.04499,
2019-07-26,2.21,2.68,2.21,2.585,2.585,3300.0,3300.0,0.375,16.968,2.49167,"July 26, 19",0.16968,
2019-07-24,2.4,2.5,2.272,2.5,2.5,2800.0,2800.0,0.1,4.167,2.424,"July 24, 19",0.04167,
2019-07-23,2.468,2.468,2.362,2.362,2.362,3300.0,3300.0,-0.106,-4.295,2.39733,"July 23, 19",-0.04295,
2019-07-22,2.46,2.558,2.46,2.558,2.558,500.0,500.0,0.098,3.984,2.52533,"July 22, 19",0.03984,
2019-07-19,2.49,2.49,2.49,2.49,2.49,100.0,100.0,0.0,0.0,2.49,"July 19, 19",0.0,
2019-07-18,2.45,2.49,2.42,2.49,2.49,2100.0,2100.0,0.04,1.633,2.46667,"July 18, 19",0.01633,
2019-07-16,2.51,2.66,2.45,2.498,2.498,5600.0,5600.0,-0.012,-0.478,2.536,"July 16, 19",-0.00478,
2019-07-15,2.76,2.76,2.76,2.76,2.76,5000.0,5000.0,0.0,0.0,2.76,"July 15, 19",0.0,
2019-07-12,2.75,2.76,2.62,2.76,2.76,7500.0,7500.0,0.01,0.364,2.71333,"July 12, 19",0.00364,
2019-07-11,2.7,2.7,2.7,2.7,2.7,500.0,500.0,0.0,0.0,2.7,"July 11, 19",0.0,
2019-07-10,2.8,2.8,2.75,2.78,2.78,5500.0,5500.0,-0.02,-0.714,2.77667,"July 10, 19",-0.00714,
2019-07-09,2.76,2.8,2.76,2.78,2.78,4500.0,4500.0,0.02,0.725,2.78,"July 09, 19",0.00725,
2019-07-08,2.79,2.79,2.68,2.79,2.79,1400.0,1400.0,0.0,0.0,2.75333,"July 08, 19",0.0,
2019-07-05,2.8,2.8,2.664,2.79,2.79,10800.0,10800.0,-0.01,-0.357,2.75133,"July 05, 19",-0.00357,
2019-07-03,2.87,2.87,2.641,2.84,2.84,4800.0,4800.0,-0.03,-1.045,2.78367,"July 03, 19",-0.01045,
2019-07-02,2.51,2.83,2.51,2.75,2.75,3500.0,3500.0,0.24,9.562,2.69667,"July 02, 19",0.09562,
2019-07-01,2.732,2.75,2.299,2.629,2.629,8200.0,8200.0,-0.103,-3.77,2.55933,"July 01, 19",-0.0377,
2019-06-28,2.8,2.8,2.66,2.799,2.799,2300.0,2300.0,-0.001,-0.036,2.753,"June 28, 19",-0.00036,
2019-06-27,2.563,2.87,2.563,2.8,2.8,3000.0,3000.0,0.237,9.247,2.74433,"June 27, 19",0.09247,
2019-06-26,2.83,2.88,2.623,2.88,2.88,12200.0,12200.0,0.05,1.767,2.79433,"June 26, 19",0.01767,
2019-06-25,2.684,2.83,2.684,2.82,2.82,15800.0,15800.0,0.136,5.067,2.778,"June 25, 19",0.05067,
2019-06-24,2.58,2.85,2.58,2.83,2.83,21600.0,21600.0,0.25,9.69,2.75333,"June 24, 19",0.0969,
2019-06-21,2.75,2.81,2.57,2.7,2.7,21400.0,21400.0,-0.05,-1.818,2.69333,"June 21, 19",-0.01818,
2019-06-20,2.91,2.91,2.78,2.794,2.794,1600.0,1600.0,-0.116,-3.986,2.828,"June 20, 19",-0.03986,
2019-06-19,2.826,2.93,2.75,2.93,2.93,2600.0,2600.0,0.104,3.68,2.87,"June 19, 19",0.0368,
2019-06-18,3.193,3.25,2.76,2.99,2.99,5500.0,5500.0,-0.203,-6.358,3.0,"June 18, 19",-0.06358,
2019-06-17,3.06,3.26,2.615,3.09,3.09,10900.0,10900.0,0.03,0.98,2.98833,"June 17, 19",0.0098,
2019-06-14,2.857,3.285,2.55,2.95,2.95,26400.0,26400.0,0.093,3.255,2.92833,"June 14, 19",0.03255,
2019-06-13,2.75,2.813,2.75,2.813,2.813,900.0,900.0,0.063,2.291,2.792,"June 13, 19",0.02291,
2019-06-12,2.8,2.85,2.53,2.65,2.65,10800.0,10800.0,-0.15,-5.357,2.67667,"June 12, 19",-0.05357,
2019-06-11,2.8,2.85,2.632,2.85,2.85,700.0,700.0,0.05,1.786,2.77733,"June 11, 19",0.01786,
2019-06-10,2.92,2.98,2.64,2.85,2.85,6200.0,6200.0,-0.07,-2.397,2.82333,"June 10, 19",-0.02397,
2019-06-07,2.911,2.911,2.64,2.85,2.85,6600.0,6600.0,-0.061,-2.095,2.80033,"June 07, 19",-0.02095,
2019-06-06,2.85,2.857,2.848,2.849,2.849,4400.0,4400.0,-0.001,-0.035,2.85133,"June 06, 19",-0.00035,
2019-06-05,2.911,2.938,2.859,2.938,2.938,1100.0,1100.0,0.027,0.928,2.91167,"June 05, 19",0.00928,
2019-06-04,2.86,2.97,2.855,2.97,2.97,1700.0,1700.0,0.11,3.846,2.93167,"June 04, 19",0.03846,
2019-06-03,2.87,2.94,2.85,2.85,2.85,2400.0,2400.0,-0.02,-0.697,2.88,"June 03, 19",-0.00697,
2019-05-31,2.87,2.92,2.72,2.92,2.92,3600.0,3600.0,0.05,1.742,2.85333,"May 31, 19",0.01742,
2019-05-30,2.85,2.94,2.85,2.94,2.94,2700.0,2700.0,0.09,3.158,2.91,"May 30, 19",0.03158,
2019-05-29,2.92,2.95,2.74,2.89,2.89,2300.0,2300.0,-0.03,-1.027,2.86,"May 29, 19",-0.01027,
2019-05-24,2.785,2.785,2.785,2.785,2.785,100.0,100.0,0.0,0.0,2.785,"May 24, 19",0.0,
2019-05-23,2.907,2.915,2.7,2.785,2.785,15500.0,15500.0,-0.122,-4.197,2.8,"May 23, 19",-0.04197,
2019-05-22,2.918,2.971,2.79,2.93,2.93,41700.0,41700.0,0.012,0.411,2.897,"May 22, 19",0.00411,
2019-05-21,2.92,2.98,2.85,2.98,2.98,6900.0,6900.0,0.06,2.055,2.93667,"May 21, 19",0.02055,
2019-05-17,2.98,3.15,2.815,2.89,2.89,18500.0,18500.0,-0.09,-3.02,2.95167,"May 17, 19",-0.0302,
2019-05-16,3.33,3.33,2.65,2.85,2.85,4800.0,4800.0,-0.48,-14.414,2.94333,"May 16, 19",-0.14414,
2019-05-15,2.87,2.92,2.87,2.91,2.91,33100.0,33100.0,0.04,1.394,2.9,"May 15, 19",0.01394,
2019-05-14,2.94,2.998,2.52,2.8,2.8,6600.0,6600.0,-0.14,-4.762,2.77267,"May 14, 19",-0.04762,
2019-05-13,2.803,3.08,2.8,2.86,2.86,10000.0,10000.0,0.057,2.034,2.91333,"May 13, 19",0.02034,
2019-05-10,2.87,2.9,2.87,2.9,2.9,1500.0,1500.0,0.03,1.045,2.89,"May 10, 19",0.01045,
2019-05-09,2.91,3.0,2.85,2.88,2.88,102300.0,102300.0,-0.03,-1.031,2.91,"May 09, 19",-0.01031,
2019-05-08,2.85,3.08,2.84,2.864,2.864,82300.0,82300.0,0.014,0.491,2.928,"May 08, 19",0.00491,
2019-05-07,2.714,2.85,2.701,2.8,2.8,47300.0,47300.0,0.086,3.169,2.78367,"May 07, 19",0.03169,
2019-05-06,3.01,3.01,2.8,2.81,2.81,33800.0,33800.0,-0.2,-6.645,2.87333,"May 06, 19",-0.06645,
2019-05-03,2.93,2.95,2.745,2.77,2.77,39800.0,39800.0,-0.16,-5.461,2.82167,"May 03, 19",-0.05461,
2019-05-02,2.858,2.858,2.858,2.858,2.858,500.0,500.0,0.0,0.0,2.858,"May 02, 19",0.0,
2019-05-01,2.66,2.75,2.66,2.68,2.68,22800.0,22800.0,0.02,0.752,2.69667,"May 01, 19",0.00752,
2019-04-30,2.775,2.93,2.77,2.77,2.77,29400.0,29400.0,-0.005,-0.18,2.82333,"April 30, 19",-0.0018,
2019-04-29,2.78,2.96,2.78,2.95,2.95,30000.0,30000.0,0.17,6.115,2.89667,"April 29, 19",0.06115,
2019-04-26,2.67,2.813,2.67,2.813,2.813,500.0,500.0,0.143,5.356,2.76533,"April 26, 19",0.05356,
2019-04-25,2.91,2.93,2.67,2.67,2.67,1100.0,1100.0,-0.24,-8.247,2.75667,"April 25, 19",-0.08247,
2019-04-24,2.9,2.9,2.85,2.875,2.875,1600.0,1600.0,-0.025,-0.862,2.875,"April 24, 19",-0.00862,
2019-04-23,2.952,2.952,2.9,2.9,2.9,700.0,700.0,-0.052,-1.762,2.91733,"April 23, 19",-0.01762,
2019-04-22,2.93,2.93,2.8,2.874,2.874,101300.0,101300.0,-0.056,-1.911,2.868,"April 22, 19",-0.01911,
2019-04-18,3.0,3.0,2.9,2.984,2.984,900.0,900.0,-0.016,-0.533,2.96133,"April 18, 19",-0.00533,
2019-04-17,2.8,2.8,2.663,2.8,2.8,2200.0,2200.0,0.0,0.0,2.75433,"April 17, 19",0.0,
2019-04-16,3.028,3.086,2.8,2.8,2.8,2100.0,2100.0,-0.228,-7.53,2.89533,"April 16, 19",-0.0753,
2019-04-15,3.08,3.08,2.83,2.83,2.83,300.0,300.0,-0.25,-8.117,2.91333,"April 15, 19",-0.08117,
2019-04-12,2.95,3.096,2.8,3.096,3.096,4400.0,4400.0,0.146,4.949,2.99733,"April 12, 19",0.04949,
2019-04-10,3.099,3.099,3.099,3.099,3.099,1000.0,1000.0,0.0,0.0,3.099,"April 10, 19",0.0,
2019-04-09,2.98,3.216,2.874,3.087,3.087,3400.0,3400.0,0.107,3.591,3.059,"April 09, 19",0.03591,
2019-04-08,3.136,3.136,2.82,2.981,2.981,4500.0,4500.0,-0.155,-4.943,2.979,"April 08, 19",-0.04943,
2019-04-05,3.248,3.248,3.248,3.248,3.248,200.0,200.0,0.0,0.0,3.248,"April 05, 19",0.0,
2019-04-04,3.1,3.1,3.1,3.1,3.1,1600.0,1600.0,0.0,0.0,3.1,"April 04, 19",0.0,
2019-04-03,3.19,3.19,2.9,3.1,3.1,3100.0,3100.0,-0.09,-2.821,3.06333,"April 03, 19",-0.02821,
2019-04-02,3.21,3.299,3.03,3.03,3.03,300.0,300.0,-0.18,-5.607,3.11967,"April 02, 19",-0.05607,
2019-04-01,3.23,3.27,3.138,3.14,3.14,6000.0,6000.0,-0.09,-2.786,3.18267,"April 01, 19",-0.02786,
2019-03-29,3.151,3.39,3.151,3.299,3.299,4700.0,4700.0,0.148,4.697,3.28,"March 29, 19",0.04697,
2019-03-28,3.01,3.31,2.82,3.199,3.199,5900.0,5900.0,0.189,6.279,3.10967,"March 28, 19",0.06279,
2019-03-27,3.0,3.283,3.0,3.24,3.24,1500.0,1500.0,0.24,8.0,3.17433,"March 27, 19",0.08,
2019-03-26,3.29,3.29,3.267,3.267,3.267,200.0,200.0,-0.023,-0.699,3.27467,"March 26, 19",-0.00699,
2019-03-25,3.187,3.37,3.0,3.13,3.13,4600.0,4600.0,-0.057,-1.789,3.16667,"March 25, 19",-0.01789,
2019-03-22,3.07,3.455,2.98,3.125,3.125,12800.0,12800.0,0.055,1.792,3.18667,"March 22, 19",0.01792,
2019-03-21,3.05,3.116,2.72,2.966,2.966,10700.0,10700.0,-0.084,-2.754,2.934,"March 21, 19",-0.02754,
2019-03-20,3.588,3.588,3.1,3.18,3.18,28900.0,28900.0,-0.408,-11.371,3.28933,"March 20, 19",-0.11371,
2019-03-19,4.003,4.009,3.6,3.78,3.78,6400.0,6400.0,-0.223,-5.571,3.79633,"March 19, 19",-0.05571,
2019-03-18,3.7,4.0,3.41,3.41,3.41,17500.0,17500.0,-0.29,-7.838,3.60667,"March 18, 19",-0.07838,
2019-03-15,3.9,4.01,3.9,3.98,3.98,5100.0,5100.0,0.08,2.051,3.96333,"March 15, 19",0.02051,
2019-03-14,4.019,4.11,3.8,4.009,4.009,9000.0,9000.0,-0.01,-0.249,3.973,"March 14, 19",-0.00249,
2019-03-13,3.92,4.0,3.89,4.0,4.0,3100.0,3100.0,0.08,2.041,3.96333,"March 13, 19",0.02041,
2019-03-12,4.02,4.02,3.85,3.85,3.85,1100.0,1100.0,-0.17,-4.229,3.90667,"March 12, 19",-0.04229,
2019-03-11,4.01,4.02,3.99,3.99,3.99,900.0,900.0,-0.02,-0.499,4.0,"March 11, 19",-0.00499,
2019-03-08,3.99,4.02,3.99,4.02,4.02,300.0,300.0,0.03,0.752,4.01,"March 08, 19",0.00752,
2019-03-07,4.08,4.08,3.75,4.02,4.02,1500.0,1500.0,-0.06,-1.471,3.95,"March 07, 19",-0.01471,
2019-03-06,4.1,4.1,3.93,4.049,4.049,4300.0,4300.0,-0.051,-1.244,4.02633,"March 06, 19",-0.01244,
2019-03-05,3.97,4.09,3.93,4.09,4.09,29200.0,29200.0,0.12,3.023,4.03667,"March 05, 19",0.03023,
2019-03-04,3.83,4.0,3.7,3.98,3.98,2800.0,2800.0,0.15,3.916,3.89333,"March 04, 19",0.03916,
2019-03-01,4.291,4.35,3.95,4.04,4.04,18500.0,18500.0,-0.251,-5.849,4.11333,"March 01, 19",-0.05849,
2019-02-28,4.13,4.16,3.9,4.1,4.1,1100.0,1100.0,-0.03,-0.726,4.05333,"February 28, 19",-0.00726,
2019-02-27,4.14,4.479,3.81,4.1,4.1,6100.0,6100.0,-0.04,-0.966,4.12967,"February 27, 19",-0.00966,
2019-02-26,4.0,4.839,4.0,4.15,4.15,35600.0,35600.0,0.15,3.75,4.32967,"February 26, 19",0.0375,
2019-02-25,3.77,4.08,3.77,3.98,3.98,16500.0,16500.0,0.21,5.57,3.94333,"February 25, 19",0.0557,
2019-02-22,3.43,3.77,3.43,3.621,3.621,3300.0,3300.0,0.191,5.569,3.607,"February 22, 19",0.05569,
2019-02-21,3.68,4.04,3.555,3.605,3.605,1500.0,1500.0,-0.075,-2.038,3.73333,"February 21, 19",-0.02038,
2019-02-20,4.33,4.33,3.698,3.7,3.7,3400.0,3400.0,-0.63,-14.55,3.90933,"February 20, 19",-0.1455,
2019-02-19,4.501,4.545,3.695,3.71,3.71,20200.0,20200.0,-0.791,-17.574,3.98333,"February 19, 19",-0.17574,
2019-02-15,3.55,4.54,3.51,4.5,4.5,63400.0,63400.0,0.95,26.761,4.18333,"February 15, 19",0.26761,
2019-02-14,4.89,4.89,3.1,3.44,3.44,101500.0,101500.0,-1.45,-29.652,3.81,"February 14, 19",-0.29652,
2019-02-13,4.89,4.89,4.89,4.89,4.89,200.0,200.0,0.0,0.0,4.89,"February 13, 19",0.0,
2019-02-12,4.84,4.88,4.37,4.71,4.71,7200.0,7200.0,-0.13,-2.686,4.65333,"February 12, 19",-0.02686,
2019-02-11,5.25,5.25,4.33,4.64,4.64,9200.0,9200.0,-0.61,-11.619,4.74,"February 11, 19",-0.11619,
2019-02-08,5.22,5.22,5.033,5.22,5.22,300.0,300.0,0.0,0.0,5.15767,"February 08, 19",0.0,
2019-02-07,5.1,5.26,4.914,5.22,5.22,11100.0,11100.0,0.12,2.353,5.13133,"February 07, 19",0.02353,
2019-02-06,5.25,5.25,5.15,5.22,5.22,600.0,600.0,-0.03,-0.571,5.20667,"February 06, 19",-0.00571,
2019-02-05,5.247,5.247,5.247,5.247,5.247,200.0,200.0,0.0,0.0,5.247,"February 05, 19",0.0,
2019-02-04,5.095,5.29,4.754,5.23,5.23,10700.0,10700.0,0.135,2.65,5.09133,"February 04, 19",0.0265,
2019-02-01,5.12,5.12,4.44,5.0,5.0,5600.0,5600.0,-0.12,-2.344,4.85333,"February 01, 19",-0.02344,
2019-01-31,5.485,5.485,4.763,5.1,5.1,5100.0,5100.0,-0.385,-7.019,5.116,"January 31, 19",-0.07019,
2019-01-30,5.55,5.55,4.7,4.829,4.829,17700.0,17700.0,-0.721,-12.991,5.02633,"January 30, 19",-0.12991,
2019-01-29,5.19,5.54,5.0,5.1,5.1,9000.0,9000.0,-0.09,-1.734,5.21333,"January 29, 19",-0.01734,
2019-01-28,5.18,5.27,5.01,5.24,5.24,5600.0,5600.0,0.06,1.158,5.17333,"January 28, 19",0.01158,
2019-01-25,5.25,5.52,4.5,5.18,5.18,21700.0,21700.0,-0.07,-1.333,5.06667,"January 25, 19",-0.01333,
2019-01-24,5.54,5.54,5.001,5.354,5.354,11000.0,11000.0,-0.186,-3.357,5.29833,"January 24, 19",-0.03357,
2019-01-23,5.59,5.6,4.779,5.54,5.54,7400.0,7400.0,-0.05,-0.894,5.30633,"January 23, 19",-0.00894,
2019-01-22,5.7,5.7,5.51,5.51,5.51,11100.0,11100.0,-0.19,-3.333,5.57333,"January 22, 19",-0.03333,
2019-01-18,5.84,5.84,5.601,5.7,5.7,2200.0,2200.0,-0.14,-2.397,5.71367,"January 18, 19",-0.02397,
2019-01-17,5.75,6.0,5.7,5.877,5.877,13400.0,13400.0,0.127,2.209,5.859,"January 17, 19",0.02209,
2019-01-16,5.83,5.83,5.51,5.75,5.75,3000.0,3000.0,-0.08,-1.372,5.69667,"January 16, 19",-0.01372,
2019-01-15,5.64,5.64,5.478,5.551,5.551,7500.0,7500.0,-0.089,-1.578,5.55633,"January 15, 19",-0.01578,
2019-01-14,5.838,5.838,5.53,5.701,5.701,6200.0,6200.0,-0.137,-2.347,5.68967,"January 14, 19",-0.02347,
2019-01-11,5.71,5.84,5.49,5.772,5.772,29600.0,29600.0,0.062,1.086,5.70067,"January 11, 19",0.01086,
2019-01-10,5.94,5.95,5.7,5.72,5.72,11700.0,11700.0,-0.22,-3.704,5.79,"January 10, 19",-0.03704,
2019-01-09,5.86,6.0,5.8,5.95,5.95,5100.0,5100.0,0.09,1.536,5.91667,"January 09, 19",0.01536,
2019-01-08,5.95,5.99,5.896,5.99,5.99,3400.0,3400.0,0.04,0.672,5.95867,"January 08, 19",0.00672,
2019-01-07,5.94,6.0,5.45,6.0,6.0,6300.0,6300.0,0.06,1.01,5.81667,"January 07, 19",0.0101,
2019-01-04,6.0,6.15,5.74,5.75,5.75,14200.0,14200.0,-0.25,-4.167,5.88,"January 04, 19",-0.04167,
2019-01-03,6.0,6.0,5.85,5.99,5.99,13400.0,13400.0,-0.01,-0.167,5.94667,"January 03, 19",-0.00167,
2019-01-02,6.05,6.3,5.867,6.0,6.0,1200.0,1200.0,-0.05,-0.826,6.05567,"January 02, 19",-0.00826,
a,,,,,,,,,,,,,b
