date,open,high,low,close,adjClose,volume,unadjustedVolume,change,changePercent,vwap,label,changeOverTime,B
2020-09-16,0.245,0.2739,0.245,0.2624,0.2624,2080247.0,2080247.0,0.0174,7.102,0.26043,"September 16, 20",0.07102,
2020-09-15,0.26,0.26,0.25,0.26,0.26,2639300.0,2639300.0,0.0,0.0,0.25667,"September 15, 20",0.0,
2020-09-14,0.25,0.25,0.24,0.25,0.25,2809400.0,2809400.0,0.0,0.0,0.24667,"September 14, 20",0.0,
2020-09-11,0.27,0.27,0.24,0.25,0.25,4203600.0,4203600.0,-0.02,-7.407,0.25333,"September 11, 20",-0.07407,
2020-09-10,0.25,0.265,0.2364,0.2505,0.2505,8330541.0,8330541.0,0.0005,0.2,0.25063,"September 10, 20",0.002,
2020-09-09,0.27,0.27,0.23,0.25,0.25,4950800.0,4950800.0,-0.02,-7.407,0.25,"September 09, 20",-0.07407,
2020-09-08,0.27,0.28,0.26,0.26,0.26,3598700.0,3598700.0,-0.01,-3.704,0.26667,"September 08, 20",-0.03704,
2020-09-04,0.27,0.29,0.26,0.28,0.28,6626300.0,6626300.0,0.01,3.704,0.27667,"September 04, 20",0.03704,
2020-09-03,0.29,0.3,0.26,0.28,0.28,5507500.0,5507500.0,-0.01,-3.448,0.28,"September 03, 20",-0.03448,
2020-09-02,0.32,0.33,0.29,0.3,0.3,5372000.0,5372000.0,-0.02,-6.25,0.30667,"September 02, 20",-0.0625,
2020-09-01,0.33,0.33,0.31,0.31,0.31,4387800.0,4387800.0,-0.02,-6.061,0.31667,"September 01, 20",-0.06061,
2020-08-31,0.34,0.35,0.32,0.34,0.34,3880200.0,3880200.0,0.0,0.0,0.33667,"August 31, 20",0.0,
2020-08-28,0.33,0.35,0.31,0.34,0.34,5746400.0,5746400.0,0.01,3.03,0.33333,"August 28, 20",0.0303,
2020-08-27,0.35,0.35,0.33,0.33,0.33,5345500.0,5345500.0,-0.02,-5.714,0.33667,"August 27, 20",-0.05714,
2020-08-26,0.35,0.37,0.33,0.34,0.34,6519000.0,6519000.0,-0.01,-2.857,0.34667,"August 26, 20",-0.02857,
2020-08-25,0.35,0.39,0.33,0.36,0.36,14903000.0,14903000.0,0.01,2.857,0.36,"August 25, 20",0.02857,
2020-08-24,0.36,0.36,0.33,0.34,0.34,10927800.0,10927800.0,-0.02,-5.556,0.34333,"August 24, 20",-0.05556,
2020-08-21,0.32,0.35,0.3,0.35,0.35,10160000.0,10160000.0,0.03,9.375,0.33333,"August 21, 20",0.09375,
2020-08-20,0.33,0.34,0.31,0.32,0.32,7012400.0,7012400.0,-0.01,-3.03,0.32333,"August 20, 20",-0.0303,
2020-08-19,0.3,0.37,0.3,0.35,0.35,22077300.0,22077300.0,0.05,16.667,0.34,"August 19, 20",0.16667,
2020-08-18,0.3,0.32,0.29,0.3,0.3,5660600.0,5660600.0,0.0,0.0,0.30333,"August 18, 20",0.0,
2020-08-17,0.32,0.32,0.3,0.31,0.31,3738700.0,3738700.0,-0.01,-3.125,0.31,"August 17, 20",-0.03125,
2020-08-14,0.31,0.32,0.31,0.31,0.31,3930600.0,3930600.0,0.0,0.0,0.31333,"August 14, 20",0.0,
2020-08-13,0.33,0.33,0.31,0.32,0.32,4092600.0,4092600.0,-0.01,-3.03,0.32,"August 13, 20",-0.0303,
2020-08-12,0.32,0.33,0.31,0.32,0.32,9512700.0,9512700.0,0.0,0.0,0.32,"August 12, 20",0.0,
2020-08-11,0.39,0.41,0.34,0.35,0.35,26979900.0,26979900.0,-0.04,-10.256,0.36667,"August 11, 20",-0.10256,
2020-08-10,0.33,0.37,0.32,0.37,0.37,13189900.0,13189900.0,0.04,12.121,0.35333,"August 10, 20",0.12121,
2020-08-07,0.34,0.36,0.31,0.33,0.33,16245500.0,16245500.0,-0.01,-2.941,0.33333,"August 07, 20",-0.02941,
2020-08-06,0.3,0.34,0.3,0.33,0.33,24183100.0,24183100.0,0.03,10.0,0.32333,"August 06, 20",0.1,
2020-08-05,0.3,0.3,0.28,0.29,0.29,6573400.0,6573400.0,-0.01,-3.333,0.29,"August 05, 20",-0.03333,
2020-08-04,0.3,0.3,0.29,0.3,0.3,6508300.0,6508300.0,0.0,0.0,0.29667,"August 04, 20",0.0,
2020-08-03,0.3,0.3,0.28,0.29,0.29,13414200.0,13414200.0,-0.01,-3.333,0.29,"August 03, 20",-0.03333,
2020-07-31,0.3,0.3,0.28,0.29,0.29,8312300.0,8312300.0,-0.01,-3.333,0.29,"July 31, 20",-0.03333,
2020-07-30,0.34,0.37,0.28,0.29,0.29,23485400.0,23485400.0,-0.05,-14.706,0.31333,"July 30, 20",-0.14706,
2020-07-29,0.37,0.37,0.33,0.34,0.34,3175900.0,3175900.0,-0.03,-8.108,0.34667,"July 29, 20",-0.08108,
2020-07-28,0.4,0.4,0.36,0.36,0.36,2451400.0,2451400.0,-0.04,-10.0,0.37333,"July 28, 20",-0.1,
2020-07-27,0.3963,0.4015,0.38,0.38,0.38,3432568.0,3432568.0,-0.0163,-4.113,0.38717,"July 27, 20",-0.04113,
2020-07-24,0.4,0.41,0.38,0.39,0.39,1043000.0,1043000.0,-0.01,-2.5,0.39333,"July 24, 20",-0.025,
2020-07-23,0.42,0.42,0.379,0.3896,0.3896,2248528.0,2248528.0,-0.0304,-7.238,0.3962,"July 23, 20",-0.07238,
2020-07-22,0.41,0.43,0.4,0.41,0.41,1268200.0,1268200.0,0.0,0.0,0.41333,"July 22, 20",0.0,
2020-07-21,0.39,0.44,0.39,0.42,0.42,3227900.0,3227900.0,0.03,7.692,0.41667,"July 21, 20",0.07692,
2020-07-20,0.39,0.4,0.36,0.39,0.39,3638800.0,3638800.0,0.0,0.0,0.38333,"July 20, 20",0.0,
2020-07-17,0.4,0.4,0.39,0.4,0.4,3124700.0,3124700.0,0.0,0.0,0.39667,"July 17, 20",0.0,
2020-07-16,0.44,0.47,0.43,0.44,0.44,2975400.0,2975400.0,0.0,0.0,0.44667,"July 16, 20",0.0,
2020-07-15,0.42,0.44,0.42,0.44,0.44,686800.0,686800.0,0.02,4.762,0.43333,"July 15, 20",0.04762,
2020-07-14,0.44,0.44,0.4,0.43,0.43,1157900.0,1157900.0,-0.01,-2.273,0.42333,"July 14, 20",-0.02273,
2020-07-13,0.44,0.45,0.43,0.44,0.44,702600.0,702600.0,0.0,0.0,0.44,"July 13, 20",0.0,
2020-07-10,0.46,0.48,0.44,0.45,0.45,2080500.0,2080500.0,-0.01,-2.174,0.45667,"July 10, 20",-0.02174,
2020-07-09,0.44,0.47,0.43,0.46,0.46,1999300.0,1999300.0,0.02,4.545,0.45333,"July 09, 20",0.04545,
2020-07-08,0.43,0.45,0.43,0.45,0.45,828400.0,828400.0,0.02,4.651,0.44333,"July 08, 20",0.04651,
2020-07-07,0.45,0.46,0.42,0.45,0.45,2285900.0,2285900.0,0.0,0.0,0.44333,"July 07, 20",0.0,
2020-07-06,0.47,0.48,0.41,0.47,0.47,2255000.0,2255000.0,0.0,0.0,0.45333,"July 06, 20",0.0,
2020-07-02,0.47,0.48,0.47,0.47,0.47,1176000.0,1176000.0,0.0,0.0,0.47333,"July 02, 20",0.0,
2020-07-01,0.49,0.49,0.47,0.47,0.47,1671100.0,1671100.0,-0.02,-4.082,0.47667,"July 01, 20",-0.04082,
2020-06-30,0.49,0.51,0.48,0.49,0.49,1681700.0,1681700.0,0.0,0.0,0.49333,"June 30, 20",0.0,
2020-06-29,0.48,0.54,0.47,0.52,0.52,3652700.0,3652700.0,0.04,8.333,0.51,"June 29, 20",0.08333,
2020-06-26,0.5,0.51,0.47,0.48,0.48,3280500.0,3280500.0,-0.02,-4.0,0.48667,"June 26, 20",-0.04,
2020-06-25,0.52,0.53,0.5,0.52,0.52,2002400.0,2002400.0,0.0,0.0,0.51667,"June 25, 20",0.0,
2020-06-24,0.55,0.56,0.52,0.55,0.55,2557200.0,2557200.0,0.0,0.0,0.54333,"June 24, 20",0.0,
2020-06-23,0.56,0.58,0.55,0.57,0.57,1854100.0,1854100.0,0.01,1.786,0.56667,"June 23, 20",0.01786,
2020-06-22,0.59,0.61,0.51,0.58,0.58,4058000.0,4058000.0,-0.01,-1.695,0.56667,"June 22, 20",-0.01695,
2020-06-19,0.6,0.62,0.57,0.57,0.57,2777900.0,2777900.0,-0.03,-5.0,0.58667,"June 19, 20",-0.05,
2020-06-18,0.63,0.67,0.6,0.62,0.62,6147000.0,6147000.0,-0.01,-1.587,0.63,"June 18, 20",-0.01587,
2020-06-17,0.6,0.65,0.57,0.63,0.63,9938000.0,9938000.0,0.03,5.0,0.61667,"June 17, 20",0.05,
2020-06-16,0.62,0.64,0.59,0.61,0.61,3008700.0,3008700.0,-0.01,-1.613,0.61333,"June 16, 20",-0.01613,
2020-06-15,0.59,0.61,0.58,0.61,0.61,2825000.0,2825000.0,0.02,3.39,0.6,"June 15, 20",0.0339,
2020-06-12,0.61,0.67,0.57,0.61,0.61,7449300.0,7449300.0,0.0,0.0,0.61667,"June 12, 20",0.0,
2020-06-11,0.57,0.64,0.56,0.61,0.61,8191400.0,8191400.0,0.04,7.018,0.60333,"June 11, 20",0.07018,
2020-06-10,0.64,0.65,0.58,0.62,0.62,4406300.0,4406300.0,-0.02,-3.125,0.61667,"June 10, 20",-0.03125,
2020-06-09,0.64,0.64,0.56,0.61,0.61,5408800.0,5408800.0,-0.03,-4.688,0.60333,"June 09, 20",-0.04688,
2020-06-08,0.52,0.68,0.52,0.6,0.6,15360600.0,15360600.0,0.08,15.385,0.6,"June 08, 20",0.15385,
2020-06-05,0.54,0.55,0.51,0.53,0.53,4255100.0,4255100.0,-0.01,-1.852,0.53,"June 05, 20",-0.01852,
2020-06-04,0.52,0.6,0.52,0.55,0.55,9786400.0,9786400.0,0.03,5.769,0.55667,"June 04, 20",0.05769,
2020-06-03,0.5,0.53,0.47,0.51,0.51,7841700.0,7841700.0,0.01,2.0,0.50333,"June 03, 20",0.02,
2020-06-02,0.5,0.51,0.49,0.5,0.5,2440500.0,2440500.0,0.0,0.0,0.5,"June 02, 20",0.0,
2020-06-01,0.52,0.54,0.49,0.51,0.51,3946000.0,3946000.0,-0.01,-1.923,0.51333,"June 01, 20",-0.01923,
2020-05-29,0.49,0.52,0.46,0.52,0.52,7243800.0,7243800.0,0.03,6.122,0.5,"May 29, 20",0.06122,
2020-05-28,0.51,0.52,0.48,0.49,0.49,3766600.0,3766600.0,-0.02,-3.922,0.49667,"May 28, 20",-0.03922,
2020-05-27,0.52,0.53,0.46,0.5,0.5,5465300.0,5465300.0,-0.02,-3.846,0.49667,"May 27, 20",-0.03846,
2020-05-26,0.55,0.59,0.5,0.53,0.53,12535000.0,12535000.0,-0.02,-3.636,0.54,"May 26, 20",-0.03636,
2020-05-22,0.46,0.49,0.45,0.49,0.49,6747700.0,6747700.0,0.03,6.522,0.47667,"May 22, 20",0.06522,
2020-05-21,0.5,0.51,0.43,0.48,0.48,9241100.0,9241100.0,-0.02,-4.0,0.47333,"May 21, 20",-0.04,
2020-05-20,0.36,0.52,0.35,0.5,0.5,49868700.0,49868700.0,0.14,38.889,0.45667,"May 20, 20",0.38889,
2020-05-19,0.71,0.74,0.65,0.66,0.66,1217300.0,1217300.0,-0.05,-7.042,0.68333,"May 19, 20",-0.07042,
2020-05-18,0.78,0.83,0.75,0.75,0.75,128900.0,128900.0,-0.03,-3.846,0.77667,"May 18, 20",-0.03846,
2020-05-15,0.85,0.94,0.76,0.78,0.78,168400.0,168400.0,-0.07,-8.235,0.82667,"May 15, 20",-0.08235,
2020-05-14,0.81,0.89,0.65,0.85,0.85,374900.0,374900.0,0.04,4.938,0.79667,"May 14, 20",0.04938,
2020-05-13,1.02,1.04,0.89,0.96,0.96,176500.0,176500.0,-0.06,-5.882,0.96333,"May 13, 20",-0.05882,
2020-05-12,1.04,1.08,1.03,1.05,1.05,131900.0,131900.0,0.01,0.962,1.05333,"May 12, 20",0.00962,
2020-05-11,1.19,1.19,1.03,1.03,1.03,498100.0,498100.0,-0.16,-13.445,1.08333,"May 11, 20",-0.13445,
2020-05-08,1.0,1.23,0.98,1.15,1.15,1681000.0,1681000.0,0.15,15.0,1.12,"May 08, 20",0.15,
2020-05-07,0.98,0.98,0.86,0.97,0.97,45000.0,45000.0,-0.01,-1.02,0.93667,"May 07, 20",-0.0102,
2020-05-06,0.93,1.0,0.85,0.93,0.93,107900.0,107900.0,0.0,0.0,0.92667,"May 06, 20",0.0,
2020-05-05,0.99,0.99,0.92,0.95,0.95,48500.0,48500.0,-0.04,-4.04,0.95333,"May 05, 20",-0.0404,
2020-05-04,0.96,0.99,0.85,0.96,0.96,145700.0,145700.0,0.0,0.0,0.93333,"May 04, 20",0.0,
2020-05-01,1.05,1.05,0.93,0.99,0.99,161500.0,161500.0,-0.06,-5.714,0.99,"May 01, 20",-0.05714,
2020-04-30,1.08,1.08,1.0,1.0,1.0,99000.0,99000.0,-0.08,-7.407,1.02667,"April 30, 20",-0.07407,
2020-04-29,1.13,1.16,1.04,1.07,1.07,269900.0,269900.0,-0.06,-5.31,1.09,"April 29, 20",-0.0531,
2020-04-28,1.26,1.26,1.03,1.03,1.03,440800.0,440800.0,-0.23,-18.254,1.10667,"April 28, 20",-0.18254,
2020-04-27,1.06,1.19,0.99,1.16,1.16,619400.0,619400.0,0.1,9.434,1.11333,"April 27, 20",0.09434,
2020-04-24,1.01,1.05,0.99,1.0,1.0,69400.0,69400.0,-0.01,-0.99,1.01333,"April 24, 20",-0.0099,
2020-04-23,0.96,1.04,0.96,1.0,1.0,30000.0,30000.0,0.04,4.167,1.0,"April 23, 20",0.04167,
2020-04-22,1.03,1.07,0.96,0.99,0.99,65900.0,65900.0,-0.04,-3.883,1.00667,"April 22, 20",-0.03883,
2020-04-21,1.0,1.04,0.95,1.0,1.0,47800.0,47800.0,0.0,0.0,0.99667,"April 21, 20",0.0,
2020-04-20,1.05,1.06,0.97,1.05,1.05,130000.0,130000.0,0.0,0.0,1.02667,"April 20, 20",0.0,
2020-04-17,1.16,1.17,0.99,1.05,1.05,154600.0,154600.0,-0.11,-9.483,1.07,"April 17, 20",-0.09483,
2020-04-16,1.22,1.36,1.01,1.14,1.14,218900.0,218900.0,-0.08,-6.557,1.17,"April 16, 20",-0.06557,
2020-04-15,1.13,1.31,1.05,1.24,1.24,443400.0,443400.0,0.11,9.735,1.2,"April 15, 20",0.09735,
2020-04-14,1.15,1.17,1.04,1.11,1.11,53800.0,53800.0,-0.04,-3.478,1.10667,"April 14, 20",-0.03478,
2020-04-13,1.07,1.09,1.03,1.04,1.04,33200.0,33200.0,-0.03,-2.804,1.05333,"April 13, 20",-0.02804,
2020-04-09,1.18,1.24,1.05,1.12,1.12,9000.0,9000.0,-0.06,-5.085,1.13667,"April 09, 20",-0.05085,
2020-04-08,1.1,1.12,1.05,1.12,1.12,6200.0,6200.0,0.02,1.818,1.09667,"April 08, 20",0.01818,
2020-04-07,1.12,1.19,1.05,1.1,1.1,13600.0,13600.0,-0.02,-1.786,1.11333,"April 07, 20",-0.01786,
2020-04-06,1.25,1.25,1.08,1.08,1.08,16900.0,16900.0,-0.17,-13.6,1.13667,"April 06, 20",-0.136,
2020-04-03,1.33,1.33,1.05,1.26,1.26,59800.0,59800.0,-0.07,-5.263,1.21333,"April 03, 20",-0.05263,
2020-04-02,1.33,1.33,1.02,1.33,1.33,10900.0,10900.0,0.0,0.0,1.22667,"April 02, 20",0.0,
2020-04-01,1.09,1.31,0.9,1.31,1.31,20900.0,20900.0,0.22,20.183,1.17333,"April 01, 20",0.20183,
2020-03-31,1.05,1.16,1.05,1.09,1.09,6100.0,6100.0,0.04,3.81,1.1,"March 31, 20",0.0381,
2020-03-30,1.08,1.15,1.02,1.02,1.02,11100.0,11100.0,-0.06,-5.556,1.06333,"March 30, 20",-0.05556,
2020-03-27,1.1,1.2,1.01,1.1,1.1,14800.0,14800.0,0.0,0.0,1.10333,"March 27, 20",0.0,
2020-03-26,1.14,1.16,0.99,1.1,1.1,29100.0,29100.0,-0.04,-3.509,1.08333,"March 26, 20",-0.03509,
2020-03-25,1.2,1.2,0.97,1.1,1.1,37900.0,37900.0,-0.1,-8.333,1.09,"March 25, 20",-0.08333,
2020-03-24,1.1,1.15,0.98,1.1,1.1,38500.0,38500.0,0.0,0.0,1.07667,"March 24, 20",0.0,
2020-03-23,1.08,1.09,0.88,1.0,1.0,47300.0,47300.0,-0.08,-7.407,0.99,"March 23, 20",-0.07407,
2020-03-20,1.17,1.23,0.9,1.07,1.07,45500.0,45500.0,-0.1,-8.547,1.06667,"March 20, 20",-0.08547,
2020-03-19,1.24,1.24,1.03,1.15,1.15,28900.0,28900.0,-0.09,-7.258,1.14,"March 19, 20",-0.07258,
2020-03-18,1.12,1.21,0.99,1.17,1.17,17900.0,17900.0,0.05,4.464,1.12333,"March 18, 20",0.04464,
2020-03-17,1.13,1.41,1.07,1.07,1.07,28400.0,28400.0,-0.06,-5.31,1.18333,"March 17, 20",-0.0531,
2020-03-16,1.22,1.46,1.12,1.2,1.2,16100.0,16100.0,-0.02,-1.639,1.26,"March 16, 20",-0.01639,
2020-03-13,1.35,1.35,1.12,1.32,1.32,27200.0,27200.0,-0.03,-2.222,1.26333,"March 13, 20",-0.02222,
2020-03-12,1.17,1.3,1.12,1.25,1.25,37400.0,37400.0,0.08,6.838,1.22333,"March 12, 20",0.06838,
2020-03-11,1.32,1.33,1.18,1.26,1.26,66900.0,66900.0,-0.06,-4.545,1.25667,"March 11, 20",-0.04545,
2020-03-10,1.68,1.68,1.3,1.41,1.41,35300.0,35300.0,-0.27,-16.071,1.46333,"March 10, 20",-0.16071,
2020-03-09,1.5,1.5,1.27,1.5,1.5,8700.0,8700.0,0.0,0.0,1.42333,"March 09, 20",0.0,
2020-03-06,1.64,1.64,1.46,1.51,1.51,35100.0,35100.0,-0.13,-7.927,1.53667,"March 06, 20",-0.07927,
2020-03-05,1.45,1.59,1.45,1.58,1.58,11400.0,11400.0,0.13,8.966,1.54,"March 05, 20",0.08966,
2020-03-04,1.3,1.53,1.3,1.44,1.44,20600.0,20600.0,0.14,10.769,1.42333,"March 04, 20",0.10769,
2020-03-03,1.56,1.65,1.25,1.25,1.25,33600.0,33600.0,-0.31,-19.872,1.38333,"March 03, 20",-0.19872,
2020-03-02,1.5,1.57,1.46,1.5,1.5,9400.0,9400.0,0.0,0.0,1.51,"March 02, 20",0.0,
2020-02-28,1.37,1.52,1.37,1.45,1.45,17200.0,17200.0,0.08,5.839,1.44667,"February 28, 20",0.05839,
2020-02-27,1.49,1.5,1.36,1.36,1.36,10600.0,10600.0,-0.13,-8.725,1.40667,"February 27, 20",-0.08725,
2020-02-26,1.52,1.66,1.4,1.49,1.49,21200.0,21200.0,-0.03,-1.974,1.51667,"February 26, 20",-0.01974,
2020-02-25,1.56,1.67,1.5,1.5,1.5,52800.0,52800.0,-0.06,-3.846,1.55667,"February 25, 20",-0.03846,
2020-02-24,1.8,1.8,1.5,1.5,1.5,63800.0,63800.0,-0.3,-16.667,1.6,"February 24, 20",-0.16667,
2020-02-21,1.71,1.83,1.68,1.8,1.8,68400.0,68400.0,0.09,5.263,1.77,"February 21, 20",0.05263,
2020-02-20,1.85,1.94,1.7,1.7,1.7,77300.0,77300.0,-0.15,-8.108,1.78,"February 20, 20",-0.08108,
2020-02-19,2.0,2.02,1.73,1.79,1.79,110200.0,110200.0,-0.21,-10.5,1.84667,"February 19, 20",-0.105,
2020-02-18,2.08,2.14,1.95,1.95,1.95,63200.0,63200.0,-0.13,-6.25,2.01333,"February 18, 20",-0.0625,
2020-02-14,2.21,2.24,2.08,2.11,2.11,76600.0,76600.0,-0.1,-4.525,2.14333,"February 14, 20",-0.04525,
2020-02-13,2.12,2.15,2.07,2.13,2.13,25500.0,25500.0,0.01,0.472,2.11667,"February 13, 20",0.00472,
2020-02-12,2.4,2.4,1.96,2.15,2.15,82700.0,82700.0,-0.25,-10.417,2.17,"February 12, 20",-0.10417,
2020-02-11,2.35,2.36,2.32,2.36,2.36,19100.0,19100.0,0.01,0.426,2.34667,"February 11, 20",0.00426,
2020-02-10,2.4,2.4,2.27,2.31,2.31,5500.0,5500.0,-0.09,-3.75,2.32667,"February 10, 20",-0.0375,
2020-02-07,2.5,2.56,2.37,2.42,2.42,15600.0,15600.0,-0.08,-3.2,2.45,"February 07, 20",-0.032,
2020-02-06,2.47,2.51,2.27,2.49,2.49,44400.0,44400.0,0.02,0.81,2.42333,"February 06, 20",0.0081,
2020-02-05,2.19,2.4,2.15,2.38,2.38,21800.0,21800.0,0.19,8.676,2.31,"February 05, 20",0.08676,
2020-02-04,2.4,2.41,2.15,2.2,2.2,53600.0,53600.0,-0.2,-8.333,2.25333,"February 04, 20",-0.08333,
2020-02-03,2.52,2.52,2.35,2.46,2.46,40700.0,40700.0,-0.06,-2.381,2.44333,"February 03, 20",-0.02381,
2020-01-31,2.45,2.69,2.38,2.47,2.47,103100.0,103100.0,0.02,0.816,2.51333,"January 31, 20",0.00816,
2020-01-30,2.06,2.49,1.96,2.36,2.36,189100.0,189100.0,0.3,14.563,2.27,"January 30, 20",0.14563,
2020-01-29,1.8,2.15,1.8,1.99,1.99,41500.0,41500.0,0.19,10.556,1.98,"January 29, 20",0.10556,
2020-01-28,1.77,1.93,1.74,1.86,1.86,34800.0,34800.0,0.09,5.085,1.84333,"January 28, 20",0.05085,
2020-01-27,1.84,1.88,1.75,1.83,1.83,22900.0,22900.0,-0.01,-0.543,1.82,"January 27, 20",-0.00543,
2020-01-24,1.96,2.04,1.82,1.91,1.91,32100.0,32100.0,-0.05,-2.551,1.92333,"January 24, 20",-0.02551,
2020-01-23,1.92,2.0,1.85,1.93,1.93,53900.0,53900.0,0.01,0.521,1.92667,"January 23, 20",0.00521,
2020-01-22,2.15,2.15,1.82,1.85,1.85,109900.0,109900.0,-0.3,-13.953,1.94,"January 22, 20",-0.13953,
2020-01-21,2.2,2.3,1.84,2.1,2.1,386400.0,386400.0,-0.1,-4.545,2.08,"January 21, 20",-0.04545,
2020-01-17,2.06,2.06,1.5,1.75,1.75,98100.0,98100.0,-0.31,-15.049,1.77,"January 17, 20",-0.15049,
2020-01-16,2.11,2.2,1.97,2.03,2.03,142000.0,142000.0,-0.08,-3.791,2.06667,"January 16, 20",-0.03791,
2020-01-15,1.62,2.15,1.57,2.03,2.03,192500.0,192500.0,0.41,25.309,1.91667,"January 15, 20",0.25309,
2020-01-14,1.61,1.61,1.46,1.57,1.57,8700.0,8700.0,-0.04,-2.484,1.54667,"January 14, 20",-0.02484,
2020-01-13,1.59,1.63,1.41,1.55,1.55,69200.0,69200.0,-0.04,-2.516,1.53,"January 13, 20",-0.02516,
2020-01-10,1.4,1.54,1.4,1.53,1.53,37500.0,37500.0,0.13,9.286,1.49,"January 10, 20",0.09286,
2020-01-09,1.46,1.46,1.32,1.38,1.38,12900.0,12900.0,-0.08,-5.479,1.38667,"January 09, 20",-0.05479,
2020-01-08,1.34,1.48,1.32,1.41,1.41,72200.0,72200.0,0.07,5.224,1.40333,"January 08, 20",0.05224,
2020-01-07,1.17,1.49,1.15,1.33,1.33,143400.0,143400.0,0.16,13.675,1.32333,"January 07, 20",0.13675,
2020-01-06,1.14,1.33,1.14,1.18,1.18,27200.0,27200.0,0.04,3.509,1.21667,"January 06, 20",0.03509,
2020-01-03,1.09,1.18,1.09,1.14,1.14,12300.0,12300.0,0.05,4.587,1.13667,"January 03, 20",0.04587,
2020-01-02,1.1,1.14,1.0,1.12,1.12,42200.0,42200.0,0.02,1.818,1.08667,"January 02, 20",0.01818,
2019-12-31,1.26,1.28,1.03,1.13,1.13,96400.0,96400.0,-0.13,-10.317,1.14667,"December 31, 19",-0.10317,
2019-12-30,0.91,1.4,0.89,1.23,1.23,413700.0,413700.0,0.32,35.165,1.17333,"December 30, 19",0.35165,
2019-12-27,0.93,0.93,0.87,0.89,0.89,49700.0,49700.0,-0.04,-4.301,0.89667,"December 27, 19",-0.04301,
2019-12-26,0.93,0.93,0.88,0.92,0.92,24300.0,24300.0,-0.01,-1.075,0.91,"December 26, 19",-0.01075,
2019-12-24,0.84,0.94,0.84,0.93,0.93,14400.0,14400.0,0.09,10.714,0.90333,"December 24, 19",0.10714,
2019-12-23,0.9,0.9,0.84,0.87,0.87,26200.0,26200.0,-0.03,-3.333,0.87,"December 23, 19",-0.03333,
2019-12-20,0.93,0.95,0.84,0.9,0.9,53300.0,53300.0,-0.03,-3.226,0.89667,"December 20, 19",-0.03226,
2019-12-19,0.87,0.9,0.85,0.89,0.89,64300.0,64300.0,0.02,2.299,0.88,"December 19, 19",0.02299,
2019-12-18,0.78,0.88,0.73,0.87,0.87,118600.0,118600.0,0.09,11.538,0.82667,"December 18, 19",0.11538,
2019-12-17,0.75,0.77,0.72,0.77,0.77,90800.0,90800.0,0.02,2.667,0.75333,"December 17, 19",0.02667,
2019-12-16,0.77,0.8,0.7,0.78,0.78,261200.0,261200.0,0.01,1.299,0.76,"December 16, 19",0.01299,
2019-12-13,0.9,0.91,0.76,0.79,0.79,496000.0,496000.0,-0.11,-12.222,0.82,"December 13, 19",-0.12222,
2019-12-12,0.91,0.91,0.85,0.9,0.9,118600.0,118600.0,-0.01,-1.099,0.88667,"December 12, 19",-0.01099,
2019-12-11,0.98,1.0,0.85,0.89,0.89,218100.0,218100.0,-0.09,-9.184,0.91333,"December 11, 19",-0.09184,
2019-12-10,1.11,1.11,0.99,1.0,1.0,193100.0,193100.0,-0.11,-9.91,1.03333,"December 10, 19",-0.0991,
2019-12-09,1.23,1.26,1.0,1.07,1.07,83300.0,83300.0,-0.16,-13.008,1.11,"December 09, 19",-0.13008,
2019-12-06,1.26,1.32,1.18,1.21,1.21,14100.0,14100.0,-0.05,-3.968,1.23667,"December 06, 19",-0.03968,
2019-12-05,1.4,1.4,1.3,1.31,1.31,21800.0,21800.0,-0.09,-6.429,1.33667,"December 05, 19",-0.06429,
2019-12-04,1.23,1.42,1.15,1.37,1.37,49600.0,49600.0,0.14,11.382,1.31333,"December 04, 19",0.11382,
2019-12-03,1.31,1.41,1.19,1.22,1.22,23700.0,23700.0,-0.09,-6.87,1.27333,"December 03, 19",-0.0687,
2019-12-02,1.28,1.34,1.28,1.33,1.33,14500.0,14500.0,0.05,3.906,1.31667,"December 02, 19",0.03906,
2019-11-29,1.38,1.4,1.22,1.27,1.27,32900.0,32900.0,-0.11,-7.971,1.29667,"November 29, 19",-0.07971,
2019-11-27,1.4,1.5,1.4,1.43,1.43,34600.0,34600.0,0.03,2.143,1.44333,"November 27, 19",0.02143,
2019-11-26,1.4,1.49,1.38,1.45,1.45,15300.0,15300.0,0.05,3.571,1.44,"November 26, 19",0.03571,
2019-11-25,1.42,1.5,1.36,1.43,1.43,13000.0,13000.0,0.01,0.704,1.43,"November 25, 19",0.00704,
2019-11-22,1.43,1.46,1.37,1.41,1.41,21300.0,21300.0,-0.02,-1.399,1.41333,"November 22, 19",-0.01399,
2019-11-21,1.46,1.46,1.35,1.35,1.35,4200.0,4200.0,-0.11,-7.534,1.38667,"November 21, 19",-0.07534,
2019-11-20,1.48,1.57,1.45,1.46,1.46,9800.0,9800.0,-0.02,-1.351,1.49333,"November 20, 19",-0.01351,
2019-11-19,1.56,1.59,1.45,1.48,1.48,11400.0,11400.0,-0.08,-5.128,1.50667,"November 19, 19",-0.05128,
2019-11-18,1.5,1.55,1.33,1.55,1.55,22100.0,22100.0,0.05,3.333,1.47667,"November 18, 19",0.03333,
2019-11-15,1.57,1.63,1.53,1.53,1.53,23500.0,23500.0,-0.04,-2.548,1.56333,"November 15, 19",-0.02548,
2019-11-14,1.58,1.64,1.5,1.55,1.55,6500.0,6500.0,-0.03,-1.899,1.56333,"November 14, 19",-0.01899,
2019-11-13,1.53,1.6,1.52,1.52,1.52,14200.0,14200.0,-0.01,-0.654,1.54667,"November 13, 19",-0.00654,
2019-11-12,1.68,1.7,1.55,1.59,1.59,17900.0,17900.0,-0.09,-5.357,1.61333,"November 12, 19",-0.05357,
2019-11-11,1.58,1.61,1.52,1.55,1.55,10300.0,10300.0,-0.03,-1.899,1.56,"November 11, 19",-0.01899,
2019-11-08,1.74,1.75,1.65,1.65,1.65,19200.0,19200.0,-0.09,-5.172,1.68333,"November 08, 19",-0.05172,
2019-11-07,1.45,1.86,1.44,1.68,1.68,87900.0,87900.0,0.23,15.862,1.66,"November 07, 19",0.15862,
2019-11-06,1.51,1.53,1.46,1.46,1.46,4600.0,4600.0,-0.05,-3.311,1.48333,"November 06, 19",-0.03311,
2019-11-05,1.45,1.52,1.43,1.52,1.52,10000.0,10000.0,0.07,4.828,1.49,"November 05, 19",0.04828,
2019-11-04,1.41,1.46,1.41,1.46,1.46,34900.0,34900.0,0.05,3.546,1.44333,"November 04, 19",0.03546,
2019-11-01,1.49,1.52,1.3,1.4,1.4,115300.0,115300.0,-0.09,-6.04,1.40667,"November 01, 19",-0.0604,
2019-10-31,1.5,1.59,1.49,1.51,1.51,3100.0,3100.0,0.01,0.667,1.53,"October 31, 19",0.00667,
2019-10-30,1.4,1.57,1.28,1.51,1.51,86100.0,86100.0,0.11,7.857,1.45333,"October 30, 19",0.07857,
2019-10-29,1.52,1.55,1.37,1.37,1.37,18900.0,18900.0,-0.15,-9.868,1.43,"October 29, 19",-0.09868,
2019-10-28,1.56,1.6,1.52,1.52,1.52,5000.0,5000.0,-0.04,-2.564,1.54667,"October 28, 19",-0.02564,
2019-10-25,1.64,1.65,1.5,1.57,1.57,7400.0,7400.0,-0.07,-4.268,1.57333,"October 25, 19",-0.04268,
2019-10-24,1.62,1.67,1.51,1.62,1.62,9300.0,9300.0,0.0,0.0,1.6,"October 24, 19",0.0,
2019-10-23,1.47,1.6,1.46,1.59,1.59,19900.0,19900.0,0.12,8.163,1.55,"October 23, 19",0.08163,
2019-10-22,1.38,1.55,1.38,1.47,1.47,41400.0,41400.0,0.09,6.522,1.46667,"October 22, 19",0.06522,
2019-10-21,1.34,1.46,1.26,1.36,1.36,10600.0,10600.0,0.02,1.493,1.36,"October 21, 19",0.01493,
2019-10-18,1.43,1.43,1.34,1.34,1.34,15200.0,15200.0,-0.09,-6.294,1.37,"October 18, 19",-0.06294,
2019-10-17,1.44,1.46,1.38,1.44,1.44,18800.0,18800.0,0.0,0.0,1.42667,"October 17, 19",0.0,
2019-10-16,1.44,1.5,1.33,1.47,1.47,70100.0,70100.0,0.03,2.083,1.43333,"October 16, 19",0.02083,
2019-10-15,1.16,1.61,1.16,1.42,1.42,404000.0,404000.0,0.26,22.414,1.39667,"October 15, 19",0.22414,
2019-10-14,1.21,1.21,1.13,1.15,1.15,3100.0,3100.0,-0.06,-4.959,1.16333,"October 14, 19",-0.04959,
2019-10-11,1.13,1.23,1.09,1.22,1.22,34900.0,34900.0,0.09,7.965,1.18,"October 11, 19",0.07965,
2019-10-10,1.2,1.22,1.11,1.13,1.13,17300.0,17300.0,-0.07,-5.833,1.15333,"October 10, 19",-0.05833,
2019-10-09,1.19,1.28,1.16,1.2,1.2,30900.0,30900.0,0.01,0.84,1.21333,"October 09, 19",0.0084,
2019-10-08,1.19,1.2,1.17,1.18,1.18,2700.0,2700.0,-0.01,-0.84,1.18333,"October 08, 19",-0.0084,
2019-10-07,1.25,1.33,1.08,1.18,1.18,55700.0,55700.0,-0.07,-5.6,1.19667,"October 07, 19",-0.056,
2019-10-04,1.13,1.26,1.1,1.26,1.26,75000.0,75000.0,0.13,11.504,1.20667,"October 04, 19",0.11504,
2019-10-03,1.19,1.22,1.06,1.14,1.14,63200.0,63200.0,-0.05,-4.202,1.14,"October 03, 19",-0.04202,
2019-10-02,1.27,1.53,1.16,1.17,1.17,142400.0,142400.0,-0.1,-7.874,1.28667,"October 02, 19",-0.07874,
2019-10-01,1.39,1.51,1.27,1.27,1.27,129800.0,129800.0,-0.12,-8.633,1.35,"October 01, 19",-0.08633,
2019-09-30,1.58,1.58,1.38,1.4,1.4,83100.0,83100.0,-0.18,-11.392,1.45333,"September 30, 19",-0.11392,
2019-09-27,1.34,1.69,1.34,1.58,1.58,260200.0,260200.0,0.24,17.91,1.53667,"September 27, 19",0.1791,
2019-09-26,1.41,1.41,1.33,1.38,1.38,89300.0,89300.0,-0.03,-2.128,1.37333,"September 26, 19",-0.02128,
2019-09-25,1.36,1.49,1.22,1.39,1.39,195000.0,195000.0,0.03,2.206,1.36667,"September 25, 19",0.02206,
2019-09-24,1.46,1.5,1.36,1.36,1.36,81500.0,81500.0,-0.1,-6.849,1.40667,"September 24, 19",-0.06849,
2019-09-23,1.49,1.51,1.37,1.47,1.47,65100.0,65100.0,-0.02,-1.342,1.45,"September 23, 19",-0.01342,
2019-09-20,1.49,1.58,1.45,1.49,1.49,94200.0,94200.0,0.0,0.0,1.50667,"September 20, 19",0.0,
2019-09-19,1.61,1.72,1.48,1.49,1.49,145900.0,145900.0,-0.12,-7.453,1.56333,"September 19, 19",-0.07453,
2019-09-18,1.69,1.74,1.62,1.63,1.63,71600.0,71600.0,-0.06,-3.55,1.66333,"September 18, 19",-0.0355,
2019-09-17,1.68,1.8,1.61,1.7,1.7,97700.0,97700.0,0.02,1.19,1.70333,"September 17, 19",0.0119,
2019-09-16,1.73,1.83,1.64,1.69,1.69,51100.0,51100.0,-0.04,-2.312,1.72,"September 16, 19",-0.02312,
2019-09-13,1.69,1.75,1.48,1.73,1.73,87600.0,87600.0,0.04,2.367,1.65333,"September 13, 19",0.02367,
2019-09-12,1.84,1.84,1.65,1.68,1.68,68000.0,68000.0,-0.16,-8.696,1.72333,"September 12, 19",-0.08696,
2019-09-11,1.75,1.9,1.68,1.86,1.86,303300.0,303300.0,0.11,6.286,1.81333,"September 11, 19",0.06286,
2019-09-10,1.44,1.81,1.38,1.69,1.69,265800.0,265800.0,0.25,17.361,1.62667,"September 10, 19",0.17361,
2019-09-09,1.55,1.56,1.39,1.43,1.43,86400.0,86400.0,-0.12,-7.742,1.46,"September 09, 19",-0.07742,
2019-09-06,1.54,1.6,1.52,1.54,1.54,31500.0,31500.0,0.0,0.0,1.55333,"September 06, 19",0.0,
2019-09-05,1.46,1.58,1.41,1.53,1.53,82600.0,82600.0,0.07,4.795,1.50667,"September 05, 19",0.04795,
2019-09-04,1.51,1.56,1.44,1.49,1.49,35900.0,35900.0,-0.02,-1.325,1.49667,"September 04, 19",-0.01325,
2019-09-03,1.53,1.59,1.4,1.5,1.5,33800.0,33800.0,-0.03,-1.961,1.49667,"September 03, 19",-0.01961,
2019-08-30,1.56,1.66,1.5,1.54,1.54,7600.0,7600.0,-0.02,-1.282,1.56667,"August 30, 19",-0.01282,
2019-08-29,1.5,1.6,1.49,1.57,1.57,20900.0,20900.0,0.07,4.667,1.55333,"August 29, 19",0.04667,
2019-08-28,1.64,1.68,1.49,1.5,1.5,122400.0,122400.0,-0.14,-8.537,1.55667,"August 28, 19",-0.08537,
2019-08-27,1.8,1.83,1.63,1.65,1.65,37100.0,37100.0,-0.15,-8.333,1.70333,"August 27, 19",-0.08333,
2019-08-26,1.81,1.86,1.59,1.79,1.79,60800.0,60800.0,-0.02,-1.105,1.74667,"August 26, 19",-0.01105,
2019-08-23,1.98,1.98,1.87,1.87,1.87,47100.0,47100.0,-0.11,-5.556,1.90667,"August 23, 19",-0.05556,
2019-08-22,2.09,2.09,1.92,1.99,1.99,54000.0,54000.0,-0.1,-4.785,2.0,"August 22, 19",-0.04785,
2019-08-21,2.09,2.09,1.9,2.09,2.09,68300.0,68300.0,0.0,0.0,2.02667,"August 21, 19",0.0,
2019-08-20,1.9,2.1,1.9,2.09,2.09,139400.0,139400.0,0.19,10.0,2.03,"August 20, 19",0.1,
2019-08-19,1.8,1.88,1.76,1.88,1.88,51400.0,51400.0,0.08,4.444,1.84,"August 19, 19",0.04444,
2019-08-16,1.97,1.97,1.57,1.8,1.8,216000.0,216000.0,-0.17,-8.629,1.78,"August 16, 19",-0.08629,
2019-08-15,1.48,2.1,1.4,1.96,1.96,470700.0,470700.0,0.48,32.432,1.82,"August 15, 19",0.32432,
2019-08-14,1.25,1.73,1.18,1.48,1.48,751400.0,751400.0,0.23,18.4,1.46333,"August 14, 19",0.184,
2019-08-13,1.51,1.7,1.09,1.21,1.21,898100.0,898100.0,-0.3,-19.868,1.33333,"August 13, 19",-0.19868,
2019-08-12,2.75,2.82,2.74,2.82,2.82,1800.0,1800.0,0.07,2.545,2.79333,"August 12, 19",0.02545,
2019-08-09,2.93,2.93,2.73,2.73,2.73,1900.0,1900.0,-0.2,-6.826,2.79667,"August 09, 19",-0.06826,
2019-08-08,2.67,2.81,2.6,2.71,2.71,14200.0,14200.0,0.04,1.498,2.70667,"August 08, 19",0.01498,
2019-08-07,2.67,2.73,2.65,2.68,2.68,3600.0,3600.0,0.01,0.375,2.68667,"August 07, 19",0.00375,
2019-08-06,2.74,2.79,2.6,2.72,2.72,7400.0,7400.0,-0.02,-0.73,2.70333,"August 06, 19",-0.0073,
2019-08-05,2.78,2.78,2.35,2.7,2.7,55800.0,55800.0,-0.08,-2.878,2.61,"August 05, 19",-0.02878,
2019-08-02,2.86,2.87,2.7,2.85,2.85,25500.0,25500.0,-0.01,-0.35,2.80667,"August 02, 19",-0.0035,
2019-08-01,2.93,2.96,2.68,2.88,2.88,36800.0,36800.0,-0.05,-1.706,2.84,"August 01, 19",-0.01706,
2019-07-31,2.88,2.93,2.82,2.83,2.83,22100.0,22100.0,-0.05,-1.736,2.86,"July 31, 19",-0.01736,
2019-07-30,2.86,2.88,2.75,2.88,2.88,8800.0,8800.0,0.02,0.699,2.83667,"July 30, 19",0.00699,
2019-07-29,2.75,2.88,2.74,2.85,2.85,38000.0,38000.0,0.1,3.636,2.82333,"July 29, 19",0.03636,
2019-07-26,2.75,2.82,2.73,2.73,2.73,8000.0,8000.0,-0.02,-0.727,2.76,"July 26, 19",-0.00727,
2019-07-25,2.78,2.82,2.66,2.75,2.75,26300.0,26300.0,-0.03,-1.079,2.74333,"July 25, 19",-0.01079,
2019-07-24,2.68,2.86,2.68,2.76,2.76,32800.0,32800.0,0.08,2.985,2.76667,"July 24, 19",0.02985,
2019-07-23,2.66,2.74,2.55,2.72,2.72,41300.0,41300.0,0.06,2.256,2.67,"July 23, 19",0.02256,
2019-07-22,2.77,2.88,2.66,2.71,2.71,42200.0,42200.0,-0.06,-2.166,2.75,"July 22, 19",-0.02166,
2019-07-19,2.79,2.83,2.65,2.74,2.74,59100.0,59100.0,-0.05,-1.792,2.74,"July 19, 19",-0.01792,
2019-07-18,2.9,3.08,2.75,2.76,2.76,121800.0,121800.0,-0.14,-4.828,2.86333,"July 18, 19",-0.04828,
2019-07-17,3.06,3.15,2.8,2.92,2.92,78400.0,78400.0,-0.14,-4.575,2.95667,"July 17, 19",-0.04575,
2019-07-16,3.16,3.2,3.06,3.13,3.13,33100.0,33100.0,-0.03,-0.949,3.13,"July 16, 19",-0.00949,
2019-07-15,3.39,3.42,3.08,3.17,3.17,131600.0,131600.0,-0.22,-6.49,3.22333,"July 15, 19",-0.0649,
2019-07-12,3.4,3.5,3.07,3.3,3.3,41500.0,41500.0,-0.1,-2.941,3.29,"July 12, 19",-0.02941,
2019-07-11,3.42,3.5,3.3,3.36,3.36,15300.0,15300.0,-0.06,-1.754,3.38667,"July 11, 19",-0.01754,
2019-07-10,3.48,3.63,3.44,3.49,3.49,82100.0,82100.0,0.01,0.287,3.52,"July 10, 19",0.00287,
2019-07-09,3.46,3.55,3.35,3.43,3.43,20600.0,20600.0,-0.03,-0.867,3.44333,"July 09, 19",-0.00867,
2019-07-08,3.53,3.55,3.41,3.46,3.46,23400.0,23400.0,-0.07,-1.983,3.47333,"July 08, 19",-0.01983,
2019-07-05,3.4,3.57,3.04,3.57,3.57,19400.0,19400.0,0.17,5.0,3.39333,"July 05, 19",0.05,
2019-07-03,3.5,3.5,3.35,3.4,3.4,13900.0,13900.0,-0.1,-2.857,3.41667,"July 03, 19",-0.02857,
2019-07-02,3.47,3.51,3.29,3.51,3.51,19000.0,19000.0,0.04,1.153,3.43667,"July 02, 19",0.01153,
2019-07-01,3.67,3.67,3.43,3.5,3.5,41500.0,41500.0,-0.17,-4.632,3.53333,"July 01, 19",-0.04632,
2019-06-28,3.49,3.62,3.36,3.62,3.62,29400.0,29400.0,0.13,3.725,3.53333,"June 28, 19",0.03725,
2019-06-27,3.46,3.55,3.28,3.42,3.42,15300.0,15300.0,-0.04,-1.156,3.41667,"June 27, 19",-0.01156,
2019-06-26,3.5,3.57,3.38,3.48,3.48,14700.0,14700.0,-0.02,-0.571,3.47667,"June 26, 19",-0.00571,
2019-06-25,3.37,3.57,3.26,3.45,3.45,50700.0,50700.0,0.08,2.374,3.42667,"June 25, 19",0.02374,
2019-06-24,3.47,3.61,3.36,3.37,3.37,19000.0,19000.0,-0.1,-2.882,3.44667,"June 24, 19",-0.02882,
2019-06-21,3.4,3.51,3.23,3.4,3.4,43200.0,43200.0,0.0,0.0,3.38,"June 21, 19",0.0,
2019-06-20,3.41,3.51,3.21,3.44,3.44,45500.0,45500.0,0.03,0.88,3.38667,"June 20, 19",0.0088,
2019-06-19,3.3,3.48,3.2,3.35,3.35,18000.0,18000.0,0.05,1.515,3.34333,"June 19, 19",0.01515,
2019-06-18,3.18,3.3,3.04,3.25,3.25,23400.0,23400.0,0.07,2.201,3.19667,"June 18, 19",0.02201,
2019-06-17,3.28,3.43,3.05,3.13,3.13,22600.0,22600.0,-0.15,-4.573,3.20333,"June 17, 19",-0.04573,
2019-06-14,3.3,3.49,3.07,3.29,3.29,21800.0,21800.0,-0.01,-0.303,3.28333,"June 14, 19",-0.00303,
2019-06-13,2.99,3.39,2.99,3.29,3.29,111500.0,111500.0,0.3,10.033,3.22333,"June 13, 19",0.10033,
2019-06-12,3.09,3.3,2.9,3.06,3.06,85300.0,85300.0,-0.03,-0.971,3.08667,"June 12, 19",-0.00971,
2019-06-11,3.36,3.55,3.09,3.09,3.09,69200.0,69200.0,-0.27,-8.036,3.24333,"June 11, 19",-0.08036,
2019-06-10,3.5,3.64,3.3,3.4,3.4,61100.0,61100.0,-0.1,-2.857,3.44667,"June 10, 19",-0.02857,
2019-06-07,3.39,3.41,3.28,3.33,3.33,34700.0,34700.0,-0.06,-1.77,3.34,"June 07, 19",-0.0177,
2019-06-06,3.42,3.46,3.33,3.35,3.35,43000.0,43000.0,-0.07,-2.047,3.38,"June 06, 19",-0.02047,
2019-06-05,3.65,3.65,3.32,3.42,3.42,14200.0,14200.0,-0.23,-6.301,3.46333,"June 05, 19",-0.06301,
2019-06-04,3.28,3.51,3.28,3.5,3.5,22800.0,22800.0,0.22,6.707,3.43,"June 04, 19",0.06707,
2019-06-03,3.49,3.7,3.25,3.28,3.28,39600.0,39600.0,-0.21,-6.017,3.41,"June 03, 19",-0.06017,
2019-05-31,3.42,3.45,3.32,3.44,3.44,23700.0,23700.0,0.02,0.585,3.40333,"May 31, 19",0.00585,
2019-05-30,3.65,3.65,3.37,3.43,3.43,39300.0,39300.0,-0.22,-6.027,3.48333,"May 30, 19",-0.06027,
2019-05-29,3.6,3.6,3.37,3.5,3.5,120400.0,120400.0,-0.1,-2.778,3.49,"May 29, 19",-0.02778,
2019-05-28,3.62,3.78,3.6,3.6,3.6,58300.0,58300.0,-0.02,-0.552,3.66,"May 28, 19",-0.00552,
2019-05-24,4.01,4.07,3.61,3.72,3.72,68800.0,68800.0,-0.29,-7.232,3.8,"May 24, 19",-0.07232,
2019-05-23,4.25,4.25,3.92,3.95,3.95,25900.0,25900.0,-0.3,-7.059,4.04,"May 23, 19",-0.07059,
2019-05-22,4.72,4.74,4.25,4.32,4.32,42800.0,42800.0,-0.4,-8.475,4.43667,"May 22, 19",-0.08475,
2019-05-21,4.75,4.86,4.57,4.69,4.69,52300.0,52300.0,-0.06,-1.263,4.70667,"May 21, 19",-0.01263,
2019-05-20,4.82,4.93,4.55,4.77,4.77,98500.0,98500.0,-0.05,-1.037,4.75,"May 20, 19",-0.01037,
2019-05-17,4.53,5.0,4.3,4.8,4.8,177900.0,177900.0,0.27,5.96,4.7,"May 17, 19",0.0596,
2019-05-16,4.14,4.57,4.11,4.56,4.56,81700.0,81700.0,0.42,10.145,4.41333,"May 16, 19",0.10145,
2019-05-15,4.12,4.16,4.0,4.13,4.13,23100.0,23100.0,0.01,0.243,4.09667,"May 15, 19",0.00243,
2019-05-14,3.62,4.19,3.55,4.18,4.18,89300.0,89300.0,0.56,15.47,3.97333,"May 14, 19",0.1547,
2019-05-13,3.9,3.95,3.75,3.88,3.88,64800.0,64800.0,-0.02,-0.513,3.86,"May 13, 19",-0.00513,
2019-05-10,4.06,4.08,3.98,4.05,4.05,37600.0,37600.0,-0.01,-0.246,4.03667,"May 10, 19",-0.00246,
2019-05-09,4.08,4.1,3.99,4.05,4.05,30700.0,30700.0,-0.03,-0.735,4.04667,"May 09, 19",-0.00735,
2019-05-08,4.11,4.16,3.99,4.07,4.07,16700.0,16700.0,-0.04,-0.973,4.07333,"May 08, 19",-0.00973,
2019-05-07,4.11,4.29,4.0,4.16,4.16,52400.0,52400.0,0.05,1.217,4.15,"May 07, 19",0.01217,
2019-05-06,4.04,4.32,4.03,4.13,4.13,33900.0,33900.0,0.09,2.228,4.16,"May 06, 19",0.02228,
2019-05-03,4.4,4.58,3.86,4.04,4.04,105100.0,105100.0,-0.36,-8.182,4.16,"May 03, 19",-0.08182,
2019-05-02,4.4,4.6,4.28,4.4,4.4,42100.0,42100.0,0.0,0.0,4.42667,"May 02, 19",0.0,
2019-05-01,4.24,4.48,4.18,4.43,4.43,45100.0,45100.0,0.19,4.481,4.36333,"May 01, 19",0.04481,
2019-04-30,4.29,4.53,4.15,4.28,4.28,36200.0,36200.0,-0.01,-0.233,4.32,"April 30, 19",-0.00233,
2019-04-29,4.74,4.77,4.21,4.29,4.29,106100.0,106100.0,-0.45,-9.494,4.42333,"April 29, 19",-0.09494,
2019-04-26,5.52,5.8,4.51,4.79,4.79,354000.0,354000.0,-0.73,-13.225,5.03333,"April 26, 19",-0.13225,
2019-04-25,5.1,5.51,4.96,5.49,5.49,250000.0,250000.0,0.39,7.647,5.32,"April 25, 19",0.07647,
2019-04-24,4.48,5.08,4.42,5.05,5.05,251900.0,251900.0,0.57,12.723,4.85,"April 24, 19",0.12723,
2019-04-23,4.17,4.49,4.07,4.46,4.46,119900.0,119900.0,0.29,6.954,4.34,"April 23, 19",0.06954,
2019-04-22,4.01,4.28,4.0,4.2,4.2,63100.0,63100.0,0.19,4.738,4.16,"April 22, 19",0.04738,
2019-04-18,4.1,4.22,4.0,4.05,4.05,61800.0,61800.0,-0.05,-1.22,4.09,"April 18, 19",-0.0122,
2019-04-17,4.24,4.63,4.02,4.06,4.06,191600.0,191600.0,-0.18,-4.245,4.23667,"April 17, 19",-0.04245,
2019-04-16,3.82,4.29,3.78,4.23,4.23,213200.0,213200.0,0.41,10.733,4.1,"April 16, 19",0.10733,
2019-04-15,3.91,3.91,3.65,3.82,3.82,94900.0,94900.0,-0.09,-2.302,3.79333,"April 15, 19",-0.02302,
2019-04-12,3.51,4.13,3.51,3.9,3.9,334100.0,334100.0,0.39,11.111,3.84667,"April 12, 19",0.11111,
2019-04-11,3.49,3.51,3.48,3.49,3.49,73400.0,73400.0,0.0,0.0,3.49333,"April 11, 19",0.0,
2019-04-10,3.5,3.57,3.45,3.48,3.48,31800.0,31800.0,-0.02,-0.571,3.5,"April 10, 19",-0.00571,
2019-04-09,3.55,3.59,3.5,3.53,3.53,17600.0,17600.0,-0.02,-0.563,3.54,"April 09, 19",-0.00563,
2019-04-08,3.5,3.69,3.5,3.53,3.53,53800.0,53800.0,0.03,0.857,3.57333,"April 08, 19",0.00857,
2019-04-05,3.47,3.75,3.42,3.46,3.46,153800.0,153800.0,-0.01,-0.288,3.54333,"April 05, 19",-0.00288,
2019-04-04,3.5,3.69,3.48,3.5,3.5,48000.0,48000.0,0.0,0.0,3.55667,"April 04, 19",0.0,
2019-04-03,3.87,3.94,3.44,3.49,3.49,168200.0,168200.0,-0.38,-9.819,3.62333,"April 03, 19",-0.09819,
2019-04-02,3.66,3.88,3.61,3.81,3.81,125600.0,125600.0,0.15,4.098,3.76667,"April 02, 19",0.04098,
2019-04-01,3.42,3.69,3.34,3.64,3.64,449400.0,449400.0,0.22,6.433,3.55667,"April 01, 19",0.06433,
2019-03-29,3.6,3.68,3.39,3.4,3.4,300700.0,300700.0,-0.2,-5.556,3.49,"March 29, 19",-0.05556,
2019-03-28,3.51,3.85,3.51,3.57,3.57,165900.0,165900.0,0.06,1.709,3.64333,"March 28, 19",0.01709,
2019-03-27,3.94,3.99,3.45,3.5,3.5,1004300.0,1004300.0,-0.44,-11.168,3.64667,"March 27, 19",-0.11168,
2019-03-26,3.96,4.08,3.96,3.98,3.98,32000.0,32000.0,0.02,0.505,4.00667,"March 26, 19",0.00505,
2019-03-25,3.91,4.1,3.83,3.96,3.96,75300.0,75300.0,0.05,1.279,3.96333,"March 25, 19",0.01279,
2019-03-22,4.19,4.21,3.9,3.95,3.95,89200.0,89200.0,-0.24,-5.728,4.02,"March 22, 19",-0.05728,
2019-03-21,3.9,4.37,3.88,4.18,4.18,163200.0,163200.0,0.28,7.179,4.14333,"March 21, 19",0.07179,
2019-03-20,3.89,4.0,3.8,3.9,3.9,81100.0,81100.0,0.01,0.257,3.9,"March 20, 19",0.00257,
2019-03-19,4.0,4.3,3.87,3.87,3.87,150500.0,150500.0,-0.13,-3.25,4.01333,"March 19, 19",-0.0325,
2019-03-18,4.43,4.43,3.99,4.0,4.0,415400.0,415400.0,-0.43,-9.707,4.14,"March 18, 19",-0.09707,
2019-03-15,5.5,5.5,3.76,4.43,4.43,510100.0,510100.0,-1.07,-19.455,4.56333,"March 15, 19",-0.19455,
2019-03-14,6.5,6.88,6.42,6.57,6.57,62600.0,62600.0,0.07,1.077,6.62333,"March 14, 19",0.01077,
2019-03-13,6.6,6.62,6.53,6.55,6.55,23300.0,23300.0,-0.05,-0.758,6.56667,"March 13, 19",-0.00758,
2019-03-12,6.6,6.9,6.53,6.55,6.55,23200.0,23200.0,-0.05,-0.758,6.66,"March 12, 19",-0.00758,
2019-03-11,6.8,6.99,6.56,6.56,6.56,38700.0,38700.0,-0.24,-3.529,6.70333,"March 11, 19",-0.03529,
2019-03-08,7.43,7.43,6.43,6.63,6.63,117800.0,117800.0,-0.8,-10.767,6.83,"March 08, 19",-0.10767,
2019-03-07,6.49,6.75,6.23,6.42,6.42,62100.0,62100.0,-0.07,-1.079,6.46667,"March 07, 19",-0.01079,
2019-03-06,6.94,6.94,6.4,6.4,6.4,50200.0,50200.0,-0.54,-7.781,6.58,"March 06, 19",-0.07781,
2019-03-05,7.01,7.08,6.73,6.95,6.95,17900.0,17900.0,-0.06,-0.856,6.92,"March 05, 19",-0.00856,
2019-03-04,6.6,7.01,6.6,7.01,7.01,12900.0,12900.0,0.41,6.212,6.87333,"March 04, 19",0.06212,
2019-03-01,6.73,7.37,6.73,6.95,6.95,34500.0,34500.0,0.22,3.269,7.01667,"March 01, 19",0.03269,
2019-02-28,6.54,6.9,6.0,6.74,6.74,49300.0,49300.0,0.2,3.058,6.54667,"February 28, 19",0.03058,
2019-02-27,7.21,7.27,6.83,6.98,6.98,24600.0,24600.0,-0.23,-3.19,7.02667,"February 27, 19",-0.0319,
2019-02-26,7.3,7.33,6.81,7.1,7.1,27700.0,27700.0,-0.2,-2.74,7.08,"February 26, 19",-0.0274,
2019-02-25,7.14,7.39,6.7,7.24,7.24,54100.0,54100.0,0.1,1.401,7.11,"February 25, 19",0.01401,
2019-02-22,7.43,7.54,7.11,7.11,7.11,32400.0,32400.0,-0.32,-4.307,7.25333,"February 22, 19",-0.04307,
2019-02-21,7.3,7.49,7.08,7.3,7.3,30900.0,30900.0,0.0,0.0,7.29,"February 21, 19",0.0,
2019-02-20,7.35,7.73,7.35,7.35,7.35,44700.0,44700.0,0.0,0.0,7.47667,"February 20, 19",0.0,
2019-02-19,7.36,7.41,7.2,7.35,7.35,15200.0,15200.0,-0.01,-0.136,7.32,"February 19, 19",-0.00136,
2019-02-15,6.93,7.44,6.93,7.36,7.36,13000.0,13000.0,0.43,6.205,7.24333,"February 15, 19",0.06205,
2019-02-14,6.97,6.97,6.78,6.97,6.97,15000.0,15000.0,0.0,0.0,6.90667,"February 14, 19",0.0,
2019-02-13,6.94,7.07,6.85,6.96,6.96,4500.0,4500.0,0.02,0.288,6.96,"February 13, 19",0.00288,
2019-02-12,6.93,7.07,6.83,6.83,6.83,13900.0,13900.0,-0.1,-1.443,6.91,"February 12, 19",-0.01443,
2019-02-11,7.2,7.36,6.88,6.93,6.93,24100.0,24100.0,-0.27,-3.75,7.05667,"February 11, 19",-0.0375,
2019-02-08,6.76,7.26,6.76,7.12,7.12,41400.0,41400.0,0.36,5.325,7.04667,"February 08, 19",0.05325,
2019-02-07,7.09,7.32,6.6,6.7,6.7,78700.0,78700.0,-0.39,-5.501,6.87333,"February 07, 19",-0.05501,
2019-02-06,7.41,7.65,6.86,7.04,7.04,75200.0,75200.0,-0.37,-4.993,7.18333,"February 06, 19",-0.04993,
2019-02-05,7.44,7.6,7.35,7.35,7.35,17100.0,17100.0,-0.09,-1.21,7.43333,"February 05, 19",-0.0121,
2019-02-04,7.35,7.67,7.35,7.44,7.44,22500.0,22500.0,0.09,1.224,7.48667,"February 04, 19",0.01224,
2019-02-01,7.48,7.48,7.35,7.35,7.35,42900.0,42900.0,-0.13,-1.738,7.39333,"February 01, 19",-0.01738,
2019-01-31,7.44,7.6,7.32,7.38,7.38,43000.0,43000.0,-0.06,-0.806,7.43333,"January 31, 19",-0.00806,
2019-01-30,7.79,7.97,7.32,7.32,7.32,100600.0,100600.0,-0.47,-6.033,7.53667,"January 30, 19",-0.06033,
2019-01-29,8.2,8.37,7.64,7.72,7.72,46800.0,46800.0,-0.48,-5.854,7.91,"January 29, 19",-0.05854,
2019-01-28,8.18,8.53,8.12,8.12,8.12,4200.0,4200.0,-0.06,-0.733,8.25667,"January 28, 19",-0.00733,
2019-01-25,8.5,8.68,8.15,8.17,8.17,12000.0,12000.0,-0.33,-3.882,8.33333,"January 25, 19",-0.03882,
2019-01-24,8.66,8.7,8.44,8.45,8.45,17900.0,17900.0,-0.21,-2.425,8.53,"January 24, 19",-0.02425,
2019-01-23,8.39,8.7,8.39,8.6,8.6,27100.0,27100.0,0.21,2.503,8.56333,"January 23, 19",0.02503,
2019-01-22,8.59,8.59,8.2,8.3,8.3,13900.0,13900.0,-0.29,-3.376,8.36333,"January 22, 19",-0.03376,
2019-01-18,8.98,9.02,8.52,8.63,8.63,54500.0,54500.0,-0.35,-3.898,8.72333,"January 18, 19",-0.03898,
2019-01-17,9.11,9.38,9.02,9.02,9.02,47800.0,47800.0,-0.09,-0.988,9.14,"January 17, 19",-0.00988,
2019-01-16,9.77,9.82,9.39,9.48,9.48,55500.0,55500.0,-0.29,-2.968,9.56333,"January 16, 19",-0.02968,
2019-01-15,9.82,10.0,9.71,9.72,9.72,24300.0,24300.0,-0.1,-1.018,9.81,"January 15, 19",-0.01018,
2019-01-14,9.79,9.79,9.5,9.69,9.69,47200.0,47200.0,-0.1,-1.021,9.66,"January 14, 19",-0.01021,
2019-01-11,9.53,10.19,9.53,9.79,9.79,19800.0,19800.0,0.26,2.728,9.83667,"January 11, 19",0.02728,
2019-01-10,10.08,10.19,9.52,9.55,9.55,21900.0,21900.0,-0.53,-5.258,9.75333,"January 10, 19",-0.05258,
2019-01-09,9.78,9.89,9.36,9.7,9.7,35500.0,35500.0,-0.08,-0.818,9.65,"January 09, 19",-0.00818,
2019-01-08,9.6,9.69,9.29,9.66,9.66,35500.0,35500.0,0.06,0.625,9.54667,"January 08, 19",0.00625,
2019-01-07,8.56,9.36,8.38,9.3,9.3,62200.0,62200.0,0.74,8.645,9.01333,"January 07, 19",0.08645,
2019-01-04,8.37,8.65,8.3,8.47,8.47,67400.0,67400.0,0.1,1.195,8.47333,"January 04, 19",0.01195,
2019-01-03,8.2,8.5,8.2,8.28,8.28,46100.0,46100.0,0.08,0.976,8.32667,"January 03, 19",0.00976,
2019-01-02,7.9,8.31,7.76,8.23,8.23,139600.0,139600.0,0.33,4.177,8.1,"January 02, 19",0.04177,
2018-12-31,7.82,7.99,7.47,7.95,7.95,87400.0,87400.0,0.13,1.662,7.80333,"December 31, 18",0.01662,
2018-12-28,7.4,7.76,7.33,7.59,7.59,21900.0,21900.0,0.19,2.568,7.56,"December 28, 18",0.02568,
2018-12-27,7.39,7.55,7.25,7.35,7.35,59800.0,59800.0,-0.04,-0.541,7.38333,"December 27, 18",-0.00541,
2018-12-26,7.5,7.59,7.15,7.53,7.53,139000.0,139000.0,0.03,0.4,7.42333,"December 26, 18",0.004,
2018-12-24,8.0,8.05,7.37,7.46,7.46,62600.0,62600.0,-0.54,-6.75,7.62667,"December 24, 18",-0.0675,
2018-12-21,8.03,8.25,7.82,7.97,7.97,137100.0,137100.0,-0.06,-0.747,8.01333,"December 21, 18",-0.00747,
2018-12-20,7.93,8.15,7.85,8.03,8.03,155800.0,155800.0,0.1,1.261,8.01,"December 20, 18",0.01261,
2018-12-19,8.03,8.35,7.79,7.97,7.97,163300.0,163300.0,-0.06,-0.747,8.03667,"December 19, 18",-0.00747,
2018-12-18,7.7,8.02,7.6,7.98,7.98,159000.0,159000.0,0.28,3.636,7.86667,"December 18, 18",0.03636,
2018-12-17,7.9,8.08,7.55,7.7,7.7,46900.0,46900.0,-0.2,-2.532,7.77667,"December 17, 18",-0.02532,
2018-12-14,7.86,8.03,7.61,7.8,7.8,36400.0,36400.0,-0.06,-0.763,7.81333,"December 14, 18",-0.00763,
2018-12-13,8.1,8.4,8.0,8.06,8.06,44600.0,44600.0,-0.04,-0.494,8.15333,"December 13, 18",-0.00494,
2018-12-12,8.44,8.46,7.99,8.07,8.07,80600.0,80600.0,-0.37,-4.384,8.17333,"December 12, 18",-0.04384,
2018-12-11,9.1,9.39,8.27,8.42,8.42,84300.0,84300.0,-0.68,-7.473,8.69333,"December 11, 18",-0.07473,
2018-12-10,9.06,9.24,8.5,8.84,8.84,62000.0,62000.0,-0.22,-2.428,8.86,"December 10, 18",-0.02428,
2018-12-07,9.17,9.36,8.98,9.03,9.03,19500.0,19500.0,-0.14,-1.527,9.12333,"December 07, 18",-0.01527,
2018-12-06,9.84,9.9,9.02,9.19,9.19,97300.0,97300.0,-0.65,-6.606,9.37,"December 06, 18",-0.06606,
2018-12-04,10.28,10.28,9.59,9.7,9.7,88300.0,88300.0,-0.58,-5.642,9.85667,"December 04, 18",-0.05642,
2018-12-03,10.2,10.43,9.9,9.96,9.96,75300.0,75300.0,-0.24,-2.353,10.09667,"December 03, 18",-0.02353,
2018-11-30,9.14,10.33,9.07,10.0,10.0,221600.0,221600.0,0.86,9.409,9.8,"November 30, 18",0.09409,
2018-11-29,8.39,8.99,8.11,8.99,8.99,60300.0,60300.0,0.6,7.151,8.69667,"November 29, 18",0.07151,
2018-11-28,8.02,8.39,7.99,8.32,8.32,207000.0,207000.0,0.3,3.741,8.23333,"November 28, 18",0.03741,
2018-11-27,8.1,8.42,7.88,7.92,7.92,129000.0,129000.0,-0.18,-2.222,8.07333,"November 27, 18",-0.02222,
2018-11-26,7.82,8.21,7.82,8.1,8.1,196200.0,196200.0,0.28,3.581,8.04333,"November 26, 18",0.03581,
2018-11-23,8.29,8.34,7.78,7.79,7.79,69500.0,69500.0,-0.5,-6.031,7.97,"November 23, 18",-0.06031,
2018-11-21,8.2,8.66,8.2,8.4,8.4,116800.0,116800.0,0.2,2.439,8.42,"November 21, 18",0.02439,
2018-11-20,8.25,8.46,8.04,8.17,8.17,46000.0,46000.0,-0.08,-0.97,8.22333,"November 20, 18",-0.0097,
2018-11-19,8.22,8.6,7.93,8.31,8.31,103000.0,103000.0,0.09,1.095,8.28,"November 19, 18",0.01095,
2018-11-16,8.62,9.0,7.85,8.14,8.14,120800.0,120800.0,-0.48,-5.568,8.33,"November 16, 18",-0.05568,
2018-11-15,8.42,8.88,8.17,8.55,8.55,109600.0,109600.0,0.13,1.544,8.53333,"November 15, 18",0.01544,
2018-11-14,8.52,9.17,7.76,8.48,8.48,215200.0,215200.0,-0.04,-0.469,8.47,"November 14, 18",-0.00469,
2018-11-13,8.67,8.67,7.5,8.23,8.23,137900.0,137900.0,-0.44,-5.075,8.13333,"November 13, 18",-0.05075,
2018-11-12,8.83,9.04,8.41,8.41,8.41,64100.0,64100.0,-0.42,-4.757,8.62,"November 12, 18",-0.04757,
2018-11-09,8.84,9.25,8.29,8.91,8.91,128200.0,128200.0,0.07,0.792,8.81667,"November 09, 18",0.00792,
2018-11-08,9.74,9.85,8.75,8.81,8.81,102300.0,102300.0,-0.93,-9.548,9.13667,"November 08, 18",-0.09548,
2018-11-07,10.01,10.75,9.75,9.75,9.75,30000.0,30000.0,-0.26,-2.597,10.08333,"November 07, 18",-0.02597,
2018-11-06,10.38,10.45,9.33,9.97,9.97,119300.0,119300.0,-0.41,-3.95,9.91667,"November 06, 18",-0.0395,
2018-11-05,10.93,10.93,10.41,10.41,10.41,35500.0,35500.0,-0.52,-4.758,10.58333,"November 05, 18",-0.04758,
2018-11-02,10.75,11.2,10.75,10.85,10.85,63400.0,63400.0,0.1,0.93,10.93333,"November 02, 18",0.0093,
2018-11-01,10.75,11.0,10.48,10.55,10.55,87300.0,87300.0,-0.2,-1.86,10.67667,"November 01, 18",-0.0186,
2018-10-31,10.59,10.91,10.38,10.7,10.7,67700.0,67700.0,0.11,1.039,10.66333,"October 31, 18",0.01039,
2018-10-30,10.71,11.0,10.35,10.6,10.6,40600.0,40600.0,-0.11,-1.027,10.65,"October 30, 18",-0.01027,
2018-10-29,11.28,11.49,10.6,10.71,10.71,38300.0,38300.0,-0.57,-5.053,10.93333,"October 29, 18",-0.05053,
2018-10-26,10.82,11.75,10.5,11.2,11.2,110600.0,110600.0,0.38,3.512,11.15,"October 26, 18",0.03512,
2018-10-25,11.4,11.5,10.72,10.77,10.77,102500.0,102500.0,-0.63,-5.526,10.99667,"October 25, 18",-0.05526,
2018-10-24,11.5,11.8,10.8,11.3,11.3,124400.0,124400.0,-0.2,-1.739,11.3,"October 24, 18",-0.01739,
2018-10-23,11.89,11.94,11.25,11.5,11.5,121000.0,121000.0,-0.39,-3.28,11.56333,"October 23, 18",-0.0328,
2018-10-22,13.29,13.35,10.73,12.01,12.01,270100.0,270100.0,-1.28,-9.631,12.03,"October 22, 18",-0.09631,
2018-10-19,12.0,13.7,11.99,13.35,13.35,176200.0,176200.0,1.35,11.25,13.01333,"October 19, 18",0.1125,
2018-10-18,11.17,11.98,11.0,11.95,11.95,93000.0,93000.0,0.78,6.983,11.64333,"October 18, 18",0.06983,
2018-10-17,11.34,11.6,11.0,11.2,11.2,84700.0,84700.0,-0.14,-1.235,11.26667,"October 17, 18",-0.01235,
2018-10-16,11.2,11.7,10.76,11.4,11.4,150300.0,150300.0,0.2,1.786,11.28667,"October 16, 18",0.01786,
2018-10-15,11.04,12.48,11.04,11.24,11.24,128000.0,128000.0,0.2,1.812,11.58667,"October 15, 18",0.01812,
2018-10-12,12.73,12.73,11.55,12.07,12.07,100700.0,100700.0,-0.66,-5.185,12.11667,"October 12, 18",-0.05185,
2018-10-11,12.24,12.49,12.1,12.2,12.2,74800.0,74800.0,-0.04,-0.327,12.26333,"October 11, 18",-0.00327,
2018-10-10,12.69,12.69,12.11,12.25,12.25,85500.0,85500.0,-0.44,-3.467,12.35,"October 10, 18",-0.03467,
2018-10-09,12.9,13.2,12.12,12.7,12.7,138900.0,138900.0,-0.2,-1.55,12.67333,"October 09, 18",-0.0155,
2018-10-08,13.6,13.66,12.81,13.0,13.0,58900.0,58900.0,-0.6,-4.412,13.15667,"October 08, 18",-0.04412,
2018-10-05,13.8,13.88,13.1,13.42,13.42,210400.0,210400.0,-0.38,-2.754,13.46667,"October 05, 18",-0.02754,
2018-10-04,14.43,14.43,12.65,13.9,13.9,142900.0,142900.0,-0.53,-3.673,13.66,"October 04, 18",-0.03673,
2018-10-03,14.28,14.49,13.32,14.49,14.49,260800.0,260800.0,0.21,1.471,14.1,"October 03, 18",0.01471,
2018-10-02,14.81,15.43,13.52,14.29,14.29,415600.0,415600.0,-0.52,-3.511,14.41333,"October 02, 18",-0.03511,
2018-10-01,18.2,18.26,14.6,14.81,14.81,648400.0,648400.0,-3.39,-18.626,15.89,"October 01, 18",-0.18626,
2018-09-28,19.95,20.17,17.59,18.2,18.2,205400.0,205400.0,-1.75,-8.772,18.65333,"September 28, 18",-0.08772,
2018-09-27,21.5,22.0,19.0,20.0,20.0,2364900.0,2364900.0,-1.5,-6.977,20.33333,"September 27, 18",-0.06977,
a,,,,,,,,,,,,,b
