symbol,date,stockPrice,numberOfShares,marketCapitalization,minusCashAndCashEquivalents,addTotalDebt,enterpriseValue
A,2020-04-30,88.14,312000000,27499680000.0,1324000000.0,1788000000.0,27963680000.0
A,2020-01-31,77.07,313000000,24122909999.999996,1226000000.0,1787000000.0,24683909999.999996
A,2019-10-31,80.77,312000000,25200240000.0,1382000000.0,1791000000.0,25609240000.0
A,2019-07-31,71.11,316000000,22470760000.0,1765000000.0,1294000000.0,21999760000.0
A,2019-04-30,66.89,321000000,21471690000.0,2155000000.0,1798000000.0,21114690000.0
A,2019-01-31,81.24,322000000,26159280000.0,2057000000.0,1798000000.0,25900280000.0
A,2018-10-31,72.35,322000000,23296700000.0,2247000000.0,1799000000.0,22848700000.0
A,2018-07-31,67.26,324000000,21792240000.0,2131000000.0,1799000000.0,21460240000.0
A,2018-04-30,62.69,326000000,20436940000.0,3011000000.0,2115000000.0,19540940000.0
A,2018-01-31,67.51,323000000,21805730000.0,2887000000.0,1800000000.0,20718730000.0
A,2017-10-31,69.24,329000000,22779960000.0,2678000000.0,1801000000.0,21902960000.0
A,2017-07-31,63.9,326000000,20831400000.0,2563000000.0,1801000000.0,20069400000.0
A,2017-04-30,60.37,325000000,19620250000.0,2389000000.0,1802000000.0,19033250000.0
A,2017-01-31,51.38,326000000,16749880000.0,2241000000.0,1802000000.0,16310880000.0
A,2016-10-31,43.98,329000000,14469419999.999998,2289000000.0,1904000000.0,14084419999.999998
A,2016-07-31,47.14,328000000,15461920000.0,2199000000.0,1652000000.0,14914920000.0
A,2016-04-30,45.82,328000000,15028960000.0,2139000000.0,1654000000.0,14543960000.0
A,2016-01-31,38.59,332000000,12811880000.000002,1931000000.0,1653000000.0,12533880000.000002
A,2015-10-31,41.82,332000000,13884240000.0,2003000000.0,1655000000.0,13536240000.0
A,2015-07-31,36.51,334000000,12194340000.0,2075000000.0,1655000000.0,11774340000.0
A,2015-04-30,41.19,337000000,13881030000.0,2197000000.0,1656000000.0,13340030000.0
A,2015-01-31,42.7,338000000,14432600000.000002,2118000000.0,1658000000.0,13972600000.000002
A,2014-10-31,42.74,338000000,14446120000.0,2218000000.0,1663000000.0,13891120000.0
A,2014-07-31,40.89,338000000,13820820000.0,2391000000.0,2181000000.0,13610820000.0
A,2014-04-30,40.73,337000000,13726009999.999998,2950000000.0,2693000000.0,13469009999.999998
A,2014-01-31,40.72,338000000,13763360000.0,2742000000.0,2695000000.0,13716360000.0
A,2013-10-31,38.32,343600000,13166752000.0,2675000000.0,2699000000.0,13190752000.0
A,2013-07-31,33.36,343000000,11442480000.0,2330000000.0,2701000000.0,11813480000.0
A,2013-04-30,32.94,349000000,11496060000.0,2519000000.0,2106000000.0,11083060000.0
A,2013-01-31,29.99,352000000,10556480000.0,2450000000.0,2111000000.0,10217480000.0
A,2012-10-31,27.39,353000000,9668670000.0,2351000000.0,2112000000.0,9429670000.0
A,2012-07-31,26.49,353000000,9350970000.0,1923000000.0,1714000000.0,9141970000.0
A,2012-04-30,29.58,354000000,10471320000.0,3896000000.0,1926000000.0,8501320000.0
A,2012-01-31,31.59,352000000,11119680000.0,3662000000.0,1929000000.0,9386680000.0
A,2011-10-31,26.82,351000000,9413820000.0,3527000000.0,1932000000.0,7818820000.0
A,2011-07-31,26.19,357000000,9349830000.0,3101000000.0,2168000000.0,8416830000.0
A,2011-04-30,35.48,355000000,12595399999.999998,2975000000.0,2144000000.0,11764399999.999998
A,2011-01-31,29.66,355000000,10529300000.0,2638000000.0,2138000000.0,10029300000.0
A,2010-10-31,25.05,352000000,8817600000.0,2649000000.0,2190000000.0,8358600000.0
A,2010-07-31,19.8,352000000,6969600000.0,2317000000.0,2177000000.0,6829600000.0
A,2010-04-30,23.15,354000000,8195099999.999999,2646000000.0,1393000000.0,6942099999.999999
A,2010-01-31,23.15,354000000,8195099999.999999,2481000000.0,1410000000.0,7124099999.999999
A,2009-10-31,20.69,350000000,7241500000.0,2479000000.0,2904000000.0,7666500000.0
A,2009-07-31,18.48,345000000,6375600000.0,1479000000.0,2153000000.0,7049600000.0
A,2009-04-30,13.04,344000000,4485760000.0,1400000000.0,2154000000.0,5239760000.0
A,2009-01-31,9.07,352000000,3192640000.0,1362000000.0,2154000000.0,3984640000.0
A,2008-10-31,13.47,360000000,4849200000.0,1405000000.0,2125000000.0,5569200000.0
A,2008-07-31,24.86,372000000,9247920000.0,1640000000.0,604000000.0,8211920000.0
A,2008-04-30,26.75,370000000,9897500000.0,1710000000.0,622000000.0,8809500000.0
A,2008-01-31,21.9,382000000,8365799999.999999,1385000000.0,626000000.0,7606799999.999999
A,2007-10-31,27.06,388000000,10499280000.0,1826000000.0,2087000000.0,10760280000.0
A,2007-07-31,25.63,407000000,10431410000.0,1486000000.0,1500000000.0,10445410000.0
A,2007-04-30,27.39,413000000,11312070000.0,2050000000.0,1500000000.0,10762070000.0
A,2007-01-31,21.97,419000000,9205430000.0,2090000000.0,1500000000.0,8615430000.0
A,2006-10-31,22.78,417000000,9499260000.0,2262000000.0,1500000000.0,8737260000.0
A,2006-07-31,22.89,422000000,9659580000.0,2249000000.0,1500000000.0,8910580000.0
A,2006-04-30,24.38,442000000,10775960000.0,2657000000.0,1500000000.0,9618960000.0
A,2006-01-31,25.98,483000000,12548340000.0,2737000000.0,1500000000.0,11311340000.0
A,2005-10-31,25.51,500000000,12755000000.0,2226000000.0,0.0,10529000000.0
A,2005-07-31,22.9,513500000,11759150000.0,2782000000.0,1150000000.0,10127150000.0
A,2005-04-30,17.1,496000000,8481600000.000001,2685000000.0,1150000000.0,6946600000.000001
A,2005-01-31,17.41,496000000,8635360000.0,2483000000.0,1150000000.0,7302360000.0
A,2004-10-31,16.37,490000000,8021300000.000001,2315000000.0,1150000000.0,6856300000.000001
A,2004-07-31,15.11,491000000,7419010000.0,1937000000.0,1150000000.0,6632010000.0
A,2004-04-30,18.38,495000000,9098100000.0,1842000000.0,1150000000.0,8406100000.0
A,2004-01-31,24.56,490000000,12034400000.0,1678000000.0,1150000000.0,11506400000.0
A,2003-10-31,20.23,481000000,9730630000.0,1607000000.0,1150000000.0,9273630000.0
A,2003-07-31,17.4,475000000,8264999999.999999,1430000000.0,1150000000.0,7984999999.999999
A,2003-04-30,12.97,471000000,6108870000.0,1533000000.0,1150000000.0,5725870000.0
A,2003-01-31,9.44,471000000,4446240000.0,1754000000.0,1150000000.0,3842240000.0
A,2002-10-31,13.88,467000000,6481960000.0,1844000000.0,1150000000.0,5787960000.0
A,2002-07-31,9.61,466000000,4478260000.0,2105000000.0,1150000000.0,3523260000.0
A,2002-04-30,18.69,464000000,8672160000.0,2235000000.0,1150000000.0,7587160000.0
A,2002-01-31,23.6,463000000,10926800000.0,2188000000.0,1159000000.0,9897800000.0
A,2001-10-31,19.51,462000000,9013620000.0,1170000000.0,6000000.0,7849620000.0
A,2001-07-31,18.63,459000000,8551170000.0,999000000.0,794000000.0,8346170000.0
A,2001-04-30,23.51,461000000,10838110000.0,809000000.0,773000000.0,10802110000.0
A,2001-01-31,27.2,466000000,12675200000.0,433000000.0,556000000.0,12798200000.0
A,2000-10-31,37.33,463000000,17283790000.0,996000000.0,110000000.0,16397790000.0
A,2000-07-31,43.9,461000000,20237900000.0,703000000.0,129000000.0,19663900000.0
A,2000-04-30,53.92,457000000,24641440000.0,978000000.0,98000000.0,23761440000.0
A,2000-01-31,78.06,439000000,34268340000.0,1368000000.0,665000000.0,33565340000.0
A,1999-10-31,30.18,378000000,11408040000.0,0.0,0.0,11408040000.0
