symbol,date,stockPrice,numberOfShares,marketCapitalization,minusCashAndCashEquivalents,addTotalDebt,enterpriseValue
AAPL,2020-09-26,112.279999,17057622000,1915229781102.3782,38016000000,107440000000,1984653781102.3782
AAPL,2020-06-27,88.407501,17250292000,1525055207240.292,33383000000,105844000000,1597516207240.292
AAPL,2020-03-28,61.935001,17440404000,1080171439180.404,40174000000,99744000000,1139741439180.404
AAPL,2019-12-28,72.449997,17660160000,1279478539019.52,39771000000,98695000000,1338402539019.52
AAPL,2019-09-28,54.705002,17963248000,982679517766.496,48844000000,97787000000,1031622517766.496
AAPL,2019-06-29,49.48,18282532000,904619683360.0,50530000000,94889000000,948978683360.0
AAPL,2019-03-30,47.487499,18696284000,887839767753.716,37988000000,102125000000,951976767753.716
AAPL,2018-12-29,39.057499,18943280000,739877139656.72,44771000000,104958000000,800064139656.72
AAPL,2018-09-29,56.435001,19206356000,1083910720066.356,25913000000,105699000000,1163696720066.356
AAPL,2018-06-30,46.2775,19528668000,903737933370.0001,31971000000,136127000000,1007893933370.0001
AAPL,2018-03-31,41.669998,20099508000,837546458160.984,45059000000,144243000000,936730458160.984
AAPL,2017-12-30,42.307499,20451508000,865252154258.492,27491000000,115902000000,953663154258.492
AAPL,2017-09-30,38.529999,20597712000,793629822762.288,20289000000,151099000000,924439822762.288
AAPL,2017-07-01,36.005001,20780352000,748196594540.352,18571000000,101844000000,831469594540.352
AAPL,2017-04-01,35.915001,20903164000,750737155963.164,15157000000,94523000000,830103155963.164
AAPL,2016-12-31,28.955,21194644000,613690917020.0,16371000000,117638000000,714957917020.0
AAPL,2016-09-24,28.1775,21467648000,604904651520.0,20484000000,83532000000,667952651520.0
AAPL,2016-06-25,23.35,21772232000,508381617200.00006,18237000000,81435000000,571579617200.0
AAPL,2016-03-26,26.297501,22057524000,580057759447.524,21514000000,77372000000,635915759447.524
AAPL,2015-12-26,26.705,22235720000,593804902600.0,16689000000,60463000000,637578902600.0
AAPL,2015-09-26,28.6775,22587664000,647757734360.0,21120000000,61828000000,688465734360.0
AAPL,2015-06-27,31.6875,22919544000,726263050500.0,15319000000,51918000000,762862050500.0
AAPL,2015-03-28,30.8125,23175196000,714085726750.0,14489000000,43871000000,743467726750.0
AAPL,2014-12-27,28.497499,23372328000,666052893807.672,19478000000,36403000000,682977893807.672
AAPL,2014-09-27,25.1875,23735380000,597834883750.0,13844000000,35295000000,619285883750.0
AAPL,2014-06-28,22.995001,24050540000,553042191350.5399,12977000000,31040000000,571105191350.5399
AAPL,2014-03-29,19.173571,24493196000,469622032522.91595,18949000000,16962000000,467635032522.91595
AAPL,2013-12-28,20.003214,25090016000,501880959311.424,14077000000,16961000000,504764959311.424
AAPL,2013-09-28,17.241072,25316564000,436484702716.608,14259000000,16960000000,439185702716.608
AAPL,2013-06-29,14.161786,25721304000,364259602888.944,11248000000,16958000000,369969602888.944
AAPL,2013-03-30,15.318214,26309612000,403016266872.96796,12053000000,0,390963266872.96796
AAPL,2012-12-29,18.199642,26289648000,478462181906.016,16154000000,0,462308181906.016
AAPL,2012-09-29,23.825001,26273604000,625968641573.604,10746000000,0,615222641573.604
AAPL,2012-06-30,20.857143,26224688000,546972067746.38403,7945000000,19709000000,558736067746.384
AAPL,2012-03-31,21.4125,26140296000,559729088100.0,10121000000,18417000000,568025088100.0
AAPL,2011-12-31,14.464286,26069148000,377071612448.328,10310000000,19846000000,386607612448.328
AAPL,2011-09-24,14.439285,25991840000,375303585434.4,9815000000,0,365488585434.4
AAPL,2011-06-25,11.655357,25931024000,302235342095.568,12091000000,0,290144342095.568
AAPL,2011-03-26,12.555,25849488000,324540321840.0,15978000000,0,308562321840.0
AAPL,2010-12-25,11.595715,25740232000,298476394305.88,10734000000,0,287742394305.88
AAPL,2010-09-25,10.44,25541516000,266653427040.0,11261000000,0,255392427040.0
AAPL,2010-06-26,9.525,25541516000,243282939900.0,9705000000,0,233577939900.0
AAPL,2010-03-27,8.246428,25411344000,209552818679.232,10018000000,0,199534818679.232
AAPL,2009-12-26,7.5575,25299176000,191198522620.0,7609000000,0,183589522620.0
AAPL,2009-09-26,6.513214,25144896000,163774088655.744,5263000000,0,158511088655.744
AAPL,2009-06-27,5.087143,25023936000,127300340854.848,5605000000,0,121695340854.848
AAPL,2009-03-28,3.816072,24953040000,95222597258.88,4466000000,0,90756597258.88
AAPL,2008-12-27,3.064643,24895976000,76297278576.568,7236000000,0,69061278576.568
AAPL,2008-09-27,4.58,24744664000,113330561120.0,11875000000,0,101455561120.0
AAPL,2008-06-28,6.074643,24744664000,150314999954.952,9373000000,0,140941999954.952
AAPL,2008-03-29,5.1075,24627288000,125783873460.0,9070000000,0,116713873460.0
AAPL,2007-12-29,7.136786,24524080000,175023110806.88,9162000000,0,165861110806.88
AAPL,2007-09-29,5.481071,24524080000,134418223689.68001,9352000000,0,125066223689.68001
AAPL,2007-06-30,4.358572,24270568000,105785018108.896,7118000000,6649000000,105316018108.896
AAPL,2007-03-31,3.318214,24164084000,80181601825.976,7095000000,5482000000,78568601825.976
AAPL,2006-12-30,3.03,24015348000,72766504440.0,7159000000,0,65607504440.0
AAPL,2006-09-30,2.749286,23838500000,65538854311.0,6392000000,3718000000,62864854311.0
AAPL,2006-07-01,2.045357,23838500000,48758242844.5,8013000000,0,40745242844.5
AAPL,2006-04-01,2.24,23545480000,52741875200.00001,6346000000,0,46395875200.00001
AAPL,2005-12-31,2.5675,23261868000,59724846090.0,4150000000,4557000000,60131846090.0
AAPL,2005-09-24,1.9,22822576000,43362894400.0,3491000000,0,39871894400.0
AAPL,2005-06-25,1.348571,22822576000,30777864138.896,3094000000,0,27683864138.896
AAPL,2005-03-26,1.518929,22628816000,34371564858.064,2254000000,0,32117564858.064003
AAPL,2004-12-25,1.127857,22092896000,24917627403.872,2475000000,0,22442627403.872
AAPL,2004-09-25,0.665893,21001288000,13984610670.184,2969000000,0,11015610670.184
AAPL,2004-06-26,0.601786,21001288000,12638281100.368,3120000000,0,9518281100.368
AAPL,2004-03-27,0.482857,20459432000,9878979957.223999,3158000000,0,6720979957.223999
AAPL,2003-12-27,0.371071,20297200000,7531702301.2,3724000000,0,3807702301.2
AAPL,2003-09-27,0.369464,20204408000,7464801397.312,3396000000,0,4068801397.3120003
AAPL,2003-06-28,0.334464,20204408000,6757647117.311999,3507000000,0,3250647117.3119993
AAPL,2003-03-29,0.260179,20187440000,5252347951.76,3410000000,0,1842347951.7600002
AAPL,2002-12-28,0.251071,20107192000,5048332802.632,2612000000,320000000,2756332802.632
AAPL,2002-09-28,0.262857,19956720000,5245763549.04,2252000000,316000000,3309763549.04
AAPL,2002-06-29,0.316429,19956720000,6314884952.88,1246000000,316000000,5384884952.88
AAPL,2002-03-30,0.436786,19794880000,8646126455.68,1159000000,311000000,7798126455.68
AAPL,2001-12-29,0.400536,19674480000,7880337521.28,1946000000,315000000,6249337521.28
AAPL,2001-09-29,0.276964,19530840000,5409339569.76,2310000000,317000000,3416339569.76
AAPL,2001-06-30,0.415179,19530840000,8108794620.360001,2121000000,2414000000,8401794620.360001
AAPL,2001-03-31,0.394107,19380480000,7637982831.36,2138000000,2323000000,7822982831.36
AAPL,2000-12-30,0.265625,18881520000,5015403750.0,1737000000,311000000,3589403750.0
AAPL,2000-09-30,0.459821,18202240000,8369772199.04,1191000000,3136000000,10314772199.04
AAPL,2000-07-01,0.935268,18202240000,17023972600.32,1344000000,300000000,15979972600.32
AAPL,2000-04-01,1.212612,18163264000,22024991885.568,1662000000,300000000,20662991885.568
AAPL,2000-01-01,0.917969,18036368000,16556826696.592001,1586000000,300000000,15270826696.592001
AAPL,1999-09-25,0.579799,16134048000,9354504896.352,1326000000,300000000,8328504896.351999
AAPL,1999-06-26,0.376674,16134048000,6077276396.352,1773000000,300000000,4604276396.352
AAPL,1999-03-27,0.296875,15273552000,4534335750.0,1358000000,955000000,4131335750.0
AAPL,1998-12-26,0.364955,15150240000,5529155839.2,1221000000,954000000,5262155839.2
AAPL,1998-09-25,0.345982,15150240000,5241710335.68,1481000000,954000000,4714710335.68
AAPL,1998-06-26,0.251674,14903616000,3750852653.184,1203000000,953000000,3500852653.184
AAPL,1998-03-27,0.240513,14780528000,3554909130.864,1285000000,976000000,3245909130.864
AAPL,1997-12-26,0.118862,14334768000,1703859194.016,1193000000,976000000,1486859194.016
AAPL,1997-09-26,0.19029,14334768000,2727763002.72,1230000000,976000000,2473763002.72
AAPL,1997-06-27,0.131138,14168000000,1857963184.0,1018000000,1078000000,1917963184.0
AAPL,1997-03-28,0.166295,14068208000,2339472649.36,1273000000,1085000000,2151472649.36
AAPL,1996-12-27,0.206473,13947584000,2879799511.232,1174000000,1130000000,2835799511.232
AAPL,1996-09-27,0.199219,13858320000,2760840652.08,1552000000,1135000000,2343840652.08
AAPL,1996-06-28,0.1875,13858320000,2598435000.0,1359000000,1136000000,2375435000.0
AAPL,1996-03-29,0.219308,13849808000,3037373692.864,500000000,655000000,3192373692.864
AAPL,1995-12-29,0.284598,13775328000,3920430798.144,824000000,802000000,3898430798.144
AAPL,1995-09-29,0.332589,13798736000,4589307807.504001,756000000,764000000,4597307807.504001
AAPL,1995-06-30,0.414621,13798736000,5721245719.056001,1168000000,811000000,5364245719.056001
AAPL,1995-03-31,0.314732,13736128000,4323199037.696,1375000000,915000000,3863199037.696
AAPL,1994-12-30,0.348214,13619221056,4742403440.793984,1148000000,513000000,4107403440.7939844
AAPL,1994-09-30,0.300781,13312320000,4004092921.92,1203488000,358840000,3159444921.92
AAPL,1994-07-01,0.229911,13312320000,3060648803.52,1142000000,821000000,2739648803.52
AAPL,1994-04-01,0.296875,13321728000,3954888000.0,1087000000,796000000,3663888000.0
AAPL,1993-12-31,0.261161,13099072000,3420966742.5919995,972388000,150387000,2598965742.5919995
AAPL,1993-09-30,0.208705,0,0.0,676400000,0,-676400000.0
AAPL,1993-06-30,0.352679,12859512195,4535279901.420405,393200000,0,4142079901.4204054
AAPL,1993-03-31,0.459821,13500869565,6207983344.247865,560600000,0,5647383344.247865
AAPL,1992-12-31,0.533482,13481791045,7192292850.26869,584400000,0,6607892850.26869
AAPL,1992-09-30,0.402902,0,0.0,498600000,0,-498600000.0
AAPL,1992-06-30,0.428571,13657777778,5853327480.095238,731300000,0,5122027480.095238
AAPL,1992-03-31,0.520089,13755636364,7154155160.916396,766800000,0,6387355160.916396
AAPL,1991-12-31,0.503348,13670588235,6881063246.91078,530100000,0,6350963246.91078
AAPL,1991-09-30,0.441964,0,0.0,604100000,0,-604100000.0
AAPL,1991-09-27,0.4375,13580000000,5941250000.0,604000000,149000000,5486250000.0
AAPL,1991-06-30,0.379464,13516363636,5128973410.771104,773700000,0,4355273410.771104
AAPL,1991-06-28,0.370536,13420000000,4972593120.0,774000000,156000000,4354593120.0
AAPL,1991-03-31,0.611607,13595555556,8315136946.938492,874300000,0,7440836946.938492
AAPL,1991-03-29,0.607143,13680000000,8305716240.0,874000000,6000000,7437716240.0
AAPL,1990-12-31,0.383929,13168750000,5055865018.75,739300000,0,4316565018.75
AAPL,1990-12-28,0.383929,13208000000,5070934232.0,739000000,23000000,4354934232.0
AAPL,1990-09-30,0.272321,0,0.0,374700000,0,-374700000.0
AAPL,1990-09-28,0.258929,13700000000,3547327300.0000005,375000000,123000000,3295327300.0000005
AAPL,1990-06-30,0.399554,13976666667,5584433073.466518,665000000,0,4919433073.466518
AAPL,1990-06-29,0.399554,13940000000,5569782760.0,665000000,25000000,4929782760.0
AAPL,1990-03-31,0.359375,14193846154,5100913461.59375,645800000,0,4455113461.59375
AAPL,1990-03-30,0.359375,14220000000,5110312500.0,646000000,20000000,4484312500.0
AAPL,1989-12-31,0.332589,14560000000,4842495840.0,410500000,0,4431995840.0
AAPL,1989-12-29,0.314732,14504000000,4564872928.0,411000000,68000000,4221872928.0
AAPL,1989-09-30,0.397321,0,0.0,438300000,0,-438300000.0
AAPL,1989-09-29,0.397321,14548000000,5780225908.0,438000000,57000000,5399225908.0
AAPL,1988-09-30,0.386161,0,0.0,545700000,0,-545700000.0
AAPL,1987-09-30,0.504464,0,0.0,565100000,0,-565100000.0
AAPL,1986-09-30,0.149554,0,0.0,576200000,0,-576200000.0
AAPL,1985-09-30,0.070313,0,0.0,337000000,0,-337000000.0
