symbol,date,stockPrice,numberOfShares,marketCapitalization,minusCashAndCashEquivalents,addTotalDebt,enterpriseValue
AMD,2020-06-27,68.970001,1227000000,84626191227.0,1775000000,690000000,83541191227.0
AMD,2020-03-28,56.49,1224000000,69143760000.0,1330000000,488000000,68301760000.0
AMD,2019-12-28,49.26,1159000000,57092340000.0,1466000000,486000000,56112340000.0
AMD,2019-09-28,33.69,1117000000,37631730000.0,1156000000,872000000,37347730000.0
AMD,2019-06-29,33.48,1109000000,37129320000.0,963000000,1031000000,37197320000.0
AMD,2019-03-30,27.69,1094000000,30292860000.0,978000000,1024000000,30338860000.0
AMD,2018-12-29,20.18,1082000000,21834760000.0,1078000000,1114000000,21870760000.0
AMD,2018-09-29,16.85,1076000000,18130600000.0,1046000000,1167000000,18251600000.0
AMD,2018-06-30,19.42,1147000000,22274740000.000004,948000000,1170000000,22496740000.000004
AMD,2018-03-31,10.88,1039000000,11304320000.0,1045000000,1165000000,11424320000.0
AMD,2017-12-30,13.32,967000000,12880440000.0,1185000000,1325000000,13020440000.0
AMD,2017-09-30,10.89,1042000000,11347380000.0,879000000,1356000000,11824380000.0
AMD,2017-07-01,13.61,945000000,12861450000.0,760000000,1375000000,13476450000.0
AMD,2017-04-01,13.62,939000000,12789180000.0,722000000,1408000000,13475180000.0
AMD,2016-12-31,10.61,937000000,9941570000.0,1264000000,1435000000,10112570000.0
AMD,2016-09-24,7.01,815000000,5713150000.0,1258000000,1632000000,6087150000.0
AMD,2016-06-25,6.7,821000000,5500700000.0,957000000,2012000000,6555700000.0
AMD,2016-03-26,3.45,793000000,2735850000.0,716000000,2006000000,4025850000.0
AMD,2015-12-26,2.12,791000000,1676920000.0,785000000,2007000000,2898920000.0
AMD,2015-09-26,2.15,785000000,1687750000.0,755000000,2030000000,2962750000.0
AMD,2015-06-27,1.62,778000000,1260360000.0,829000000,2034000000,2465360000.0
AMD,2015-03-28,2.34,777000000,1818180000.0,677000000,2033000000,3174180000.0
AMD,2014-12-27,2.61,776000000,2025360000.0,805000000,2035000000,3255360000.0
AMD,2014-09-27,2.66,785000000,2088100000.0,640000000,2106000000,3554100000.0
AMD,2014-06-28,3.73,764000000,2849720000.0,503000000,2109000000,4455720000.0
AMD,2014-03-29,3.96,761000000,3013560000.0,554000000,2078000000,4537560000.0
AMD,2013-12-28,3.41,757000000,2581370000.0,869000000,1998000000,3710370000.0
AMD,2013-09-28,3.32,764000000,2536480000.0,543000000,2044000000,4037480000.0
AMD,2013-06-29,3.75,752000000,2820000000.0,334000000,2042000000,4528000000.0
AMD,2013-03-31,2.82,749000000,2112179999.9999998,441000000,10000000,1681179999.9999998
AMD,2013-03-30,2.68,749000000,2007320000.0000002,441000000,2039000000,3605320000.0
AMD,2012-12-29,2.82,747000000,2106539999.9999998,549000000,2037000000,3594540000.0
AMD,2012-09-29,2.07,745000000,1542150000.0,776000000,2035000000,2801150000.0
AMD,2012-06-30,4.1,755000000,3095499999.9999995,1015000000,1532000000,3612499999.9999995
AMD,2012-03-31,7.36,734000000,5402240000.0,1193000000,1529000000,5738240000.0
AMD,2011-12-31,6.74,732000000,4933680000.0,869000000,1527000000,5591680000.0
AMD,2011-10-01,5.83,741000000,4320030000.0,625000000,1571000000,5266030000.0
AMD,2011-07-02,7.22,743000000,5364460000.0,554000000,2195000000,7005460000.0
AMD,2011-04-02,9.03,764000000,6898919999.999999,602000000,2226000000,8522919999.999999
AMD,2010-12-25,7.68,758000000,5821440000.0,606000000,2417000000,7632440000.0
AMD,2010-09-25,7.26,713000000,5176380000.0,620000000,2394000000,6950380000.0
AMD,2010-06-26,8.07,709000000,5721630000.0,1084000000,2577000000,7214630000.0
AMD,2010-03-27,9.97,754000000,7517380000.000001,642000000,2755000000,9630380000.0
AMD,2009-12-26,8.07,791000000,6383370000.0,1657000000,4423000000,9149370000.0
AMD,2009-09-26,5.42,694000000,3761480000.0,1847000000,5400000000,7314480000.0
AMD,2009-06-27,3.8,667000000,2534600000.0,1979000000,5332000000,5887600000.0
AMD,2009-03-28,3.47,626000000,2172220000.0,2402000000,5416000000,5186220000.0
AMD,2008-12-27,2.01,607000000,1220069999.9999998,933000000,4576000000,4863070000.0
AMD,2008-09-27,2.94,608000000,1787520000.0,1108000000,4968000000,5647520000.0
AMD,2008-06-28,4.19,607000000,2543330000.0,1310000000,5015000000,6248330000.0
AMD,2008-03-29,6.0,606000000,3636000000.0,1404000000,5025000000,7257000000.0
AMD,2007-12-29,7.46,579000000,4319340000.0,1432000000,5031000000,7918340000.0
AMD,2007-09-29,12.88,511000000,6581680000.0,1096000000,5117000000,10602680000.0
AMD,2007-06-30,13.79,552000000,7612080000.0,1304000000,5318000000,11626080000.0
AMD,2007-03-31,13.82,548000000,7573360000.0,991000000,3659000000,10241360000.0
AMD,2006-12-31,15.79,533000000,8416070000.0,1380000000,3672000000,10708070000.0
AMD,2006-10-01,21.27,496800000,10566936000.0,1385000000,644000000,9825936000.0
AMD,2006-07-02,19.1,500200000,9553820000.0,689000000,647000000,9511820000.0
AMD,2006-03-26,33.41,495300000,16547972999.999998,829000000,616000000,16334972999.999998
AMD,2005-12-25,36.77,452300000,16631071000.000002,633000000,1327000000,17325071000.0
AMD,2005-09-25,22.35,443700000,9916695000.0,806000000,1785000000,10895695000.0
AMD,2005-06-26,19.85,405700000,8053145000.000001,1220000000,1642000000,8475145000.000001
AMD,2005-03-27,14.62,393100000,5747122000.0,662000000,1622000000,6707122000.0
AMD,2004-12-26,15.75,375300000,5910975000.0,918000000,1628000000,6620975000.0
AMD,2004-09-26,15.62,417600000,6522912000.0,991000000,1827000000,7358912000.0
AMD,2004-06-27,11.61,420100000,4877361000.0,911000000,1748000000,5714361000.0
AMD,2004-03-28,15.59,418000000,6516620000.0,1169000000,1801000000,7148620000.0
AMD,2003-12-28,15.56,416200000,6476072000.0,1186000000,1900000000,7190072000.0
AMD,2003-09-28,14.85,347300000,5157405000.0,995000000,1881000000,6043405000.0
AMD,2003-06-29,7.31,346300000,2531453000.0,703000000,1587000000,3415453000.0
AMD,2003-03-30,7.66,345000000,2642700000.0,429000000,1774000000,3987700000.0
AMD,2002-12-29,5.3,343900000,1822670000.0,398000000,1571000000,2995670000.0
AMD,2002-09-29,5.83,342800000,1998524000.0,533000000,1246000000,2711524000.0
AMD,2002-06-30,8.45,341800000,2888209999.9999995,506000000,1223000000,3605209999.9999995
AMD,2002-03-31,11.18,340800000,3810144000.0,298000000,1124000000,4636144000.0
AMD,2001-12-30,15.89,340100000,5404189000.0,427000000,736000000,5713189000.0
AMD,2001-09-30,9.43,345000000,3253350000.0,397000000,796000000,3652350000.0
AMD,2001-07-01,18.26,340500000,6217530000.000001,393000000,755000000,6579530000.000001
AMD,2001-04-01,31.86,351800000,11208348000.0,1056000000,1393000000,11545348000.0
AMD,2000-12-31,24.02,349800000,8402196000.0,591000000,1168000000,8979196000.0
AMD,2000-10-01,22.63,352900000,7986127000.0,582000000,1223000000,8627127000.0
AMD,2000-07-02,33.88,352400000,11939312000.0,710000000,1482000000,12711312000.0
AMD,2000-04-02,44.75,344400000,15411900000.0,380000000,1474000000,16505900000.0
AMD,1999-12-26,20.0,308300000,6166000000.0,294000000,1427000000,7299000000.0
AMD,1999-09-26,9.56,295200000,2822112000.0,93000000,1454000000,4183112000.0
AMD,1999-06-27,8.28,299100000,2476548000.0,221000000,1447000000,3702548000.0
AMD,1999-03-28,8.34,291800000,2433612000.0,164000000,1546000000,3815612000.0
AMD,1998-12-27,11.0,299900000,3298900000.0,362000000,1378000000,4314900000.0
AMD,1998-09-27,8.72,293300000,2557576000.0,136000000,1369000000,3790576000.0
AMD,1998-06-28,8.25,286900000,2366925000.0,160000000,1148000000,3354925000.0
AMD,1998-03-29,13.72,285000000,3910200000.0,192000000,671000000,4389200000.0
AMD,1997-12-28,9.38,283800000,2662044000.0,241000000,670000000,3091044000.0
AMD,1997-09-28,12.5,282100000,3526250000.0,163000000,687000000,4050250000.0
AMD,1997-06-29,17.25,295800000,5102550000.0,161000000,691000000,5632550000.0
AMD,1997-03-30,21.31,293500000,6254485000.0,225000000,695000000,6724485000.0
AMD,1996-12-29,15.81,274200000,4335102000.0,166000000,460000000,4629102000.0
AMD,1996-09-29,8.94,271000000,2422740000.0,361000000,458000000,2519740000.0
AMD,1996-06-30,6.0,269400000,1616400000.0,282000000,214000000,1548400000.0
AMD,1996-03-31,9.31,276800000,2577008000.0,409000000,220000000,2388008000.0
AMD,1995-12-31,10.0,278200000,2782000000.0,126000000,242000000,2898000000.0
AMD,1995-10-01,11.75,278900000,3277075000.0,493000000,241000000,3025075000.0
AMD,1995-07-02,15.81,275300000,4352493000.0,549000000,253000000,4056493000.0
AMD,1995-04-02,17.38,268800000,4671744000.0,488000000,254000000,4437744000.0
AMD,1994-12-25,15.63,211000000,3297930000.0,378000000,108000000,3027930000.0
AMD,1994-09-25,12.13,209700000,2543661000.0,553000000,115000000,2105661000.0
AMD,1994-06-26,12.81,208500000,2670885000.0,571000000,119000000,2218885000.0
AMD,1994-03-27,13.44,207300000,2786112000.0,543000000,114000000,2357112000.0
AMD,1993-12-26,10.0,205500000,2055000000.0,488000000,111000000,1678000000.0
AMD,1993-09-26,9.69,205500000,1991295000.0,433000000,79000000,1637295000.0
AMD,1993-06-27,12.19,203900000,2485541000.0,411000000,63000000,2137541000.0
AMD,1993-03-28,14.88,201600000,2999808000.0,397000000,54000000,2656808000.0
AMD,1992-12-27,9.81,199200000,1954152000.0,364000000,61000000,1651152000.0
AMD,1992-09-27,7.38,195500000,1442790000.0,429000000,75000000,1088790000.0
AMD,1992-06-28,4.25,196500000,835125000.0,382000000,78000000,531125000.0
AMD,1992-03-29,7.75,196600000,1523650000.0,382000000,77000000,1218650000.0
AMD,1991-12-29,10.38,197000000,2044860000.0000002,301000000,93000000,1836860000.0000002
AMD,1991-09-29,5.5,177300000,975150000.0,128000000,202000000,1049150000.0
AMD,1991-06-30,5.38,176800000,951184000.0,122000000,204000000,1033184000.0
AMD,1991-03-31,6.13,174900000,1072137000.0,117000000,203000000,1158137000.0
AMD,1990-12-30,3.44,163800000,563472000.0,115000000,188000000,636472000.0
AMD,1990-09-30,2.0,164200000,328400000.0,129000000,187000000,386400000.0
AMD,1990-07-01,3.5,163500000,572250000.0,177000000,184000000,579250000.0
AMD,1990-04-01,4.38,166100000,727518000.0,229000000,179000000,677518000.0
AMD,1989-12-31,3.63,163800000,594594000.0,279000000,174000000,489594000.0
