symbol,date,stockPrice,numberOfShares,marketCapitalization,minusCashAndCashEquivalents,addTotalDebt,enterpriseValue
AMZN,2020-06-30,2758.8201,509000000,1404239430900.0,37466000000,49857000000,1416630430900.0
AMZN,2020-03-31,1949.72,506000000,986558320000.0,27201000000,39932000000,999289320000.0
AMZN,2019-12-31,1847.84,505000000,933159200000.0,36092000000,40509000000,937576200000.0
AMZN,2019-09-30,1735.91,504000000,874898640000.0,23255000000,38468000000,890111640000.0
AMZN,2019-06-30,1922.1899,503000000,966861519700.0,22616000000,38679000000,982924519700.0
AMZN,2019-03-31,1814.1899,502000000,910723329800.0,23115000000,38206000000,925814329800.0
AMZN,2018-12-31,1501.97,500000000,750985000000.0,31750000000,39787000000,759022000000.0
AMZN,2018-09-30,2004.36,501000000,1004184360000.0,20425000000,39884000000,1023643360000.0
AMZN,2018-06-30,1699.8,500000000,849900000000.0,19823000000,38838000000,868915000000.0
AMZN,2018-03-31,1371.99,498000000,683251020000.0,16676000000,37940000000,704515020000.0
AMZN,2017-12-31,1189.01,496000000,589748960000.0,20522000000,37926000000,607152960000.0
AMZN,2017-09-30,961.35,494000000,474906900000.0,12767000000,36610000000,498749900000.0
AMZN,2017-06-30,968.0,492000000,476256000000.0,13203000000,17483000000,480536000000.0
AMZN,2017-03-31,886.54,490000000,434404600000.0,15440000000,15991000000,434955600000.0
AMZN,2016-12-31,749.87,487000000,365186690000.0,19334000000,15213000000,361065690000.0
AMZN,2016-09-30,837.31,485000000,406095350000.0,13656000000,15105000000,407544350000.0
AMZN,2016-06-30,715.62,483000000,345644460000.0,12521000000,14312000000,347435460000.0
AMZN,2016-03-31,593.64,481000000,285540840000.0,12470000000,14219000000,287289840000.0
AMZN,2015-12-31,675.89,480000000,324427200000.0,15890000000,14175000000,322712200000.0
AMZN,2015-09-30,511.89,478000000,244683420000.0,10709000000,8243000000,242217420000.0
AMZN,2015-06-30,434.09,476000000,206626840000.0,10269000000,8250000000,204607840000.0
AMZN,2015-03-31,372.1,465000000,173026500000.0,10237000000,8257000000,171046500000.0
AMZN,2014-12-31,310.35,472000000,146485200000.0,14557000000,11291000000,143219200000.0
AMZN,2014-09-30,322.44,463000000,149289720000.0,5258000000,3099000000,147130720000.0
AMZN,2014-06-30,324.78,461000000,149723580000.0,5057000000,3119000000,147785580000.0
AMZN,2014-03-31,336.37,468000000,157421160000.0,5074000000,3147000000,155494160000.0
AMZN,2013-12-31,398.79,468000000,186633720000.0,8658000000,4626000000,182601720000.0
AMZN,2013-09-30,312.64,457000000,142876480000.0,3872000000,3043000000,142047480000.0
AMZN,2013-06-30,282.1,456000000,128637600000.00002,3704000000,3042000000,127975600000.00002
AMZN,2013-03-31,261.61,463000000,121125430000.0,4481000000,3040000000,119684430000.0
AMZN,2012-12-31,250.87,461000000,115651070000.0,8084000000,3821000000,111388070000.0
AMZN,2012-09-30,252.01,452000000,113908520000.0,2980000000,0,110928520000.0
AMZN,2012-06-30,228.35,458000000,104584300000.0,2335000000,0,102249300000.0
AMZN,2012-03-31,202.51,460000000,93154600000.0,2288000000,0,90866600000.0
AMZN,2011-12-31,173.1,462000000,79972200000.0,5269000000,255000000,74958200000.0
AMZN,2011-09-30,216.23,461000000,99682030000.0,2823000000,0,96859030000.0
AMZN,2011-06-30,204.49,460000000,94065400000.0,2047000000,0,92018400000.0
AMZN,2011-03-31,180.13,459000000,82679670000.0,2641000000,0,80038670000.0
AMZN,2010-12-31,180.0,458000000,82440000000.0,3777000000,184000000,78847000000.0
AMZN,2010-09-30,157.06,456000000,71619360000.0,1539000000,164000000,70244360000.0
AMZN,2010-06-30,109.26,455000000,49713300000.0,1629000000,132000000,48216300000.0
AMZN,2010-03-31,135.77,454000000,61639580000.00001,1844000000,131000000,59926580000.00001
AMZN,2009-12-31,134.52,450000000,60534000000.00001,3444000000,252000000,57342000000.00001
AMZN,2009-09-30,93.36,441000000,41171760000.0,2514000000,116000000,38773760000.0
AMZN,2009-06-30,83.66,440000000,36810400000.0,1936000000,109000000,34983400000.0
AMZN,2009-03-31,73.44,437000000,32093280000.0,1701000000,74000000,30466280000.0
AMZN,2008-12-31,51.28,436000000,22358080000.0,2769000000,409000000,19998080000.0
AMZN,2008-09-30,72.76,436000000,31723360000.000004,1650000000,393000000,30466360000.000004
AMZN,2008-06-30,73.33,430000000,31531900000.0,1548000000,433000000,30416900000.0
AMZN,2008-03-31,71.3,426000000,30373800000.0,1496000000,467000000,29344800000.0
AMZN,2007-12-31,92.64,427000000,39557280000.0,2539000000,1282000000,38300280000.0
AMZN,2007-09-30,93.41,425000000,39699250000.0,1366000000,1273000000,39606250000.0
AMZN,2007-06-30,68.41,423000000,28937430000.0,1004000000,1256000000,29189430000.0
AMZN,2007-03-31,39.79,420000000,16711800000.0,748000000,1251000000,17214800000.0
AMZN,2006-12-31,39.46,422000000,16652120000.0,1022000000,1247000000,16877120000.0
AMZN,2006-09-30,32.12,424000000,13618879999.999998,693000000,1234000000,14159879999.999998
AMZN,2006-06-30,38.68,425000000,16439000000.0,683000000,1237000000,16993000000.0
AMZN,2006-03-31,36.53,426000000,15561780000.0,507000000,1191000000,16245780000.0
AMZN,2005-12-31,47.15,426000000,20085900000.0,1013000000,1480000000,20552900000.0
AMZN,2005-09-30,45.3,428000000,19388400000.0,600000000,1513000000,20301400000.0
AMZN,2005-06-30,33.09,425000000,14063250000.000002,629000000,1521000000,14955250000.000002
AMZN,2005-03-31,34.27,424000000,14530480000.000002,533000000,1561000000,15558480000.000002
AMZN,2004-12-31,44.29,425000000,18823250000.0,1303000000,1855000000,19375250000.0
AMZN,2004-09-30,40.86,425000000,17365500000.0,746000000,1779000000,18398500000.0
AMZN,2004-06-30,54.4,425000000,23120000000.0,701000000,1763000000,24182000000.0
AMZN,2004-03-31,43.28,425000000,18394000000.0,769000000,1778000000,19403000000.0
AMZN,2003-12-31,52.62,425000000,22363500000.0,1102000000,1945000000,23206500000.0
AMZN,2003-09-30,48.43,390000000,18887700000.0,666000000,2081000000,20302700000.0
AMZN,2003-06-30,36.32,394000000,14310080000.0,642000000,2074000000,15742080000.0
AMZN,2003-03-31,26.03,389000000,10125670000.0,496000000,2296000000,11925670000.0
AMZN,2002-12-31,18.89,407000000,7688230000.0,738000000,2277000000,9227230000.0
AMZN,2002-09-30,15.93,380000000,6053400000.0,328000000,2265000000,7990400000.0
AMZN,2002-06-30,13.55,377000000,5108350000.0,270000000,2218000000,7056350000.0
AMZN,2002-03-31,14.8,373000000,5520400000.0,297000000,2152000000,7375400000.0
AMZN,2001-12-31,10.82,384000000,4154880000.0,540000000,2156000000,5770880000.0
AMZN,2001-09-30,6.01,368000000,2211680000.0,432000000,2172000000,3951680000.0
AMZN,2001-06-30,14.15,360000000,5094000000.0,463000000,2127000000,6758000000.0
AMZN,2001-03-31,10.23,357000000,3652110000.0,447000000,2119000000,5324110000.0
AMZN,2000-12-31,13.875,356000000,4939500000.0,822000000,2127000000,6244500000.0
AMZN,2000-09-30,38.4375,354000000,13606875000.0,647000000,2083000000,15042875000.0
AMZN,2000-06-30,36.3125,350000000,12709375000.0,720000000,2132000000,14121375000.0
AMZN,2000-03-31,67.0,344000000,23048000000.0,84000000,2137000000,25101000000.0
AMZN,1999-12-31,76.125,338000000,25730250000.0,133000000,1466000000,27063250000.0
AMZN,1999-09-30,79.9375,332000000,26539250000.0,43000000,1462000000,27958250000.0
AMZN,1999-06-30,62.5625,322000000,20145125000.0,43000000,1449000000,21551125000.0
AMZN,1999-03-31,86.0938,314000000,27033453200.0,5000000,1534000000,28562453200.0
AMZN,1998-12-31,53.5417,309000000,16544385300.0,26000000,348000000,16866385300.0
AMZN,1998-09-30,18.6042,301000000,5599864200.0,15000000,340000000,5924864200.0
AMZN,1998-06-30,16.625,293000000,4871125000.0,3000000,332000000,5200125000.0
AMZN,1998-03-31,7.1276,283000000,2017110800.0,99000000,77000000,1995110800.0
AMZN,1997-12-31,5.0208,279000000,1400803200.0,2000000,77000000,1475803200.0
AMZN,1997-09-30,4.3385,275000000,1193087500.0,45000000,0,1148087500.0
AMZN,1997-06-30,1.5417,256000000,394675200.0,48000000,0,346675200.0
