symbol,date,stockPrice,numberOfShares,marketCapitalization,minusCashAndCashEquivalents,addTotalDebt,enterpriseValue
BA,2020-06-30,161.949997,566400000,91728478300.8,19992000000,58457000000,130193478300.8
BA,2020-03-31,141.02,565900000,79803218000.0,15039000000,33754000000,98518218000.0
BA,2019-12-31,323.3,567200000,183375760000.0,9485000000,19962000000,193852760000.0
BA,2019-09-30,346.06,568600000,196769716000.0,9763000000,20298000000,207304716000.0
BA,2019-06-30,347.46,564700000,196210662000.0,9167000000,14859000000,201902662000.0
BA,2019-03-31,377.69,572400000,216189756000.0,6836000000,11363000000,220716756000.0
BA,2018-12-31,387.72,577400000,223869528000.00003,7637000000,10657000000,226889528000.00003
BA,2018-09-30,349.91,580000000,202947800000.0,8034000000,10487000000,205400800000.0
BA,2018-06-30,351.06,589000000,206774340000.0,8121000000,10507000000,209160340000.0
BA,2018-03-31,333.56,597000000,199135320000.0,9235000000,10471000000,200371320000.0
BA,2017-12-31,337.71,604000000,203976840000.0,8813000000,9782000000,204945840000.0
BA,2017-09-30,259.25,606000000,157105500000.0,8569000000,9780000000,158316500000.0
BA,2017-06-30,241.27,610000000,147174700000.0,8737000000,10055000000,148492700000.0
BA,2017-03-31,184.83,620000000,114594600000.00002,8190000000,10432000000,116836600000.00002
BA,2016-12-31,165.57,631000000,104474670000.0,8801000000,9568000000,105241670000.0
BA,2016-09-30,143.01,632000000,90382320000.0,8986000000,9824000000,91220320000.0
BA,2016-06-30,133.66,635000000,84874100000.0,8605000000,9847000000,86116100000.0
BA,2016-03-31,134.8,665000000,89642000000.0,7886000000,8721000000,90477000000.0
BA,2015-12-31,120.13,681000000,81808530000.0,11302000000,8730000000,79236530000.0
BA,2015-09-30,148.07,688000000,101872160000.0,9383000000,8402000000,100891160000.0
BA,2015-06-30,143.01,698000000,99820980000.0,9157000000,8904000000,99567980000.0
BA,2015-03-31,143.34,713000000,102201420000.0,8655000000,8905000000,102451420000.0
BA,2014-12-31,145.37,724000000,105247880000.0,11733000000,8141000000,101655880000.0
BA,2014-09-30,123.82,731000000,90512420000.0,6655000000,7301000000,91158420000.0
BA,2014-06-30,122.29,739000000,90372310000.0,7533000000,7292000000,90131310000.0
BA,2014-03-31,129.02,753000000,97152060000.00002,6942000000,7275000000,97485060000.00002
BA,2013-12-31,126.53,761000000,96289330000.0,9088000000,8072000000,95273330000.0
BA,2013-09-30,129.68,769000000,99723920000.0,10041000000,8677000000,98359920000.0
BA,2013-06-30,105.73,772000000,81623560000.0,8694000000,8695000000,81624560000.0
BA,2013-03-31,91.41,767000000,70111470000.0,8335000000,8254000000,70030470000.0
BA,2012-12-31,74.59,759000000,56613810000.0,10341000000,8973000000,55245810000.0
BA,2012-09-30,71.11,765000000,54399150000.0,6582000000,9014000000,56831150000.0
BA,2012-06-30,74.86,762000000,57043320000.0,6305000000,8735000000,59473320000.0
BA,2012-03-31,76.8,757000000,58137600000.0,6718000000,8817000000,60236600000.0
BA,2011-12-31,74.16,747000000,55397520000.0,10049000000,10018000000,55366520000.0
BA,2011-09-30,68.17,754000000,51400180000.0,5954000000,10777000000,56223180000.0
BA,2011-06-30,70.47,753000000,53063910000.0,5050000000,10324000000,58337910000.0
BA,2011-03-31,79.78,749000000,59755220000.0,5670000000,10723000000,64808220000.0
BA,2010-12-31,69.23,750000000,51922500000.0,5359000000,11473000000,58036500000.0
BA,2010-09-30,70.64,745000000,52626800000.0,2864000000,11466000000,61228800000.0
BA,2010-06-30,68.14,743000000,50628020000.0,4468000000,11439000000,57599020000.0
BA,2010-03-31,72.43,740000000,53598200000.00001,4517000000,11464000000,60545200000.00001
BA,2009-12-31,60.6,724000000,43874400000.0,9215000000,12217000000,46876400000.0
BA,2009-09-30,47.8,701000000,33507799999.999996,6095000000,10065000000,37477800000.0
BA,2009-06-30,43.24,707000000,30570680000.0,4599000000,8700000000,34671680000.0
BA,2009-03-31,40.05,707000000,28315349999.999996,4237000000,8742000000,32820349999.999996
BA,2008-12-31,42.31,705000000,29828550000.0,3268000000,6952000000,33512550000.0
BA,2008-09-30,50.7,722000000,36605400000.0,4186000000,7217000000,39636400000.0
BA,2008-06-30,63.82,733000000,46780060000.0,5619000000,7240000000,48401060000.0
BA,2008-03-31,84.86,747000000,63390420000.0,7707000000,7428000000,63111420000.0
BA,2007-12-31,82.87,761000000,63064070000.0,7042000000,7455000000,63477070000.0
BA,2007-09-30,97.33,773000000,75236090000.0,8948000000,7555000000,73843090000.0
BA,2007-06-30,105.54,777000000,82004580000.0,7156000000,8094000000,82942580000.0
BA,2007-03-31,93.0,777000000,72261000000.0,4836000000,8149000000,75574000000.0
BA,2006-12-31,86.0,783000000,67338000000.0,6118000000,8157000000,69377000000.0
BA,2006-09-30,80.22,784000000,62892480000.0,5198000000,8549000000,66243480000.0
BA,2006-06-30,78.91,736000000,58077760000.0,7567000000,8962000000,59472760000.0
BA,2006-03-31,83.45,792000000,66092400000.0,6781000000,9057000000,68368400000.0
BA,2005-12-31,69.03,792000000,54671760000.0,5412000000,9538000000,58797760000.0
BA,2005-09-30,65.64,803000000,52708920000.0,4547000000,10136000000,58297920000.0
BA,2005-06-30,66.01,807000000,53270070000.00001,4961000000,10223000000,58532070000.00001
BA,2005-03-31,59.52,807000000,48032640000.0,3330000000,10782000000,55484640000.0
BA,2004-12-31,49.92,813000000,40584960000.0,3204000000,10879000000,48259960000.0
BA,2004-09-30,49.9,815000000,40668500000.0,4312000000,11050000000,47406500000.0
BA,2004-06-30,50.75,812000000,41209000000.0,6184000000,11084000000,46109000000.0
BA,2004-03-31,42.69,811000000,34621590000.0,3950000000,13107000000,43778590000.0
BA,2003-12-31,41.75,809000000,33775750000.0,4633000000,13299000000,42441750000.0
BA,2003-09-30,38.77,809000000,31364930000.000004,1733000000,13320000000,42951930000.0
BA,2003-07-30,37.39,3649122807,136440701753.73,1879000000,14588000000,149149701753.72998
BA,2003-06-30,32.52,800000000,26016000000.000004,1879000000,13083000000,37220000000.0
BA,2003-03-31,27.28,800000000,21824000000.0,1993000000,13207000000,33038000000.0
BA,2002-12-31,30.66,808000000,24773280000.0,2333000000,12589000000,35029280000.0
BA,2002-09-30,30.2,808000000,24401600000.0,1702000000,11988000000,34687600000.0
BA,2002-06-30,41.65,808000000,33653200000.0,816000000,11312000000,44149200000.0
BA,2002-03-31,44.6,808000000,36036800000.0,643000000,11325000000,46718800000.0
BA,2001-12-31,40.0,806000000,32240000000.0,633000000,10866000000,42473000000.0
BA,2001-09-30,33.03,815000000,26919450000.0,1572000000,9306000000,34653450000.0
BA,2001-06-30,57.4,845000000,48503000000.0,1502000000,9810000000,56811000000.0
BA,2001-03-31,61.8,852000000,52653600000.0,1552000000,8238000000,59339600000.0
BA,2000-12-31,56.15,867000000,48682050000.0,1010000000,7567000000,55239050000.0
BA,2000-09-30,64.69,873000000,56474370000.0,6162000000,7081000000,57393370000.0
BA,2000-06-30,48.81,876000000,42757560000.0,4772000000,5657000000,43642560000.0
BA,2000-03-31,39.69,878000000,34847820000.0,2628000000,5709000000,37928820000.0
BA,1999-12-31,44.63,895000000,39943850000.0,3354000000,5980000000,42569850000.0
BA,1999-09-30,46.06,924000000,42559440000.0,2673000000,5909000000,45795440000.0
BA,1999-06-30,45.38,941000000,42702580000.0,2777000000,6097000000,46022580000.0
BA,1999-03-31,40.63,945000000,38395350000.0,2398000000,6162000000,42159350000.0
BA,1998-12-31,34.69,960000000,33302399999.999996,2183000000,6103000000,37222400000.0
BA,1998-09-30,37.56,977000000,36696120000.0,2435000000,6261000000,40522120000.0
BA,1998-06-30,39.13,985000000,38543050000.0,3154000000,6438000000,41827050000.0
BA,1998-03-31,50.06,985000000,49309100000.0,4092000000,6430000000,51647100000.0
BA,1997-12-31,47.63,976000000,46486880000.0,4420000000,6123000000,48189880000.0
BA,1997-09-30,47.05,969000000,45591450000.0,4820000000,6353000000,47124450000.0
BA,1997-06-30,58.69,983000000,57692270000.0,5580000000,6468000000,58580270000.0
BA,1997-03-31,49.31,983000000,48471730000.0,5248000000,7025000000,50248730000.0
BA,1996-12-31,52.88,956000000,50553280000.0,5469000000,6852000000,51936280000.0
BA,1996-09-30,47.13,970000000,45716100000.0,5183000000,5322000000,45855100000.0
BA,1996-06-30,43.88,970000000,42563600000.0,5259000000,5300000000,42604600000.0
BA,1996-03-31,41.06,979000000,40197740000.0,4950000000,5327000000,40574740000.0
BA,1995-12-31,38.81,980000000,38033800000.0,4527000000,5064000000,38570800000.0
BA,1995-09-30,33.56,979000000,32855240000.000004,4861000000,4913000000,32907240000.000004
BA,1995-06-30,34.06,981000000,33412860000.000004,4354000000,5010000000,34068860000.000004
BA,1995-03-31,27.5,983000000,27032500000.0,3684000000,5034000000,28382500000.0
BA,1994-12-31,22.44,990000000,22215600000.0,2505000000,5172000000,24882600000.0
BA,1994-09-30,21.88,989000000,21639320000.0,2123000000,5211000000,24727320000.0
BA,1994-06-30,22.31,988000000,22042280000.0,2759000000,5330000000,24613280000.0
BA,1994-03-31,22.5,988000000,22230000000.0,3157000000,5513000000,24586000000.0
BA,1993-12-31,21.31,987000000,21032970000.0,2428000000,5751000000,24355970000.0
BA,1993-09-30,18.75,985000000,18468750000.0,2329000000,5863000000,22002750000.0
BA,1993-06-30,19.69,985000000,19394650000.0,3102000000,5947000000,22239650000.0
BA,1993-03-31,19.0,984000000,18696000000.0,3216000000,5723000000,21203000000.0
BA,1992-12-31,17.63,979000000,17259770000.0,2793000000,6013000000,20479770000.0
BA,1992-09-30,18.0,983000000,17694000000.0,3917000000,6212000000,19989000000.0
BA,1992-06-30,19.69,984000000,19374960000.0,3736000000,5803000000,21441960000.0
BA,1992-03-31,22.0,983000000,21626000000.0,3343000000,5607000000,23890000000.0
BA,1991-12-31,26.38,988000000,26063440000.0,3167000000,5528000000,28424440000.0
BA,1991-09-30,24.5,984000000,24108000000.0,2792000000,5795000000,27111000000.0
BA,1991-06-30,23.25,985000000,22901250000.0,2342000000,5541000000,26100250000.0
BA,1991-03-31,22.88,986000000,22559680000.0,2211000000,6107000000,26455680000.0
BA,1990-12-31,23.94,988000000,23652720000.0,2414000000,5895000000,27133720000.0
BA,1990-09-30,22.25,988000000,21983000000.0,3146000000,5786000000,24623000000.0
BA,1990-06-30,29.31,989000000,28987590000.0,3234000000,5521000000,31274590000.0
BA,1990-03-31,23.25,993000000,23087250000.0,2408000000,5220000000,25899250000.0
