symbol,date,stockPrice,numberOfShares,marketCapitalization,minusCashAndCashEquivalents,addTotalDebt,enterpriseValue
BAC,2020-06-30,23.5857,8768100000,206801776170.0,289346000000.0,261530000000,178985776170
BAC,2020-03-31,20.9371,8862700000,185559236170.0,30052000000.0,253601000000,409108236170
BAC,2019-12-31,34.5139,9074500000,313196385550.0,161560000000.0,216602000000,368238385550
BAC,2019-09-30,28.43,9353000000,265905790000.0,157094000000.0,236167000000,344978790000
BAC,2019-06-30,28.4859,9559600000,272313809640.0,171394000000.0,238011000000,338930809640
BAC,2019-03-31,27.4853,9787300000,269006876690.0,171623000000.0,233929000000,331312876690
BAC,2018-12-31,23.6089,9993900000,235944985709.99997,177404000000.0,229392000000,287932985710
BAC,2018-09-30,28.2514,10171000000,287344989400.0,184858000000.0,211842000000,314328989400
BAC,2018-06-30,26.731,10309000000,275569879000.0,171199000000.0,201531000000,305901879000
BAC,2018-03-31,27.6799,10473000000,289891592700.0,204241000000.0,197975000000,283625592700
BAC,2017-12-31,28.1316,10652000000,299657803200.0,157434000000.0,183208000000,325431803200
BAC,2017-09-30,23.7401,10747000000,255134854700.00003,172381000000.0,220247000000,303000854700
BAC,2017-06-30,22.6126,10835000000,245007521000.0,158704000000.0,203413000000,289716521000
BAC,2017-03-31,21.9161,10920000000,239323812000.0,168025000000.0,188974000000,260272812000
BAC,2016-12-31,20.4695,11047000000,226126566500.0,147738000000.0,216823000000,295211566500
BAC,2016-09-30,14.4418,11000000000,158859800000.0,143434000000.0,216895000000,232320800000
BAC,2016-06-30,12.1888,11059000000,134795939200.0,171207000000.0,212062000000,175650939200
BAC,2016-03-31,12.3764,11100000000,137378040000.0,179610000000.0,202772000000,160540040000
BAC,2015-12-31,15.3481,11243000000,172558688300.0,159353000000.0,236764000000,249969688300
BAC,2015-09-30,14.1682,11197000000,158641335400.0,170426000000.0,225881000000,214096335400
BAC,2015-06-30,15.4281,11288000000,174152392800.0,163514000000.0,214481000000,225119392800
BAC,2015-03-31,13.9088,11267000000,156710449600.0,162543000000.0,209876000000,204043449600
BAC,2014-12-31,16.1178,10575000000,170445735000.0,138589000000.0,212415000000,244271735000
BAC,2014-09-30,15.3162,10516000000,161065159200.0,128659000000.0,243302000000,275708159200
BAC,2014-06-30,13.7646,11265000000,155058219000.0,152899000000.0,238813000000,240972219000
BAC,2014-03-31,15.3936,10561000000,162571809600.0,151645000000.0,221730000000,232656809600
BAC,2013-12-31,13.9265,11395000000,158692467500.0,131322000000.0,249674000000,277044467500
BAC,2013-09-30,12.3354,11482000000,141635062800.0,121233000000.0,243493000000,263895062800
BAC,2013-06-30,11.5496,11525000000,133109140000.0,98828000000.0,262480000000,296761140000
BAC,2013-03-31,10.8447,11155000000,120972628500.0,100980000000.0,279641000000,299633628500
BAC,2012-12-31,10.3534,10884000000,112686405600.0,110752000000.0,275585000000,277519405600
BAC,2012-09-30,7.9822,10776000000,86016187200.0,106415000000.0,286534000000,266135187200
BAC,2012-06-30,7.2782,11556000000,84106879200.0,123717000000.0,301848000000,262237879200
BAC,2012-03-31,8.5035,10762000000,91514667000.00002,128792000000.0,354912000000,317634667000
BAC,2011-12-31,4.9343,10283000000,50739406900.0,120102000000.0,372265000000,302902406900
BAC,2011-09-30,5.4206,10464000000,56721158400.0,82865000000.0,398965000000,372821158400
BAC,2011-06-30,9.6955,10095000000,97876072499.99998,115956000000.0,426659000000,408579072500
BAC,2011-03-31,11.782,10181000000,119952542000.0,138241000000.0,434436000000,416147542000
BAC,2010-12-31,11.7824,10037000000,118259948800.00002,174621000000.0,448431000000,392069948800
BAC,2010-09-30,11.5599,9976000000,115321562400.0,131116000000.0,478858000000,463063562400
BAC,2010-06-30,12.6704,8974000000,113704169600.0,151034000000.0,490083000000,452753169600
BAC,2010-03-31,15.7286,10005000000,157364643000.0,144794000000.0,511653000000,524223643000
BAC,2009-12-31,13.2621,8635000000,114518233500.0,196237000000.0,438521000000,356802233500
BAC,2009-09-30,14.8907,8634000000,128566303800.0,152412000000.0,456288000000,432442303800
BAC,2009-06-30,11.6098,6196000000,71934320800.0,140366000000.0,447187000000,378755320800
BAC,2009-03-31,5.9931,6404000000,38379812400.0,173460000000.0,440751000000,305670812400
BAC,2008-12-31,12.339,4957000000,61164423000.0,45354000000.0,268292000000,284102423000
BAC,2008-09-30,29.9893,4548000000,136391336400.0,39341000000.0,257710000000,354760336400
BAC,2008-06-30,20.0515,4444000000,89108866000.0,39127000000.0,206605000000,256586866000
BAC,2008-03-31,31.2337,4461000000,139333535700.0,40512000000.0,202800000000,301621535700
BAC,2007-12-31,33.4327,4470000000,149444169000.0,33091000000.0,197508000000,313861169000
BAC,2007-09-30,40.4459,4476000000,181035848400.0,34956000000.0,185484000000,331563848400
BAC,2007-06-30,38.559,4477000000,172628643000.0,35499000000.0,169317000000,306446643000
BAC,2007-03-31,39.7987,4498000000,179014552600.0,31549000000.0,152562000000,300027552600
BAC,2006-12-31,41.1883,4537000000,186871317100.0,34052000000.0,146000000000,298819317100
BAC,2006-09-30,40.9007,4571000000,186957099700.0,31239000000.0,137739000000,293457099700
BAC,2006-06-30,36.3311,4601000000,167159391100.0,34545000000.0,129056000000,261670391100
BAC,2006-03-31,34.0443,4666000000,158850703800.0,32575000000.0,123178000000,249453703800
BAC,2005-12-31,34.1241,4053000000,138304977300.0,33199000000.0,100848000000,205953977300
BAC,2005-09-30,30.7967,4055000000,124880618500.0,32771000000.0,99149000000,191258618500
BAC,2005-06-30,32.9773,4065000000,134052724500.0,33935000000.0,95638000000,195755724500
BAC,2005-03-31,31.5757,4099000000,129428794300.0,28698000000.0,98107000000,198837794300
BAC,2004-12-31,33.3234,4106000000,136825880400.0,28511000000.0,97116000000,205430880400
BAC,2004-09-30,30.429,4121000000,125397909000.0,29252000000.0,99582000000,195727909000
BAC,2004-06-30,29.4154,4131000000,121515017400.0,31789000000.0,98082000000,187808017400
BAC,2004-03-31,27.6077,2933000000,80973384100.0,22296000000.0,79474000000,138151384100
BAC,2003-12-31,26.8884,2979000000,80100543600.0,22637000000.0,75343000000,132806543600
BAC,2003-09-30,25.5446,3052000000,77962119200.0,22142000000.0,66462000000,122282119200
BAC,2003-06-30,25.3475,3047000000,77233832500.0,25220000000.0,67737000000,119750832500
BAC,2003-03-31,21.0754,3053000000,64343196199.99999,25069000000.0,69473000000,108747196200
BAC,2002-12-31,21.5235,3085000000,66399997499.99999,21166000000.0,67176000000,112409997500
BAC,2002-09-30,19.3738,3093000000,59923163400.0,24469000000.0,65985000000,101439163400
BAC,2002-06-30,20.6529,3185000000,65779486500.0,21309000000.0,64711000000,109181486500
BAC,2002-03-31,19.997,3164000000,63270508000.0,0.0,65566000000,128836508000
BAC,2001-12-31,18.1229,3206000000,58102017400.00001,0.0,68026000000,126128017400
BAC,2001-09-30,16.6447,3268000000,54394879600.0,0.0,66168000000,120562879600
BAC,2001-06-30,16.643,3266000000,54356038000.0,0.0,68198000000,122554038000
BAC,2001-03-31,14.8939,3262000000,48583901800.0,0.0,71999000000,120582901800
BAC,2000-12-31,12.4406,3269000000,40668321400.0,0.0,72502000000,113170321400
BAC,2000-09-30,13.5521,3322000000,45020076200.0,0.0,74367000000,119387076200
BAC,2000-06-30,10.9076,3352000000,36562275200.0,0.0,74200000000,110762275200
BAC,2000-03-31,13.0594,3377000000,44101593800.0,0.0,67014000000,111115593800
BAC,1999-12-31,12.2274,3437000000,42025573800.0,0.0,60441000000,102466573800
BAC,1999-09-30,13.3359,3510000000,46809009000.0,0.0,59307000000,106116009000
BAC,1999-06-30,17.2955,3574000000,61814117000.0,0.0,60014000000,121828117000
BAC,1999-03-31,16.4248,3559000000,58455863200.00001,0.0,55853000000,114308863200
BAC,1998-12-31,13.7972,3522000000,48593738400.0,0.0,50842000000,99435738400
BAC,1998-09-30,12.1071,3569000000,43210239900.0,0.0,52470000000,95680239900
BAC,1998-06-30,17.1245,3569000000,61117340500.00001,0.0,47739000000,108856340500
BAC,1998-03-31,16.1228,1899000000,30617197200.000004,0.0,32252000000,62869197200
BAC,1997-12-31,13.2944,3549000000,47181825600.0,0.0,47465000000,94646825600
BAC,1997-09-30,13.36,3546000000,47374560000.0,0.0,44967000000,92341560000
BAC,1997-06-30,13.7837,3581000000,49359429700.0,0.0,44849000000,94208429700
BAC,1997-03-31,11.7183,3590000000,42068697000.0,0.0,43240000000,85308697000
BAC,1996-12-31,10.21,3312000000,33815520000.000004,0.0,43006000000,76821520000
BAC,1996-09-30,8.8346,3311000000,29251360600.0,0.0,38715000000,67966360600
BAC,1996-06-30,8.331,3356000000,27958836000.0,0.0,36708000000,64666836000
BAC,1996-03-31,7.9567,3385000000,26933429500.0,0.0,35121000000,62054429500
BAC,1995-12-31,6.4643,3227000000,20860296100.0,0.0,34294000000,55154296100
BAC,1995-09-30,6.064,3300000000,20011200000.0,0.0,32774000000,52785200000
BAC,1995-06-30,4.6373,3317000000,15381924100.0,0.0,27719000000,43100924100
BAC,1995-03-31,4.0405,3342000000,13503351000.0,0.0,26165000000,39668351000
BAC,1994-12-31,3.4514,3340000000,11527676000.0,0.0,24693000000,36220676000
BAC,1994-09-30,3.584,3262000000,11691008000.0,0.0,23571000000,35262008000
BAC,1994-06-30,3.6322,3208000000,11652097600.0,0.0,22558000000,34210097600
BAC,1994-03-31,3.1278,3245000000,10149711000.0,0.0,23290000000,33439711000
BAC,1993-12-31,3.2236,3265000000,10525054000.0,0.0,23149000000,33674054000
BAC,1993-09-30,3.2676,3172000000,10364827200.0,0.0,21448000000,31812827200
BAC,1993-06-30,3.0454,3172000000,9660008800.0,0.0,20710000000,30370008800
BAC,1993-03-31,3.2411,3160000000,10241876000.0,0.0,21239000000,31480876000
BAC,1992-12-31,2.9571,3057000000,9039854700.0,0.0,20162000000,29201854700
BAC,1992-09-30,2.4732,3114000000,7701544799.999999,0.0,17866000000,25567544800
BAC,1992-06-30,2.5656,2964000000,7604438400.0,0.0,16642000000,24246438400
BAC,1992-03-31,2.3731,2522000000,5984958200.0,0.0,8218000000,14202958200
BAC,1991-12-31,2.0528,2334000000,4791235200.0,0.0,7964000000,12755235200
BAC,1991-09-30,1.7227,2224000000,3831284800.0,0.0,7627000000,11458284800
BAC,1991-06-30,1.7221,2219000000,3821339900.0,0.0,7740000000,11561339900
BAC,1991-03-31,1.555,2136000000,3321480000.0,0.0,7847000000,11168480000
BAC,1990-12-31,0.9772,2146000000,2097071200.0,0.0,7192000000,9289071200
BAC,1990-09-30,0.8719,2131000000,1858018900.0,0.0,1655000000,3513018900
BAC,1990-06-30,1.4392,2133000000,3069813600.0,0.0,1456000000,4525813600
BAC,1990-03-31,1.4322,2127000000,3046289400.0,0.0,1464000000,4510289400
