symbol,date,stockPrice,numberOfShares,marketCapitalization,minusCashAndCashEquivalents,addTotalDebt,enterpriseValue
CMCSA,2020-06-30,43.669998,4607000000,201187680786.0,13935000000,105931000000,293183680786.0
CMCSA,2020-03-31,37.63,4617000000,173737710000.0,8516000000,105770000000,270991710000.0
CMCSA,2019-12-31,44.14,4622000000,204015080000.0,5500000000,102931000000,301446080000.0
CMCSA,2019-09-30,44.69,4619000000,206423110000.0,3507000000,105012000000,307928110000.0
CMCSA,2019-06-30,44.08,4607000000,203076560000.0,3919000000,101248000000,300405560000.0
CMCSA,2019-03-31,43.53,4594000000,199976820000.0,3498000000,104464000000,300942820000.0
CMCSA,2018-12-31,35.43,4595000000,162800850000.0,3814000000,107345000000,266331850000.0
CMCSA,2018-09-30,37.71,4619000000,174182490000.0,10616000000,69711000000,233277490000.0
CMCSA,2018-06-30,35.46,4643000000,164640780000.0,5726000000,61946000000,220860780000.0
CMCSA,2018-03-31,31.39,4705000000,147689950000.0,6030000000,63678000000,205337950000.0
CMCSA,2017-12-31,42.34,4726000000,200098840000.00003,3428000000,59422000000,256092840000.00003
CMCSA,2017-09-30,36.5,4777000000,174360500000.0,4114000000,59720000000,229966500000.0
CMCSA,2017-06-30,39.52,4809000000,190051680000.0,2693000000,57210000000,244568680000.0
CMCSA,2017-03-31,39.19,4832000000,189366080000.0,4022000000,58276000000,243620080000.0
CMCSA,2016-12-31,37.67,4492000000,169213640000.0,3301000000,55566000000,221478640000.0
CMCSA,2016-09-30,30.94,4862000000,150430280000.0,2807000000,57095000000,204718280000.0
CMCSA,2016-06-30,33.63,4892000000,164517960000.0,4665000000,52629000000,212481960000.0
CMCSA,2016-03-31,30.38,4924000000,149591120000.0,5628000000,51515000000,195478120000.0
CMCSA,2015-12-31,27.86,4964000000,138297040000.0,2295000000,48994000000,184996040000.0
CMCSA,2015-09-30,31.31,5004000000,156675240000.0,1893000000,44605000000,199387240000.0
CMCSA,2015-06-30,31.18,5062000000,157833160000.0,3486000000,44636000000,198983160000.0
CMCSA,2015-03-31,28.88,5112000000,147634560000.0,3937000000,42953000000,186650560000.0
CMCSA,2014-12-31,26.58,5186000000,137843880000.0,3910000000,43864000000,177797880000.0
CMCSA,2014-09-30,27.17,5232000000,142153440000.0,4547000000,44827000000,182433440000.0
CMCSA,2014-06-30,27.71,5256000000,145643760000.0,1529000000,43602000000,187716760000.0
CMCSA,2014-03-31,25.88,5290000000,136905200000.0,3054000000,44581000000,178432200000.0
CMCSA,2013-12-31,27.09,5312000000,143902080000.0,1718000000,44567000000,186751080000.0
CMCSA,2013-09-30,23.55,5316000000,125191800000.0,1603000000,44188000000,167776800000.0
CMCSA,2013-06-30,21.36,5332000000,113891520000.0,1389000000,44114000000,156616520000.0
CMCSA,2013-03-31,20.65,5350000000,110477500000.0,1839000000,45049000000,153687500000.0
CMCSA,2012-12-31,19.51,5302000000,103442020000.00002,10951000000,38082000000,130573020000.00002
CMCSA,2012-09-30,18.78,5406000000,101524680000.0,8899000000,35791000000,128416680000.0
CMCSA,2012-06-30,16.11,5434000000,87541740000.0,2101000000,34175000000,119615740000.0
CMCSA,2012-03-31,15.18,5488000000,83307840000.0,2207000000,35080000000,116180840000.0
CMCSA,2011-12-31,13.18,5728000000,75495040000.0,1620000000,37942000000,111817040000.0
CMCSA,2011-09-30,11.93,5430000000,64779900000.0,1806000000,38522000000,101495900000.0
CMCSA,2011-06-30,12.01,5578000000,66991780000.0,1997000000,38209000000,103203780000.0
CMCSA,2011-03-31,13.11,5610000000,73547100000.0,1822000000,38130000000,109855100000.0
CMCSA,2010-12-31,11.42,5600000000,63952000000.0,5984000000,29615000000,87583000000.0
CMCSA,2010-09-30,10.32,5620000000,57998400000.0,4542000000,28738000000,82194400000.0
CMCSA,2010-06-30,9.74,5644000000,54972560000.0,4028000000,28684000000,79628560000.0
CMCSA,2010-03-31,9.89,5674000000,56115860000.0,3483000000,28582000000,81214860000.0
CMCSA,2009-12-31,7.92,5724000000,45334080000.0,671000000,27940000000,72603080000.0
CMCSA,2009-09-30,7.25,5754000000,41716500000.0,862000000,28493000000,69347500000.0
CMCSA,2009-06-30,7.51,5782000000,43422820000.0,3989000000,28870000000,68303820000.0
CMCSA,2009-03-31,7.73,5780000000,44679400000.0,1879000000,29415000000,72215400000.0
CMCSA,2008-12-31,7.33,5776000000,42338080000.0,1195000000,30178000000,71321080000.0
CMCSA,2008-09-30,7.55,6188000000,46719400000.0,2714000000,30601000000,74606400000.0
CMCSA,2008-06-30,10.04,5940000000,59637599999.99999,1767000000,30624000000,88494600000.0
CMCSA,2008-03-31,10.28,6034000000,62029519999.99999,635000000,30009000000,91403520000.0
CMCSA,2007-12-31,8.83,6156000000,54357480000.0,963000000,29828000000,83222480000.0
CMCSA,2007-09-30,10.45,6534000000,68280299999.99999,2949000000,30340000000,95671300000.0
CMCSA,2007-06-30,13.61,6294000000,85661340000.0,828000000,27794000000,112627340000.0
CMCSA,2007-03-31,13.33,6322000000,84272260000.0,1037000000,27222000000,110457260000.0
CMCSA,2006-12-31,14.57,6328000000,92198960000.0,1239000000,27992000000,118951960000.0
CMCSA,2006-09-30,13.43,6326000000,84958180000.0,2774000000,26446000000,108630180000.0
CMCSA,2006-06-30,11.49,6368000000,73168320000.0,973000000,23360000000,95555320000.0
CMCSA,2006-03-31,10.32,6426000000,66316320000.0,1693000000,23249000000,87872320000.0
CMCSA,2005-12-31,9.27,6537000000,60597990000.0,947000000,21682000000,81332990000.0
CMCSA,2005-09-30,9.19,6627000000,60902130000.0,579000000,20107000000,80430130000.0
CMCSA,2005-06-30,10.24,6781000000,69437440000.0,1335000000,19746000000,87848440000.0
CMCSA,2005-03-31,10.7,6666000000,71326200000.0,636000000,19317000000,90007200000.0
CMCSA,2004-12-31,10.75,6687000000,71885250000.0,452000000,20093000000,91526250000.0
CMCSA,2004-09-30,9.83,6729000000,66146070000.0,717000000,22103000000,87532070000.0
CMCSA,2004-06-30,9.13,6801000000,62093130000.00001,594000000,22985000000,84484130000.0
CMCSA,2004-03-31,10.05,6804000000,68380200000.00001,875000000,23240000000,90745200000.0
CMCSA,2003-12-31,11.37,6807000000,77395590000.0,1550000000,23835000000,99680590000.0
CMCSA,2003-09-30,11.13,6771000000,75361230000.0,3245000000,27316000000,99432230000.0
CMCSA,2003-06-30,10.27,6675000000,68552250000.0,1324000000,29923000000,97151250000.0
CMCSA,2003-03-31,10.63,6765000000,71911950000.0,1024000000,30258000000,101145950000.0
CMCSA,2002-12-31,8.72,4749000000,41411280000.0,505000000,31706000000,72612280000.0
CMCSA,2002-09-30,7.95,2877000000,22872150000.0,570000000,9928000000,32230150000.0
CMCSA,2002-06-30,7.28,2855000000,20784400000.0,558000000,10544000000,30770400000.0
CMCSA,2002-03-31,9.4,2854000000,26827600000.0,543000000,11356000000,37640600000.0
CMCSA,2001-12-31,11.9,2853000000,33950700000.0,350000000,11742000000,45342700000.0
CMCSA,2001-09-30,11.75,2855000000,33546250000.0,658000000,11495000000,44383250000.0
CMCSA,2001-06-30,12.26,2897000000,35517220000.0,746000000,11451000000,46222220000.0
CMCSA,2001-03-31,14.38,2895000000,41630100000.0,668000000,10263000000,51225100000.0
CMCSA,2000-12-31,13.96,2902000000,40511920000.0,652000000,10517000000,50376920000.0
CMCSA,2000-09-30,13.6,2897000000,39399200000.0,576000000,8611000000,47434200000.0
CMCSA,2000-06-30,10.25,2924000000,29971000000.0,652000000,10219000000,39538000000.0
CMCSA,2000-03-31,13.0,2510000000,32630000000.0,751000000,10806000000,42685000000.0
CMCSA,1999-12-31,14.33,2266000000,32471780000.0,922000000,8707000000,40256780000.0
CMCSA,1999-09-30,12.67,2472000000,31320240000.0,882000000,6778000000,37216240000.0
CMCSA,1999-06-30,11.9,2446000000,29107400000.0,2194000000,7004000000,33917400000.0
CMCSA,1999-03-31,10.48,2445000000,25623600000.0,1549000000,6169000000,30243600000.0
CMCSA,1998-12-31,10.83,2354000000,25493820000.0,871000000,5464000000,30086820000.0
CMCSA,1998-09-30,8.19,2426000000,19868940000.0,435000000,6597000000,26030940000.0
CMCSA,1998-06-30,7.8,2214000000,17269200000.0,517000000,6659000000,23411200000.0
CMCSA,1998-03-31,5.82,2149000000,12507180000.0,671000000,6627000000,18463180000.0
CMCSA,1997-12-31,5.18,2138000000,11074840000.0,409000000,5334000000,15999840000.0
CMCSA,1997-09-30,4.67,2093000000,9774310000.0,574000000,6700000000,15900310000.0
CMCSA,1997-06-30,3.76,1949000000,7328240000.0,1265000000,6787000000,12850240000.0
CMCSA,1997-03-31,2.65,1955000000,5180750000.0,455000000,7371000000,12096750000.0
CMCSA,1996-12-31,2.98,1547000000,4610060000.0,331000000,7103000000,11382060000.0
CMCSA,1996-09-30,2.4,1400000000,3360000000.0,426000000,7234000000,10168000000.0
CMCSA,1996-06-30,2.31,1415000000,3268650000.0,408000000,7120000000,9980650000.0
CMCSA,1996-03-31,2.92,1437000000,4196040000.0,510000000,7101000000,10787040000.0
CMCSA,1995-12-31,3.04,1439000000,4374560000.0,539000000,6944000000,10779560000.0
CMCSA,1995-09-30,3.0,1439000000,4317000000.0,616000000,6619000000,10320000000.0
CMCSA,1995-06-30,3.44,1438000000,4946720000.0,448000000,6400000000,10898720000.0
CMCSA,1995-03-31,2.59,1436000000,3719240000.0,416000000,6026000000,9329240000.0
CMCSA,1994-12-31,2.48,1435000000,3558800000.0,335000000,4811000000,8034800000.0
CMCSA,1994-09-30,2.83,1431000000,4049730000.0,339000000,3821000000,7531730000.0
CMCSA,1994-06-30,2.71,1433000000,3883430000.0,101000000,3775000000,7557430000.0
CMCSA,1994-03-31,2.63,1371000000,3605730000.0,330000000,3918000000,7193730000.0
CMCSA,1993-12-31,3.47,1311000000,4549170000.0,160000000,4155000000,8544170000.0
CMCSA,1993-09-30,4.64,1298000000,6022720000.0,152000000,4075000000,9945720000.0
CMCSA,1993-06-30,2.76,1294000000,3571439999.9999995,166000000,3883000000,7288440000.0
CMCSA,1993-03-31,2.01,1231000000,2474309999.9999995,220000000,4015000000,6269310000.0
CMCSA,1992-12-31,2.28,1218000000,2777040000.0,213000000,3974000000,6538040000.0
CMCSA,1992-09-30,1.53,1216000000,1860480000.0,158000000,3286000000,4988480000.0
CMCSA,1992-06-30,1.85,1215000000,2247750000.0,105000000,3074000000,5216750000.0
CMCSA,1992-03-31,1.69,1195000000,2019550000.0,112000000,3106000000,5013550000.0
CMCSA,1991-12-31,1.82,1122000000,2042040000.0,126000000,2453000000,4369040000.0
CMCSA,1991-09-30,1.83,1056000000,1932480000.0,71000000,2370000000,4231480000.0
CMCSA,1991-06-30,1.57,1048000000,1645360000.0,95000000,2408000000,3958360000.0
CMCSA,1991-03-31,1.86,1027000000,1910220000.0,251000000,2498000000,4157220000.0
CMCSA,1990-12-31,1.68,1017000000,1708560000.0,89000000,2248000000,3867560000.0
CMCSA,1990-09-30,1.06,1016000000,1076960000.0,113000000,2212000000,3175960000.0
CMCSA,1990-06-30,1.42,1016000000,1442720000.0,129000000,2206000000,3519720000.0
CMCSA,1990-03-31,1.31,1015000000,1329650000.0,105000000,2188000000,3412650000.0
CMCSA,1989-12-31,1.56,1012000000,1578720000.0,144000000,2208000000,3642720000.0
