symbol,date,stockPrice,numberOfShares,marketCapitalization,minusCashAndCashEquivalents,addTotalDebt,enterpriseValue
GOOGL,2020-06-30,1418.05,733379000,1039968090950.0,17742000000,4018000000.0,1026244090950.0
GOOGL,2020-03-31,1161.95,738691000,858322007450.0,19644000000,5016000000.0,843694007450.0
GOOGL,2019-12-31,1339.39,695193000,931134552270.0001,18498000000,4554000000.0,917190552270.0001
GOOGL,2019-09-30,1221.14,698199000,852598726860.0001,16032000000,4082000000.0,840648726860.0001
GOOGL,2019-06-30,1100.0,699954000,769949400000.0,16587000000,4074000000.0,757436400000.0
GOOGL,2019-03-31,1198.98,700879000,840339903420.0,19148000000,4066000000.0,825257903420.0
GOOGL,2018-12-31,1044.96,700900000,732412464000.0,16701000000,4012000000.0,719723464000.0
GOOGL,2018-09-30,1208.53,704000000,850805120000.0,13443000000,3986000000.0,841348120000.0
GOOGL,2018-06-30,1129.1899,703000000,793820499700.0,14148000000,3981000000.0,783653499700.0
GOOGL,2018-03-31,1012.63,705000000,713904150000.0,12658000000,3973000000.0,705219150000.0
GOOGL,2017-12-31,1073.21,695000000,745880950000.0,10715000000,3969000000.0,739134950000.0
GOOGL,2017-09-30,973.72,704000000,685498880000.0,10581000000,3964000000.0,678881880000.0
GOOGL,2017-06-30,929.68,704000000,654494720000.0,15711000000,3955000000.0,642738720000.0
GOOGL,2017-03-31,847.8,702000000,595155600000.0,18132000000,3937000000.0,580960600000.0
GOOGL,2016-12-31,792.45,691000000,547582950000.00006,12918000000,3935000000.0,538599950000.00006
GOOGL,2016-09-30,804.06,698000000,561233880000.0,9406000000,3938000000.0,555765880000.0
GOOGL,2016-06-30,703.53,697000000,490360410000.0,13627000000,3983000000.0,480716410000.0
GOOGL,2016-03-31,762.9,699000000,533267100000.0,15111000000,3985000000.0,522141100000.0
GOOGL,2015-12-31,778.01,697000000,542272970000.0,16549000000,3995000000.0,529718970000.0
GOOGL,2015-09-30,638.37,694000000,443028780000.0,18068000000,3994000000.0,428954780000.0
GOOGL,2015-06-30,540.04,691000000,373167640000.0,18453000000,5225000000.0,359939640000.0
GOOGL,2015-03-31,554.7,689000000,382188300000.00006,16976000000,5226000000.0,370438300000.00006
GOOGL,2014-12-31,530.66,688000000,365094080000.0,18347000000,5228000000.0,351975080000.0
GOOGL,2014-09-30,588.41,688000000,404826080000.0,15605000000,3230000000.0,392451080000.0
GOOGL,2014-06-30,584.67,686000000,401083620000.0,19620000000,3232000000.0,384695620000.0
GOOGL,2014-03-31,557.8128,686000000,382659580800.0,14536000000,3234000000.0,371357580800.0
GOOGL,2013-12-31,560.9159,919000000,515481712099.99994,18898000000,2236000000.0,498819712099.99994
GOOGL,2013-09-30,438.3934,678000000,297230725200.0,15242000000,2238000000.0,284226725200.0
GOOGL,2013-06-30,444.3844,677000000,300848238800.0,16164000000,1989000000.0,286673238800.0
GOOGL,2013-03-31,400.996,673000000,269870308000.0,15375000000,2989000000.0,257484308000.0
GOOGL,2012-12-31,354.044,670000000,237209480000.0,14778000000,2988000000.0,225419480000.0
GOOGL,2012-09-30,381.2713,667000000,254307957100.0,16260000000,2988000000.0,241035957100.0
GOOGL,2012-06-30,290.3253,662000000,192195348600.00003,15437000000,2987000000.0,179745348600.00003
GOOGL,2012-03-31,320.9409,660000000,211820994000.0,23108000000,2987000000.0,191699994000.0
GOOGL,2011-12-31,323.2733,658000000,212713831400.0,9983000000,2986000000.0,205716831400.0
GOOGL,2011-09-30,257.7778,655000000,168844459000.0,10630000000,2986000000.0,161200459000.0
GOOGL,2011-06-30,253.4435,652000000,165245162000.0,10320000000,2985000000.0,157910162000.0
GOOGL,2011-03-31,293.6737,653000000,191768926100.0,12415000000,0.0,179353926100.0
GOOGL,2010-12-31,297.2823,651000000,193530777300.0,13630000000,0.0,179900777300.0
GOOGL,2010-09-30,263.1582,645000000,169737039000.0,11257000000,0.0,158480039000.0
GOOGL,2010-06-30,222.6977,645000000,143640016500.0,10713000000,0.0,132927016500.0
GOOGL,2010-03-31,283.8438,645000000,183079251000.0,9192000000,0.0,173887251000.0
GOOGL,2009-12-31,310.3003,644000000,199833393200.0,10198000000,0.0,189635393200.0
GOOGL,2009-09-30,248.1732,639000000,158582674800.0,12088000000,0.0,146494674800.0
GOOGL,2009-06-30,211.006,637000000,134410822000.0,11911000000,0.0,122499822000.0
GOOGL,2009-03-31,174.2042,634000000,110445462799.99998,10427000000,0.0,100018462799.99998
GOOGL,2008-12-31,153.979,634000000,97622686000.00002,8657000000,0.0,88965686000.00002
GOOGL,2008-09-30,200.4605,636000000,127492878000.0,8370000000,0.0,119122878000.0
GOOGL,2008-06-30,263.4735,636000000,167569146000.0,7364000000,0.0,160205146000.0
GOOGL,2008-03-31,220.4555,635000000,139989242500.0,6519000000,0.0,133470242500.0
GOOGL,2007-12-31,346.0861,636000000,220110759600.0,6082000000,0.0,214028759600.0
GOOGL,2007-09-30,291.5666,633000000,184561657800.0,5107000000,0.0,179454657800.0
GOOGL,2007-06-30,261.6116,631000000,165076919600.0,4493000000,0.0,160583919600.0
GOOGL,2007-03-31,229.3093,630000000,144464859000.0,4081000000,0.0,140383859000.0
GOOGL,2006-12-31,230.4705,627000000,144505003500.0,3545000000,0.0,140960003500.0
GOOGL,2006-09-30,201.1512,621000000,124914895200.0,3038000000,0.0,121876895200.0
GOOGL,2006-06-30,209.8749,620000000,130122438000.0,4016000000,0.0,126106438000.0
GOOGL,2006-03-31,195.1952,608000000,118678681600.0,2935000000,0.0,115743681600.0
GOOGL,2005-12-31,207.6376,608000000,126243660800.0,3877000000,0.0,122366660800.0
GOOGL,2005-09-30,158.3884,579000000,91706883600.0,5519000000,0.0,86187883600.0
GOOGL,2005-06-30,147.2222,574000000,84505542799.99998,753000000,0.0,83752542799.99998
GOOGL,2005-03-31,90.3453,573000000,51767856900.0,483000000,0.0,51284856900.0
GOOGL,2004-12-31,96.4915,572000000,55193138000.0,427000000,0.0,54766138000.0
GOOGL,2004-09-30,64.8649,549000000,35610830100.0,344000000,0.0,35266830100.0
