symbol,date,stockPrice,numberOfShares,marketCapitalization,minusCashAndCashEquivalents,addTotalDebt,enterpriseValue
HD,2020-08-02,286.130005,1073000000,307017495365.0,14139000000,34846000000,327724495365.0
HD,2020-05-03,252.71,1077000000,272168670000.0,8696000000,31622000000,295094670000.0
HD,2020-02-02,227.94,1088000000,247998720000.0,2133000000,29644000000,275509720000.0
HD,2019-11-03,214.0,1094000000,234116000000.0,2193000000,27292000000,259215000000.0
HD,2019-08-04,224.07,1099000000,246252930000.0,2547000000,27064000000,270769930000.0
HD,2019-05-05,195.25,1106000000,215946500000.0,1882000000,27176000000,241240500000.0
HD,2019-02-03,184.0,1122000000,206448000000.0,1778000000,28146000000,232816000000.0
HD,2018-10-28,173.22,1141000000,197644020000.0,1764000000,24730000000,220610020000.0
HD,2018-07-29,201.97,1149000000,232063530000.0,3490000000,23295000000,251868530000.0
HD,2018-04-29,185.0,1158000000,214230000000.0,3599000000,24594000000,235225000000.0
HD,2018-01-28,184.98,1166000000,215686680000.0,3595000000,25826000000,237917680000.0
HD,2017-10-29,176.57,1174000000,207293180000.0,3549000000,24391000000,228135180000.0
HD,2017-07-30,149.84,1189000000,178159760000.0,4830000000,24422000000,197751760000.0
HD,2017-04-30,153.88,1204000000,185271520000.0,3565000000,22393000000,204099520000.0
HD,2017-01-29,144.91,1210000000,175341100000.0,2538000000,23059000000,195862100000.0
HD,2016-10-30,129.62,1229000000,159302980000.0,3589000000,22338000000,178051980000.0
HD,2016-07-31,134.1,1240000000,166284000000.0,4018000000,20900000000,183166000000.0
HD,2016-05-01,132.12,1252000000,165414240000.0,3257000000,20904000000,183061240000.0
HD,2016-01-31,125.7,1262000000,158633400000.0,2216000000,21139000000,177556400000.0
HD,2015-11-01,134.43,1274000000,171263820000.0,3040000000,17815000000,186038820000.0
HD,2015-08-02,113.07,1289000000,145747230000.0,4936000000,16318000000,157129230000.0
HD,2015-05-03,111.59,1305000000,145624950000.0,2827000000,13818000000,156615950000.0
HD,2015-02-01,116.07,1316000000,152748120000.0,1723000000,17159000000,168184120000.0
HD,2014-11-02,98.16,1334000000,130945440000.0,2181000000,16693000000,145457440000.0
HD,2014-08-03,91.15,1353000000,123325950000.00002,4216000000,16702000000,135811950000.00002
HD,2014-05-04,80.67,1376000000,111001920000.0,2511000000,14707000000,123197920000.0
HD,2014-02-02,82.87,1392000000,115355040000.0,1929000000,14691000000,128117040000.0
HD,2013-11-03,78.71,1417000000,111532069999.99998,4853000000,14692000000,121371069999.99998
HD,2013-08-04,73.9,1443000000,106637700000.00002,3419000000,11450000000,114668700000.00002
HD,2013-05-05,76.63,1478000000,113259140000.0,4337000000,11460000000,120382140000.0
HD,2013-02-03,70.47,1491000000,105070770000.0,2494000000,9475000000,112051770000.0
HD,2012-10-28,64.16,1498000000,96111680000.0,2554000000,10779000000,104336680000.0
HD,2012-07-29,56.53,1512000000,85473360000.0,2810000000,10771000000,93434360000.0
HD,2012-04-29,49.78,1531000000,76213180000.0,3191000000,10792000000,83814180000.0
HD,2012-01-29,47.23,1535000000,72498050000.0,1987000000,10758000000,81269050000.0
HD,2011-10-30,38.96,1548000000,60310080000.0,2234000000,10739000000,68815080000.0
HD,2011-07-31,33.57,1577000000,52939890000.0,2551000000,10731000000,61119890000.0
HD,2011-05-01,36.28,1611000000,58447080000.0,1806000000,10720000000,67361080000.0
HD,2011-01-30,36.76,1626000000,59771760000.0,545000000,8707000000,67933760000.0
HD,2010-10-31,30.21,1646000000,49725660000.0,1425000000,8752000000,57052660000.0
HD,2010-08-01,27.82,1663000000,46264660000.0,2395000000,7727000000,51596660000.0
HD,2010-05-02,33.54,1688000000,56615520000.0,2436000000,7676000000,61855520000.0
HD,2010-01-31,31.36,1691000000,53029760000.0,1421000000,8662000000,60270760000.0
HD,2009-11-01,28.0,1693000000,47404000000.0,2719000000,8656000000,53341000000.0
HD,2009-08-02,26.74,1691000000,45217340000.0,3107000000,9661000000,51771340000.0
HD,2009-05-03,24.5,1689000000,41380500000.0,2214000000,9667000000,48833500000.0
HD,2009-02-01,18.89,1681000000,31754090000.0,519000000,9667000000,40902090000.0
HD,2008-11-02,21.85,1687000000,36860950000.0,864000000,10353000000,46349950000.0
HD,2008-08-03,28.07,1685000000,47297950000.0,1051000000,11366000000,57612950000.0
HD,2008-05-04,27.09,1683000000,45592470000.0,767000000,11834000000,56659470000.0
HD,2008-02-03,26.87,1680000000,45141600000.0,445000000,13130000000,57826600000.0
HD,2007-10-28,27.15,1959000000,53186850000.0,535000000,12090000000,64741850000.0
HD,2007-07-29,35.05,1969000000,69013450000.0,987000000,11628000000,79654450000.0
HD,2007-04-29,38.65,1969000000,76101850000.0,938000000,11640000000,86803850000.0
HD,2007-01-28,39.82,2004000000,79799280000.0,600000000,11643000000,90842280000.0
HD,2006-10-29,37.07,2050000000,75993500000.0,617000000,8140000000,83516500000.0
HD,2006-07-30,34.09,2072000000,70634480000.0,659000000,6760000000,76735480000.0
HD,2006-04-30,37.7,2122000000,79999400000.0,1264000000,6652000000,85387400000.0
HD,2006-01-29,42.15,2128000000,89695200000.0,793000000,3572000000,92474200000.0
HD,2005-10-30,42.0,2138000000,89796000000.0,905000000,2661000000,91552000000.0
HD,2005-07-31,39.75,2168000000,86178000000.0,736000000,2168000000,87610000000.0
HD,2005-05-01,39.35,2172000000,85468200000.0,2992000000,2145000000,84621200000.0
HD,2005-01-30,40.05,2201000000,88150050000.0,506000000,2148000000,89792050000.0
HD,2004-10-31,41.75,2199000000,91808250000.0,3375000000,2151000000,90584250000.0
HD,2004-08-01,36.56,2214000000,80943840000.0,3672000000,1124000000,78395840000.0
HD,2004-05-02,35.76,2250000000,80460000000.0,4298000000,1126000000,77288000000.0
HD,2004-02-01,37.03,2270000000,84058100000.0,1103000000,856000000,83811100000.0
HD,2003-11-02,35.87,2287000000,82034690000.0,4944000000,847000000,77937690000.0
HD,2003-08-03,32.26,2302000000,74262520000.0,5209000000,1327000000,70380520000.0
HD,2003-05-04,32.69,2297000000,75088930000.0,4264000000,1321000000,72145930000.0
HD,2003-02-02,22.1,2309000000,51028900000.0,2188000000,1321000000,50161900000.0
HD,2002-11-03,26.0,2343000000,60918000000.0,3980000000,1316000000,58254000000.0
HD,2002-08-04,31.86,2363000000,75285180000.0,5734000000,1309000000,70860180000.0
HD,2002-05-05,40.1,2365000000,94836500000.0,4982000000,1285000000,91139500000.0
HD,2002-02-03,47.5,2358000000,112005000000.0,2477000000,1250000000,110778000000.0
HD,2001-10-28,43.35,2352000000,101959200000.0,1654000000,1258000000,101563200000.0
HD,2001-07-29,47.9,2355000000,112804500000.0,1287000000,1271000000,112788500000.0
HD,2001-04-29,50.54,2347000000,118617380000.0,1363000000,1268000000,118522380000.0
HD,2001-01-28,44.6,2351000000,104854600000.0,167000000,1545000000,106232600000.0
HD,2000-10-30,40.0,2317000000,92680000000.0,284000000,30000000,92426000000.0
HD,2000-10-29,39.56,2352000000,93045120000.0,284000000,774000000,93535120000.0
HD,2000-07-30,49.69,2352000000,116870880000.0,940000000,767000000,116697880000.0
HD,2000-04-30,47.25,2354000000,111226500000.0,1202000000,755000000,110779500000.0
HD,2000-01-30,57.5,2351000000,135182500000.0,168000000,750000000,135764500000.0
HD,1999-10-31,52.79,2342000000,123634180000.0,946000000,735000000,123423180000.0
HD,1999-08-01,41.0,2339000000,95899000000.0,518000000,1338000000,96719000000.0
HD,1999-05-02,37.21,2336000000,86922560000.0,604000000,1319000000,87637560000.0
HD,1999-01-31,39.29,2336000000,91781440000.0,62000000,1566000000,93285440000.0
HD,1998-11-01,33.88,2321000000,78635480000.0,515000000,1319000000,79439480000.0
HD,1998-08-02,27.5,2319000000,63772500000.0,654000000,1317000000,64435500000.0
HD,1998-05-03,25.9,2307000000,59751300000.0,578000000,1313000000,60486300000.0
HD,1998-02-01,21.46,2348000000,50388080000.0,172000000,1303000000,51519080000.0
HD,1997-11-02,19.58,2294000000,44916519999.99999,458000000,1286000000,45744519999.99999
HD,1997-08-03,16.21,2286000000,37056060000.0,473000000,1262000000,37845060000.0
HD,1997-05-04,13.94,2265000000,31574100000.0,614000000,1260000000,32220100000.0
HD,1997-02-02,12.28,2228000000,27359840000.0,146000000,1247000000,28460840000.0
HD,1996-10-27,11.78,2196000000,25868880000.0,717000000,1247000000,26398880000.0
HD,1996-07-28,12.03,2171000000,26117130000.0,33000000,275000000,26359130000.0
HD,1996-04-28,11.44,2161000000,24721840000.0,48000000,298000000,24971840000.0
HD,1996-01-28,9.81,2160000000,21189600000.0,53000000,720000000,21856600000.0
HD,1995-10-29,9.92,2150000000,21328000000.0,49000000,291000000,21570000000.0
HD,1995-07-30,8.94,2150000000,19221000000.0,19000000,87000000,19289000000.0
HD,1995-04-30,9.08,2148000000,19503840000.0,49000000,97000000,19551840000.0
HD,1995-01-29,9.97,2067000000,20607990000.0,1000000,983000000,21589990000.0
HD,1994-10-30,10.42,2049000000,21350580000.0,289000000,876000000,21937580000.0
HD,1994-07-31,10.08,2048000000,20643840000.0,344000000,841000000,21140840000.0
HD,1994-05-01,10.03,2043000000,20491290000.0,268000000,842000000,21065290000.0
HD,1994-01-30,9.14,2041000000,18654740000.0,100000000,874000000,19428740000.0
HD,1993-10-31,9.22,2038000000,18790360000.0,161000000,843000000,19472360000.0
HD,1993-08-01,9.5,2039000000,19370500000.0,127000000,843000000,20086500000.0
HD,1993-05-02,10.31,2037000000,21001470000.0,233000000,843000000,21611470000.0
HD,1993-01-31,10.67,2051000000,21884170000.0,122000000,844000000,22606170000.0
HD,1992-11-01,10.23,2024000000,20705520000.0,170000000,844000000,21379520000.0
HD,1992-08-02,9.06,1986000000,17993160000.0,428000000,845000000,18410160000.0
HD,1992-05-03,7.72,1949000000,15046280000.0,435000000,1075000000,15686280000.0
HD,1992-02-02,7.08,1947000000,13784760000.0,219000000,271000000,13836760000.0
HD,1991-11-03,6.89,1941000000,13373490000.0,371000000,271000000,13273490000.0
HD,1991-08-04,5.96,1909000000,11377640000.0,495000000,272000000,11154640000.0
HD,1991-05-05,4.86,1672000000,8125920000.000001,613000000,537000000,8049920000.000001
HD,1991-02-03,3.83,1627000000,6231410000.0,108000000,531000000,6654410000.0
HD,1990-10-28,2.53,1627000000,4116309999.9999995,160000000,531000000,4487310000.0
HD,1990-07-29,2.56,1632000000,4177920000.0,271000000,532000000,4438920000.0
HD,1990-04-29,2.94,1616000000,4751040000.0,93000000,302000000,4960040000.0
HD,1990-01-28,1.94,1601000000,3105940000.0,70000000,303000000,3338940000.0
HD,1989-10-29,1.87,1601000000,2993870000.0,211000000,303000000,3085870000.0
HD,1989-07-30,1.7,1591000000,2704700000.0,130000000,302000000,2876700000.0
