symbol,date,stockPrice,numberOfShares,marketCapitalization,minusCashAndCashEquivalents,addTotalDebt,enterpriseValue
HDS,2020-05-03,33.16,161190000,5345060399.999999,147000000,2033000000,7231060399.999999
HDS,2020-02-02,38.57,162021000,6249149970.0,34000000,2035000000,8250149970.0
HDS,2019-11-03,39.19,165142000,6471914980.0,37000000,2138000000,8572914980.0
HDS,2019-08-04,38.9,170057000,6615217300.0,41000000,2062000000,8636217300.0
HDS,2019-05-05,42.78,170712000,7303059360.0,40000000,2129000000,9392059360.0
HDS,2019-02-03,43.53,175140000,7623844200.0,38000000,2129000000,9714844200.0
HDS,2018-10-28,38.31,183579000,7032911490.0,52000000,1888000000,8868911490.0
HDS,2018-07-29,44.9,183800000,8252620000.0,228000000,2087000000,10111620000.0
HDS,2018-04-29,40.15,185200000,7435780000.0,150000000,2087000000,9372780000.0
HDS,2018-01-28,36.39,184800000,6724872000.0,558000000,2176000000,8342872000.0
HDS,2017-10-29,35.93,186700000,6708131000.0,461000000,2152000000,8399131000.0
HDS,2017-07-30,32.15,199000000,6397850000.0,67000000,4073000000,10403850000.0
HDS,2017-04-30,40.79,200000000,8158000000.0,70000000,3742000000,11830000000.0
HDS,2017-01-29,43.0,202600000,8711800000.0,75000000,3798000000,12434800000.0
HDS,2016-10-30,38.49,202000000,7774980000.0,146000000,4083000000,11711980000.0
HDS,2016-07-31,36.45,202000000,7362900000.000001,313000000,4299000000,11348900000.0
HDS,2016-05-01,35.3,199100000,7028229999.999999,203000000,4299000000,11124230000.0
HDS,2016-01-31,28.41,201200000,5716092000.0,269000000,4302000000,9749092000.0
HDS,2015-11-01,32.17,201500000,6482255000.0,77000000,4385000000,10790255000.0
HDS,2015-08-02,31.81,201800000,6419258000.0,169000000,5279000000,11529258000.0
HDS,2015-05-03,33.21,200700000,6665247000.0,155000000,5361000000,11871247000.0
HDS,2015-02-01,29.46,194400000,5727024000.0,85000000,5140000000,10782024000.0
HDS,2014-11-02,29.23,200200000,5851846000.0,107000000,5498000000,11242846000.0
HDS,2014-08-03,27.21,200500000,5455605000.0,229000000,5640000000,10866605000.0
HDS,2014-05-04,26.79,193900000,5194581000.0,173000000,5722000000,10743581000.0
HDS,2014-02-02,23.39,186200000,4355218000.0,115000000,5534000000,9774218000.0
HDS,2013-11-03,21.22,197400000,4188828000.0,120000000,5656000000,9724828000.0
HDS,2013-08-04,23.01,153400000,3529734000.0000005,109000000,5678000000,9098734000.0
