symbol,date,stockPrice,numberOfShares,marketCapitalization,minusCashAndCashEquivalents,addTotalDebt,enterpriseValue
IBM,2020-06-30,122.900002,894939080,109988014721.87816,12041000000,56294000000,154241014721.87817
IBM,2020-03-31,125.56,895039240,112381126974.40001,11218000000,56138000000,157301126974.40002
IBM,2019-12-31,136.77,893671430,122227441481.1,8172000000,55377000000,169432441481.1
IBM,2019-09-30,135.25,892839750,120756576187.5,10087000000,61180000000,171849576187.5
IBM,2019-06-30,149.77,890831800,133419878686.00002,45399000000,66508000000,154528878686.0
IBM,2019-03-31,140.27,893910530,125388830043.1,17134000000,42870000000,151124830043.1
IBM,2018-12-31,134.38,905242190,121646445492.2,11379000000,38761000000,149028445492.2
IBM,2018-09-30,115.4,915000000,105591000000.0,11563000000,40148000000,134176000000.0
IBM,2018-06-30,145.49,919000000,133705310000.00002,10741000000,40050000000,163014310000.0
IBM,2018-03-31,144.96,925000000,134088000000.0,11949000000,42628000000,164767000000.0
IBM,2017-12-31,163.62,911000000,149057820000.0,11972000000,41609000000,178694820000.0
IBM,2017-09-30,154.36,933000000,144017880000.0,10915000000,41734000000,174836880000.0
IBM,2017-06-30,144.29,940000000,135632600000.0,11696000000,37839000000,161775600000.0
IBM,2017-03-31,160.29,948000000,151954920000.0,10096000000,34726000000,176584920000.0
IBM,2016-12-31,175.8,953000000,167537400000.0,7826000000,35929000000,195640400000.0
IBM,2016-09-30,152.61,957000000,146047770000.0,9039000000,35922000000,172930770000.0
IBM,2016-06-30,160.62,960000000,154195200000.0,10017000000,39638000000,183816200000.0
IBM,2016-03-31,145.94,964000000,140686160000.0,14354000000,40254000000,166586160000.0
IBM,2015-12-31,124.79,973000000,121420670000.0,7686000000,34618000000,148352670000.0
IBM,2015-09-30,140.08,979000000,137138320000.00002,9480000000,32122000000,159780320000.0
IBM,2015-06-30,160.96,987000000,158867520000.0,8393000000,33339000000,183813520000.0
IBM,2015-03-31,171.29,992000000,169919680000.0,8796000000,34295000000,195418680000.0
IBM,2014-12-31,153.31,995000000,152543450000.0,8476000000,36121000000,180188450000.0
IBM,2014-09-30,164.35,1009000000,165829150000.0,9561000000,32821000000,189089150000.0
IBM,2014-06-30,194.0,1005000000,194970000000.0,9715000000,34008000000,219263000000.0
IBM,2014-04-29,183.76,1041048034,191302986727.84,9409000000,18624000000,200517986727.84
IBM,2014-03-31,196.47,1042000000,204721740000.0,9409000000,34668000000,229980740000.0
IBM,2013-12-31,177.36,1080000000,191548800000.0,10716000000,35865000000,216697800000.0
IBM,2013-09-30,180.15,1099000000,197984850000.0,10072000000,28478000000,216390850000.0
IBM,2013-06-30,196.01,1098000000,215218980000.0,9558000000,26292000000,231952980000.0
IBM,2013-03-31,202.54,1124000000,227654960000.0,10585000000,24672000000,241741960000.0
IBM,2012-12-31,203.52,1136000000,231198720000.0,10412000000,24088000000,244874720000.0
IBM,2012-09-30,193.27,1149000000,222067230000.0,11909000000,24333000000,234491230000.0
IBM,2012-06-30,196.68,1150000000,226182000000.0,10864000000,24766000000,240084000000.0
IBM,2012-03-31,207.08,1174000000,243111920000.0,11835000000,25760000000,257036920000.0
IBM,2011-12-31,192.5,1189000000,228882500000.0,11922000000,22857000000,239817500000.0
IBM,2011-09-30,187.45,1205000000,225877250000.0,11303000000,24089000000,238663250000.0
IBM,2011-06-30,181.85,1221000000,222038850000.0,11714000000,21915000000,232239850000.0
IBM,2011-03-31,170.58,1240000000,211519200000.00003,12763000000,21749000000,220505200000.00003
IBM,2010-12-31,159.21,1258000000,200286180000.0,10661000000,21846000000,211471180000.0
IBM,2010-09-30,143.6,1273000000,182802800000.0,9859000000,21899000000,194842800000.0
IBM,2010-06-30,128.4,1297000000,166534800000.0,10325000000,21017000000,177226800000.0
IBM,2010-03-31,129.0,1322000000,170538000000.0,12472000000,21305000000,179371000000.0
IBM,2009-12-31,122.39,1341000000,164124990000.0,12183000000,21932000000,173873990000.0
IBM,2009-09-30,120.61,1338000000,161376180000.0,9532000000,20583000000,172427180000.0
IBM,2009-06-30,117.86,1337000000,157578820000.0,11678000000,20868000000,166768820000.0
IBM,2009-03-31,103.21,1350000000,139333500000.0,12294000000,21106000000,148145500000.0
IBM,2008-12-31,91.65,1354000000,124094100000.00002,12741000000,22689000000,134042100000.00002
IBM,2008-09-30,90.69,1384000000,125514960000.0,9755000000,18232000000,133991960000.0
IBM,2008-06-30,128.86,1402000000,180661720000.00003,9626000000,21522000000,192557720000.00003
IBM,2008-03-31,120.7,1411000000,170307700000.0,10786000000,19951000000,179472700000.0
IBM,2007-12-31,105.65,1413000000,149283450000.0,14991000000,23039000000,157331450000.0
IBM,2007-09-30,114.12,1406000000,160452720000.0,9295000000,18775000000,169932720000.0
IBM,2007-06-30,114.52,1461000000,167313720000.0,7010000000,14179000000,174482720000.0
IBM,2007-03-31,102.21,1523000000,155665830000.0,6953000000,14285000000,162997830000.0
IBM,2006-12-31,99.37,1533000000,152334210000.0,8022000000,13780000000,158092210000.0
IBM,2006-09-30,91.5,1534000000,140361000000.0,8484000000,13436000000,145313000000.0
IBM,2006-06-30,76.96,1560000000,120057599999.99998,7100000000,13872000000,126829599999.99998
IBM,2006-03-31,82.34,1587000000,130673580000.0,9135000000,15325000000,136863580000.0
IBM,2005-12-31,81.63,1605000000,131016150000.0,12568000000,15425000000,133873150000.0
IBM,2005-09-30,81.42,1617000000,131656140000.0,8252000000,17372000000,140776140000.0
IBM,2005-06-30,83.46,1628000000,135872879999.99998,8648000000,17584000000,144808880000.0
IBM,2005-03-31,76.38,1661000000,126867180000.0,8637000000,17083000000,135313180000.0
IBM,2004-12-31,92.89,1692000000,157169880000.0,10053000000,14828000000,161944880000.0
IBM,2004-09-30,89.75,1698000000,152395500000.0,9178000000,13524000000,156741500000.0
IBM,2004-06-30,87.07,1711000000,148976770000.0,7715000000,14421000000,155682770000.0
IBM,2004-03-31,88.17,1727000000,152269590000.0,7450000000,16098000000,160917590000.0
IBM,2003-12-31,99.23,1746000000,173255580000.0,7290000000,16986000000,182951580000.0
IBM,2003-09-30,89.12,1756000000,156494720000.0,5451000000,17089000000,168132720000.0
IBM,2003-06-30,80.96,1764000000,142813440000.0,4842000000,18972000000,156943440000.0
IBM,2003-03-31,84.9,1759000000,149339100000.0,4195000000,20036000000,165180100000.0
IBM,2002-12-31,78.3,1730000000,135459000000.0,5382000000,19986000000,150063000000.0
IBM,2002-09-30,78.67,1712000000,134683040000.0,5216000000,17773000000,147240040000.0
IBM,2002-06-30,71.79,1730000000,124196700000.00002,3453000000,16270000000,137013700000.00002
IBM,2002-03-31,83.76,1753000000,146831280000.0,3833000000,16665000000,159663280000.0
IBM,2001-12-31,105.55,1758000000,185556900000.0,6330000000,15963000000,195189900000.0
IBM,2001-09-30,108.65,1768000000,192093200000.0,3715000000,17654000000,206032200000.0
IBM,2001-06-30,105.85,1778000000,188201300000.0,3691000000,18770000000,203280300000.0
IBM,2001-03-31,115.14,1781000000,205064340000.0,3793000000,17923000000,219194340000.0
IBM,2000-12-31,116.61,1791000000,208848510000.0,3563000000,18371000000,223656510000.0
IBM,2000-09-30,93.31,1768000000,164972080000.0,2880000000,18676000000,180768080000.0
IBM,2000-06-30,111.81,1818000000,203270580000.0,2987000000,16859000000,217142580000.0
IBM,2000-03-31,111.5,1830000000,204045000000.0,3285000000,14295000000,215055000000.0
IBM,1999-12-31,111.56,1891000000,210959960000.0,5043000000,14124000000,220040960000.0
IBM,1999-09-30,98.25,1870000000,183727500000.0,4582000000,13807000000,192952500000.0
IBM,1999-06-30,125.69,1871000000,235165990000.0,5465000000,14330000000,244030990000.0
IBM,1999-03-31,104.59,1883000000,196942970000.0,4855000000,16285000000,208372970000.0
IBM,1998-12-31,91.63,1894000000,173547220000.0,5375000000,15508000000,183680220000.0
IBM,1998-09-30,74.25,1909000000,141743250000.0,5553000000,15239000000,151429250000.0
IBM,1998-06-30,66.69,1929000000,128645010000.0,5084000000,14590000000,138151010000.0
IBM,1998-03-31,57.94,1947000000,112809180000.0,5495000000,15029000000,122343180000.0
IBM,1997-12-31,49.38,1979000000,97723020000.0,7106000000,13696000000,104313020000.0
IBM,1997-09-30,47.91,2010000000,96299100000.0,5926000000,13623000000,103996100000.0
IBM,1997-06-30,53.0,2021000000,107113000000.0,6503000000,11675000000,112285000000.0
IBM,1997-03-31,40.13,2046000000,82105980000.0,5959000000,10402000000,86548980000.0
IBM,1996-12-31,39.31,2092000000,82236520000.0,7687000000,9872000000,84421520000.0
IBM,1996-09-30,31.59,2133000000,67381470000.0,6806000000,9669000000,70244470000.0
IBM,1996-06-30,26.84,2173000000,58323320000.0,5896000000,9478000000,61905320000.0
IBM,1996-03-31,26.94,2221000000,59833740000.0,5953000000,9604000000,63484740000.0
IBM,1995-12-31,27.16,2336000000,63445760000.0,7259000000,10060000000,66246760000.0
IBM,1995-09-30,24.56,2258000000,55456480000.0,6440000000,10436000000,59452480000.0
IBM,1995-06-30,27.66,2366000000,65443560000.0,9893000000,11749000000,67299560000.0
IBM,1995-03-31,23.66,2399000000,56760340000.0,9072000000,12519000000,60207340000.0
IBM,1994-12-31,17.94,2405000000,43145700000.0,7922000000,12548000000,47771700000.0
IBM,1994-09-30,19.03,2398000000,45633940000.0,9322000000,14077000000,50388940000.0
IBM,1994-06-30,15.47,2381000000,36834070000.0,7381000000,14892000000,44345070000.0
IBM,1994-03-31,14.38,2367000000,34037460000.0,8111000000,14937000000,40863460000.0
IBM,1993-12-31,14.44,2319000000,33486360000.0,5861000000,15245000000,42870360000.0
IBM,1993-09-30,11.5,2290000000,26335000000.0,5334000000,15387000000,36388000000.0
IBM,1993-06-30,11.13,2281000000,25387530000.0,6034000000,14563000000,33916530000.0
IBM,1993-03-31,12.16,2282000000,27749120000.0,5127000000,12402000000,35024120000.0
IBM,1992-12-31,12.88,2284000000,29417920000.0,4446000000,12853000000,37824920000.0
IBM,1992-09-30,16.72,2283000000,38171760000.0,4121000000,14551000000,48601760000.0
IBM,1992-06-30,23.84,2284000000,54450560000.0,3374000000,13741000000,64817560000.0
IBM,1992-03-31,22.69,2284000000,51823960000.0,4823000000,12891000000,59891960000.0
IBM,1991-12-31,22.94,2286000000,52440840000.0,3945000000,13231000000,61726840000.0
IBM,1991-09-30,25.06,2288000000,57337280000.0,3614000000,12635000000,66358280000.0
IBM,1991-06-30,25.41,2290000000,58188900000.0,3333000000,11991000000,66846900000.0
IBM,1991-03-31,25.75,2288000000,58916000000.0,4965000000,12131000000,66082000000.0
IBM,1990-12-31,31.75,2285000000,72548750000.0,3853000000,11943000000,80638750000.0
IBM,1990-09-30,26.59,2288000000,60837920000.0,3383000000,11167000000,68621920000.0
IBM,1990-06-30,28.03,2293000000,64272790000.0,3231000000,11009000000,72050790000.0
IBM,1990-03-31,27.25,2297000000,62593250000.0,4292000000,10696000000,68997250000.0
IBM,1989-12-31,24.31,2304000000,56010240000.0,3700000000,10825000000,63135240000.0
