symbol,date,stockPrice,numberOfShares,marketCapitalization,minusCashAndCashEquivalents,addTotalDebt,enterpriseValue
INTC,2020-06-27,57.1121,4284000000,244668236400.0,8736000000,36093000000,272025236400.0
INTC,2020-03-28,51.7245,4312000000,223036044000.0,11380000000,36455000000,248111044000.0
INTC,2019-12-28,59.0487,4371000000,258101867700.0,4194000000,25308000000,279215867700.0
INTC,2019-09-28,49.6352,4433000000,220032841600.0,3935000000,23707000000,239804841600.0
INTC,2019-06-29,46.477,4523000000,210215471000.0,2867000000,25089000000,232437471000.0
INTC,2019-03-30,51.82,4564000000,236506480000.0,3154000000,25737000000,259089480000.0
INTC,2018-12-29,44.8291,4620000000,207110442000.0,3019000000,25098000000,229189442000.0
INTC,2018-09-29,45.0634,4648000000,209454683200.0,3407000000,24823000000,230870683200.0
INTC,2018-06-30,47.0831,4747000000,223503475700.0,2614000000,24632000000,245521475700.0
INTC,2018-03-31,46.0689,4790000000,220670031000.0,3554000000,24770000000,241886031000.0
INTC,2017-12-30,43.1769,4683000000,202197422700.00003,3433000000,25074000000,223838422700.00003
INTC,2017-09-30,35.4092,4821000000,170707753200.0,9075000000,27511000000,189143753200.0
INTC,2017-07-01,31.1398,4845000000,150872331000.0,11687000000,27860000000,167045331000.0
INTC,2017-04-01,33.0444,4881000000,161289716400.0,4934000000,20678000000,177033716400.0
INTC,2016-12-31,32.9921,4884000000,161133416400.0,5560000000,20665000000,176238416400.0
INTC,2016-10-01,34.0804,4877000000,166210110800.0,4752000000,24501000000,185959110800.0
INTC,2016-07-02,29.344,4866000000,142787904000.0,3885000000,25502000000,164404904000.0
INTC,2016-04-02,28.8262,4875000000,140527725000.0,3061000000,22763000000,160229725000.0
INTC,2015-12-26,30.7585,4876000000,149978446000.0,15308000000,20068000000,154738446000.0
INTC,2015-09-26,25.1919,4876000000,122835704400.0,7065000000,20092000000,135862704400.0
INTC,2015-06-27,26.9009,4909000000,132056518100.0,4454000000,12139000000,139741518100.0
INTC,2015-03-28,27.5515,4914000000,135388071000.0,4244000000,12112000000,143256071000.0
INTC,2014-12-27,32.0998,4939000000,158540912200.0,2561000000,12567000000,168546912200.0
INTC,2014-09-27,29.0965,5045000000,146791842500.0,3143000000,12103000000,155751842500.0
INTC,2014-06-28,26.0948,5123000000,133683660400.0,3049000000,13180000000,143814660400.0
INTC,2014-03-29,21.4308,5117000000,109661403600.0,4777000000,13172000000,118056403600.0
INTC,2013-12-28,21.2118,5103000000,108243815400.0,5674000000,13165000000,115734815400.0
INTC,2013-09-28,18.8643,5100000000,96207930000.0,4881000000,13157000000,104483930000.0
INTC,2013-06-29,19.6977,5106000000,100576456200.0,3778000000,13150000000,109948456200.0
INTC,2013-03-30,17.2588,5080000000,87674704000.0,5698000000,13143000000,95119704000.0
INTC,2012-12-29,16.1192,5096000000,82143443200.0,8478000000,13136000000,86801443200.0
INTC,2012-09-29,17.8712,5153000000,92090293600.00002,3520000000,7100000000,95670293600.00002
INTC,2012-06-30,20.8355,5199000000,108323764500.0,5223000000,7093000000,110193764500.0
INTC,2012-03-31,21.8265,5192000000,113323188000.0,4429000000,7088000000,115982188000.0
INTC,2011-12-31,18.6735,5242000000,97886487000.0,5065000000,7084000000,99905487000.0
INTC,2011-10-01,16.288,5340000000,86977920000.0,7057000000,7076000000,86996920000.0
INTC,2011-07-02,17.03,5441000000,92660230000.0,4635000000,2090000000,90115230000.0
INTC,2011-04-02,14.7898,5606000000,82911618800.0,4188000000,2083000000,80806618800.0
INTC,2010-12-25,15.4986,5698000000,88311022800.0,5498000000,2077000000,84890022800.0
INTC,2010-09-25,14.3303,5694000000,81596728200.0,5517000000,2073000000,78152728200.0
INTC,2010-06-26,14.6686,5711000000,83772374600.0,5514000000,2058000000,80316374600.0
INTC,2010-03-27,16.173,5681000000,91878812999.99998,4988000000,2052000000,88942812999.99998
INTC,2009-12-26,14.645,5650000000,82744250000.0,3987000000,2049000000,80806250000.0
INTC,2009-09-26,13.8684,5616000000,77884934400.0,4109000000,2201000000,75976934400.0
INTC,2009-06-27,11.5787,5595000000,64782826500.0,3826000000,1174000000,62130826500.0
INTC,2009-03-28,10.8682,5634000000,61231438800.0,3536000000,1170000000,58865438800.0
INTC,2008-12-27,9.8923,5623000000,55624402900.0,3350000000,1185000000,53459402900.0
INTC,2008-09-27,13.279,5692000000,75584068000.0,3704000000,1889000000,73769068000.0
INTC,2008-06-28,14.7704,5897000000,87101048800.0,4079000000,1892000000,84914048800.0
INTC,2008-03-29,14.2045,5879000000,83508255500.0,5883000000,1990000000,79615255500.0
INTC,2007-12-29,18.173,5988000000,108819923999.99998,7307000000,1980000000,103492923999.99998
INTC,2007-09-29,17.4878,5967000000,104349702600.0,5844000000,1853000000,100358702600.0
INTC,2007-06-30,15.9795,5917000000,94550701500.0,4709000000,1848000000,91689701500.0
INTC,2007-03-31,12.8101,5874000000,75246527400.0,4472000000,1848000000,72622527400.0
INTC,2006-12-30,13.4879,5867000000,79133509300.0,6598000000,1848000000,74383509300.0
INTC,2006-09-30,13.6348,5832000000,79518153600.0,4469000000,2060000000,77109153600.0
INTC,2006-07-01,12.5225,5868000000,73482030000.0,3436000000,2054000000,72100030000.0
INTC,2006-04-01,12.7603,5954000000,75974826200.0,3948000000,2040000000,74066826200.0
INTC,2005-12-31,16.2895,6081000000,99056449500.0,7324000000,2106000000,93838449500.0
INTC,2005-10-01,16.0321,6144000000,98501222400.0,8857000000,432000000,90076222400.0
INTC,2005-07-02,16.9972,6215000000,105637598000.0,8975000000,430000000,97092598000.0
INTC,2005-04-02,14.8719,6273000000,93291428700.0,9279000000,464000000,84476428700.0
INTC,2004-12-25,15.0511,6352000000,95604587200.0,8407000000,703000000,87900587200.0
INTC,2004-09-25,12.9415,6442000000,83369143000.0,6533000000,882000000,77718143000.0
INTC,2004-06-26,17.8301,6558000000,116929795800.00002,7153000000,898000000,110674795800.00002
INTC,2004-03-27,17.5466,6624000000,116228678400.00002,7539000000,927000000,109616678400.00002
INTC,2003-12-27,20.0716,6671000000,133897643600.0,7971000000,936000000,126862643600.0
INTC,2003-09-27,17.4435,6625000000,115563187500.0,9406000000,882000000,107039187500.0
INTC,2003-06-28,13.1473,6580000000,86509234000.0,8382000000,914000000,79041234000.0
INTC,2003-03-29,10.9946,6610000000,72674306000.0,7134000000,829000000,66369306000.0
INTC,2002-12-28,10.4576,6660000000,69647616000.0,7404000000,929000000,63172616000.0
INTC,2002-09-28,9.3127,6712000000,62506842400.0,6678000000,1000000000,56828842400.0
INTC,2002-06-29,11.6237,6803000000,79076031100.0,6068000000,1081000000,74089031100.0
INTC,2002-03-30,19.8167,6861000000,135962378700.0,6524000000,1064000000,130502378700.0
INTC,2001-12-29,20.4849,6852000000,140362534800.0,7970000000,1050000000,133442534800.0
INTC,2001-09-29,12.9775,6876000000,89233290000.0,4864000000,972000000,85341290000.0
INTC,2001-06-30,18.5594,6889000000,127855706600.0,3205000000,928000000,125578706600.0
INTC,2001-03-31,16.6851,6899000000,115110504899.99998,2861000000,704000000,112953504899.99998
INTC,2000-12-30,19.0523,6938000000,132184857400.0,2976000000,707000000,129915857400.0
INTC,2000-09-30,26.3293,7007000000,184489405100.0,6434000000,610000000,178665405100.0
INTC,2000-07-01,42.3312,7005000000,296530056000.0,7308000000,870000000,290092056000.0
INTC,2000-04-01,41.7667,6995000000,292158066500.0,6204000000,868000000,286822066500.0
INTC,1999-12-25,26.9197,6968000000,187576469600.0,3695000000,955000000,184836469600.0
INTC,1999-09-25,23.9386,6944000000,166229638400.0,3512000000,884000000,163601638400.0
INTC,1999-06-26,17.4907,6892000000,120545904400.0,3599000000,666000000,117612904400.0
INTC,1999-03-27,18.4403,6956000000,128270726800.0,2503000000,699000000,126466726800.0
INTC,1998-12-26,19.291,7036000000,135731476000.0,2038000000,702000000,134395476000.0
INTC,1998-09-26,13.9438,7012000000,97773925600.0,2900000000,583000000,95456925600.0
INTC,1998-06-27,12.0545,7074000000,85273533000.0,1887000000,472000000,83858533000.0
INTC,1998-03-28,12.4444,7098000000,88330351200.0,5073000000,441000000,83698351200.0
INTC,1997-12-27,11.178,7136000000,79766208000.0,4102000000,448000000,76112208000.0
INTC,1997-09-30,14.5538,7188000000,104612714400.0,4985000000,386000000,100013714400.0
INTC,1997-06-28,11.2096,7188000000,80574604800.0,4002000000,468000000,77040604800.0
INTC,1997-03-29,10.9596,7200000000,78909120000.0,3824000000,481000000,75566120000.0
INTC,1996-12-28,10.6607,7640000000,81447748000.0,4165000000,728000000,78010748000.0
INTC,1996-09-28,7.6252,7144000000,54474428800.0,3513000000,702000000,51663428800.0
INTC,1996-06-29,5.7764,7128000000,41174179200.0,2809000000,399000000,38764179200.0
INTC,1996-03-30,4.4711,7040000000,31476544000.0,3425000000,398000000,28449544000.0
INTC,1995-12-30,4.458,7200000000,32097600000.0,1463000000,400000000,31034600000.0
INTC,1995-09-30,4.7203,7112000000,33570773600.0,1954000000,401000000,32017773600.0
INTC,1995-07-01,4.9677,7176000000,35648215200.0,1988000000,411000000,34071215200.0
INTC,1995-04-01,3.3277,6992000000,23267278400.0,2510000000,402000000,21159278400.0
INTC,1994-12-31,2.5022,6960000000,17415312000.0,2410000000,392000000,15397312000.0
INTC,1994-10-01,2.4067,6944000000,16712124799.999998,2291000000,392000000,14813124799.999998
INTC,1994-07-02,2.3065,6992000000,16127048000.000002,2320000000,303000000,14110048000.000002
INTC,1994-04-02,2.6268,7072000000,18576729600.0,2887000000,429000000,16118729600.0
INTC,1993-12-25,2.4492,7083000000,17347683600.0,3136000000,426000000,14637683600.0
INTC,1993-09-25,2.6812,7040000000,18875648000.0,3295000000,417000000,15997648000.0
INTC,1993-06-26,2.1283,7016000000,14932152799.999998,3121000000,316000000,12127152799.999998
INTC,1993-03-27,2.2209,7084000000,15732855600.0,3308000000,312000000,12736855600.0
INTC,1992-12-26,1.7571,6958000000,12225901800.0,2835000000,249000000,9639901800.0
INTC,1992-09-26,1.257,6880000000,8648160000.0,2403000000,275000000,6520160000.0
INTC,1992-06-27,1.0726,6812000000,7306551200.0,2468000000,353000000,5191551200.0
INTC,1992-03-28,1.0726,6835000000,7331221000.0,2269000000,347000000,5409221000.0
INTC,1991-12-28,0.9222,6689000000,6168595800.0,2277000000,363000000,4254595800.0
INTC,1991-09-28,0.8202,6703000000,5497800600.0,2146000000,358000000,3709800600.0
INTC,1991-06-29,0.9027,6713000000,6059825100.0,1918000000,353000000,4494825100.0
INTC,1991-03-30,0.9222,6645000000,6128019000.0,1807000000,349000000,4670019000.0
INTC,1990-12-29,0.7353,6543000000,4811067900.0,1785000000,345000000,3371067900.0
INTC,1990-09-29,0.6455,6614000000,4269336999.9999995,1719000000,341000000,2891336999.9999995
INTC,1990-06-30,0.9124,6521000000,5949760400.0,1478000000,336000000,4807760400.0
INTC,1990-03-31,0.8105,6296000000,5102908000.0,1028000000,397000000,4471908000.0
