symbol,date,stockPrice,numberOfShares,marketCapitalization,minusCashAndCashEquivalents,addTotalDebt,enterpriseValue
JCP,2020-02-01,0.69,322900000,222800999.99999997,108000000,3574000000,3688801000.0
JCP,2019-11-02,1.1,320900000,352990000.0,147000000,4012000000,4217990000.0
JCP,2019-08-03,0.74,319400000,236356000.0,163000000,3590000000,3663356000.0
JCP,2019-05-04,0.88,317700000,279576000.0,160000000,3827000000,3946576000.0
JCP,2019-02-02,1.57,316900000,497533000.0,109000000,3920000000,4308533000.0
JCP,2018-11-03,1.44,316300000,455472000.0,157000000,4367000000,4665472000.0
JCP,2018-08-04,1.77,315700000,558789000.0,171000000,4168000000,4555789000.0
JCP,2018-05-05,2.45,313900000,769055000.0,170000000,4352000000,4951055000.0
JCP,2018-02-03,3.78,312600000,1181628000.0,116000000,3992000000,5057628000.0
JCP,2017-10-28,3.35,311600000,1043860000.0,175000000,4253000000,5121860000.0
JCP,2017-07-29,3.85,310800000,1196580000.0,186000000,4052000000,5062580000.0
JCP,2017-04-29,4.71,309600000,1458216000.0,157000000,4283000000,5584216000.0
JCP,2017-01-28,6.64,328600000,2181904000.0,125000000,4558000000,6614904000.0
JCP,2016-10-29,9.2,308300000,2836360000.0,172000000,4518000000,7182360000.0
JCP,2016-07-30,9.81,308000000,3021480000.0,171000000,4366000000,7216480000.0
JCP,2016-04-30,7.86,307200000,2414592000.0,166000000,4395000000,6643592000.0
JCP,2016-01-30,10.2,306200000,3123240000.0,119000000,4678000000,7682240000.0
JCP,2015-10-31,7.97,306000000,2438820000.0,152000000,5161000000,7447820000.0
JCP,2015-08-01,9.11,305900000,2786749000.0,178000000,5243000000,7851749000.0
JCP,2015-05-02,8.5,305500000,2596750000.0,175000000,5337000000,7758750000.0
JCP,2015-01-31,7.85,305500000,2398175000.0,119000000,5265000000,7544175000.0
JCP,2014-11-01,7.53,305300000,2298909000.0,141000000,5369000000,7526909000.0
JCP,2014-08-02,10.8,305200000,3296160000.0,189000000,5271000000,8378160000.0
JCP,2014-05-03,8.68,305000000,2647400000.0,176000000,5541000000,8012400000.0
JCP,2014-02-01,7.96,304800000,2426208000.0,113000000,5551000000,7864208000.0
JCP,2013-11-02,10.01,251800000,2520518000.0,151000000,5562000000,7931518000.0
JCP,2013-08-03,12.48,220600000,2753088000.0,198000000,5771000000,8326088000.0
JCP,2013-05-04,17.76,219900000,3905424000.0000005,163000000,3800000000,7542424000.0
JCP,2013-02-02,16.74,219500000,3674429999.9999995,121000000,2956000000,6509430000.0
JCP,2012-10-27,17.23,219400000,3780262000.0,141000000,2943000000,6582262000.0
JCP,2012-07-28,24.65,219300000,5405745000.0,171000000,2901000000,8135745000.0
JCP,2012-04-28,28.08,218300000,6129864000.0,184000000,2871000000,8816864000.0
JCP,2012-01-28,41.22,214400000,8837568000.0,175000000,2871000000,11533568000.0
JCP,2011-10-29,30.09,213000000,6409170000.0,205000000,2871000000,9075170000.0
JCP,2011-07-30,27.45,216000000,5929200000.0,244000000,3099000000,8784200000.0
JCP,2011-04-30,36.0,231700000,8341200000.0,246000000,3099000000,11194200000.0
JCP,2011-01-29,34.96,239000000,8355440000.0,169000000,3099000000,11285440000.0
JCP,2010-10-30,32.77,237800000,7792706000.000001,199000000,3099000000,10692706000.0
JCP,2010-07-31,19.5,237600000,4633200000.0,226000000,3099000000,7506200000.0
JCP,2010-05-01,27.49,238000000,6542620000.0,220000000,2999000000,9321620000.0
JCP,2010-01-30,27.92,237300000,6625416000.0,163000000,2999000000,9461416000.0
JCP,2009-10-31,28.74,237600000,6828624000.0,217000000,2999000000,9610624000.0
JCP,2009-08-01,30.04,233800000,7023352000.0,251000000,2999000000,9771352000.0
JCP,2009-05-02,29.98,223000000,6685540000.0,220000000,2999000000,9464540000.0
JCP,2009-01-31,14.75,222600000,3283350000.0,167000000,3505000000,6621350000.0
JCP,2008-11-01,16.55,222900000,3688995000.0,1624000000,3505000000,5569995000.0
JCP,2008-08-02,38.97,223000000,8690310000.0,2243000000,3505000000,9952310000.0
JCP,2008-05-03,39.84,223000000,8884320000.0,2044000000,3505000000,10345320000.0
JCP,2008-02-02,47.01,222900000,10478529000.0,2483000000,3505000000,11500529000.0
JCP,2007-11-03,43.71,224000000,9791040000.0,1767000000,3505000000,11529040000.0
JCP,2007-08-04,68.76,225000000,15471000000.000002,146000000,3705000000,19030000000.0
JCP,2007-06-13,75.85,226666666,17192666616.1,3068000000,1370000000,15494666616.099998
JCP,2007-05-05,82.25,228800000,18818800000.0,124000000,3706000000,22400800000.0
JCP,2007-02-03,77.5,228400000,17701000000.0,119000000,3010000000,20592000000.0
JCP,2006-10-28,79.19,228000000,18055320000.0,78000000,3112000000,21089320000.0
JCP,2006-07-29,64.33,235400000,15143282000.0,77000000,3114000000,18180282000.0
JCP,2006-04-29,61.21,236300000,14463923000.0,123000000,3116000000,17456923000.0
JCP,2006-01-28,58.95,234900000,13847355000.0,44000000,3444000000,17247355000.0
JCP,2005-10-29,52.88,249000000,13167120000.0,1975000000,3454000000,14646120000.0
JCP,2005-07-30,50.48,265000000,13377200000.0,72000000,3457000000,16762200000.0
JCP,2005-04-30,51.34,274000000,14067160000.0,4115000000,3533000000,13485160000.0
JCP,2005-01-29,44.49,284900000,12675201000.0,4586000000,3464000000,11553201000.0
JCP,2004-10-30,39.91,309000000,12332189999.999998,4477000000,3955000000,11810189999.999998
JCP,2004-07-31,38.96,287400000,11197104000.0,7295000000,3960000000,7862104000.0
JCP,2004-05-01,35.78,305800000,10941524000.0,3027000000,5147000000,13061524000.0
JCP,2004-01-31,31.36,311100000,9756096000.0,2994000000,5132000000,11894096000.0
JCP,2003-10-25,24.86,298000000,7408280000.0,1921000000,5132000000,10619280000.0
JCP,2003-07-26,20.35,271500000,5525025000.0,2617000000,5153000000,8061025000.0
JCP,2003-04-26,16.67,272700000,4545909000.0,2629000000,5528000000,7444909000.0
JCP,2003-01-25,19.39,303000000,5875170000.0,2474000000,4910000000,8311170000.0
JCP,2002-10-26,23.18,292000000,6768560000.0,1748000000,5150000000,10170560000.0
JCP,2002-07-27,17.71,268000000,4746280000.0,2004000000,5156000000,7898280000.0
JCP,2002-04-27,24.5,292000000,7154000000.0,2274000000,5166000000,10046000000.0
JCP,2002-01-26,19.81,275000000,5447750000.0,2726000000,5194000000,7915750000.0
JCP,2001-10-27,27.32,268000000,7321760000.0,1667000000,5212000000,10866760000.0
JCP,2001-07-28,24.98,263000000,6569740000.0,1451000000,4566000000,9684740000.0
JCP,2001-04-28,20.96,264000000,5533440000.0,8000000,4756000000,10281440000.0
JCP,2001-01-27,15.18,262700000,3987786000.0,944000000,5448000000,8491786000.0
JCP,2000-10-28,10.31,262000000,2701220000.0,125000000,5780000000,8356220000.0
JCP,2000-07-29,15.06,261000000,3930660000.0,483000000,5514000000,8961660000.0
JCP,2000-04-29,17.88,261000000,4666680000.0,506000000,5611000000,9771680000.0
JCP,2000-01-29,16.0,260000000,4160000000.0,1155000000,6174000000,9179000000.0
JCP,1999-10-30,22.38,278000000,6221640000.0,392000000,9727000000,15556640000.0
JCP,1999-07-31,38.69,260000000,10059400000.0,377000000,9350000000,19032400000.0
JCP,1999-05-01,51.69,272000000,14059680000.0,168000000,8816000000,22707680000.0
JCP,1999-01-30,36.63,279200000,10227096000.0,96000000,9067000000,19198096000.0
JCP,1998-10-31,55.0,272000000,14960000000.0,552000000,9255000000,23663000000.0
JCP,1998-08-01,49.56,254000000,12588240000.0,139000000,8318000000,20767240000.0
JCP,1998-05-02,72.5,272000000,19720000000.0,252000000,8483000000,27951000000.0
JCP,1998-01-31,72.0,253700000,18266400000.0,287000000,8403000000,26382400000.0
JCP,1997-10-25,65.75,282500000,18574375000.0,208000000,9705000000,28071375000.0
JCP,1997-07-26,60.75,290300000,17635725000.0,703000000,8733000000,25665725000.0
JCP,1997-04-26,51.0,261200000,13321200000.0,2553000000,10135000000,20903200000.0
JCP,1997-01-25,48.75,254900000,12426375000.0,131000000,8515000000,20810375000.0
JCP,1996-10-26,52.25,248800000,12999800000.0,180000000,6783000000,19602800000.0
JCP,1996-07-27,52.75,249700000,13171675000.0,239000000,5980000000,18912675000.0
JCP,1996-04-27,52.25,247200000,12916200000.0,145000000,5462000000,18233200000.0
JCP,1996-01-27,47.38,242600000,11494388000.0,173000000,5589000000,16910388000.0
JCP,1995-10-28,47.13,249000000,11735370000.0,321000000,6421000000,17835370000.0
JCP,1995-07-29,45.5,252800000,11502400000.0,260000000,5707000000,16949400000.0
JCP,1995-04-29,45.63,253000000,11544390000.0,255000000,5327000000,16616390000.0
JCP,1995-01-28,42.38,254900000,10802662000.0,261000000,5427000000,15968662000.0
JCP,1994-10-29,46.25,258100000,11937125000.0,314000000,5633000000,17256125000.0
JCP,1994-07-30,51.88,259200000,13447296000.0,492000000,5321000000,18276296000.0
JCP,1994-04-30,52.25,261800000,13679050000.0,371000000,4634000000,17942050000.0
JCP,1994-01-29,54.75,260400000,14256900000.0,173000000,4213000000,18296900000.0
JCP,1993-10-30,54.38,262700000,14285626000.0,315000000,3977000000,17947626000.0
JCP,1993-07-31,44.38,260800000,11574304000.0,284000000,3868000000,15158304000.0
JCP,1993-05-01,47.88,260300000,12463164000.0,621000000,3398000000,15240164000.0
JCP,1993-01-30,40.38,258600000,10442268000.0,426000000,4078000000,14094268000.0
JCP,1992-10-24,38.88,259000000,10069920000.0,433000000,4563000000,14199920000.0
JCP,1992-07-25,32.63,258000000,8418540000.000001,392000000,4308000000,12334540000.0
JCP,1992-04-25,33.25,258000000,8578500000.0,591000000,4359000000,12346500000.0
JCP,1992-01-25,29.5,270000000,7965000000.0,137000000,3825000000,11653000000.0
JCP,1991-10-26,25.25,233600000,5898400000.0,268000000,4365000000,9995400000.0
JCP,1991-07-27,25.81,233600000,6029216000.0,268000000,3854000000,9615216000.0
JCP,1991-04-27,28.13,233600000,6571168000.0,220000000,3709000000,10060168000.0
JCP,1991-01-26,26.69,262000000,6992780000.0,137000000,4039000000,10894780000.0
JCP,1990-10-27,20.63,257200000,5306036000.0,252000000,4315000000,9369036000.0
JCP,1990-07-28,23.88,260000000,6208800000.0,256000000,4140000000,10092800000.0
JCP,1990-04-28,32.38,264000000,8548320000.000001,425000000,4101000000,12224320000.0
JCP,1990-01-27,32.38,268800000,8703744000.0,408000000,4043000000,12338744000.0
JCP,1989-10-28,33.56,267200000,8967232000.0,746000000,5030000000,13251232000.0
JCP,1989-07-29,33.75,265200000,8950500000.0,451000000,4306000000,12805500000.0
