symbol,date,stockPrice,numberOfShares,marketCapitalization,minusCashAndCashEquivalents,addTotalDebt,enterpriseValue
MFA,2020-06-30,2.49,482500000.0,1201425000.0,666172000.0,5011356000,5546609000.0
MFA,2020-03-31,1.55,452979000.0,702117450.0,116465000.0,8623051000,9208703450.0
MFA,2019-12-31,6.8274,481017000.0,3284095465.8,70629000.0,10031606000,13245072465.8
MFA,2019-09-30,6.4044,479940000.0,3073727736.0,154193000.0,9557192000,12476726736.0
MFA,2019-06-30,6.0918,471646500.0,2873176148.7000003,88661000.0,9665353000,12449868148.7
MFA,2019-03-31,6.0554,450358000.0,2727097833.2,76579000.0,9265724000,11916242833.2
MFA,2018-12-31,5.353,449894000.0,2408282582.0,51965000.0,7879087000,10235404582.0
MFA,2018-09-30,5.6946,428713000.0,2441349049.8,104186000.0,7278270000,9615433049.8
MFA,2018-06-30,5.7396,443600000.0,2546086560.0,55000000.0,5892000000,8383086560.0
MFA,2018-03-31,5.5086,398300000.0,2194075380.0,215000000.0,6559000000,8538075380.0
MFA,2017-12-31,5.6427,397600000.0,2243537520.0,450000000.0,6712000000,8505537520.0
MFA,2017-09-30,6.1341,396700000.0,2433397470.0,608000000.0,6968000000,8793397470.0
MFA,2017-06-30,5.7421,386300000.0,2218173230.0,745000000.0,7138000000,8611173230.0
MFA,2017-03-31,5.4015,372600000.0,2012598900.0000002,422000000.0,8234000000,9824598900.0
MFA,2016-12-31,4.9742,365500000.0,1818070100.0,260000000.0,8784000000,10342070100.0
MFA,2016-09-30,4.7535,373100000.0,1773530850.0,289000000.0,8795000000,10279530850.0
MFA,2016-06-30,4.4997,379300000.0,1706736210.0,183000000.0,9135000000,10658736210.0
MFA,2016-03-31,4.1216,370900000.0,1528701440.0,146000000.0,9253000000,10635701440.0
MFA,2015-12-31,3.8568,372300000.0,1435886640.0,165000000.0,9507000000,10777886640.0
MFA,2015-09-30,3.8656,372200000.0,1438776320.0,174000000.0,9608000000,10872776320.0
MFA,2015-06-30,4.0801,370200000.0,1510453020.0,218000000.0,9797000000,11089453020.0
MFA,2015-03-31,4.2287,371100000.0,1569270570.0,169000000.0,10001000000,11401270570.0
MFA,2014-12-31,4.1934,370900000.0,1555332059.9999998,182000000.0,8478000000,9851332060.0
MFA,2014-09-30,3.9853,369700000.0,1473365410.0,424000000.0,8382000000,9431365410.0
MFA,2014-06-30,4.1011,368400000.0,1510845240.0,344000000.0,8698000000,9864845240.0
MFA,2014-03-31,3.7782,368100000.0,1390755420.0,275000000.0,8999000000,10114755420.0
MFA,2013-12-31,3.3539,366100000.0,1227862790.0,565000000.0,8805000000,9467862790.0
MFA,2013-09-30,3.3404,363900000.0,1215571560.0,504000000.0,9088000000,9799571560.0
MFA,2013-06-30,3.5936,361500000.0,1299086400.0,448000000.0,9453000000,10304086400.0
MFA,2013-03-31,3.8761,360600000.0,1397721660.0,602000000.0,9545000000,10340721660.0
MFA,2012-12-31,3.1598,357400000.0,1129312520.0,401000000.0,9499000000,10227312520.0
MFA,2012-09-30,3.1893,356900000.0,1138261170.0,450000000.0,9682000000,10370261170.0
MFA,2012-06-30,2.8426,361200000.0,1026747120.0,593000000.0,9330000000,9763747120.0
MFA,2012-03-31,2.6049,356200000.0,927865380.0000001,375000000.0,8876000000,9428865380.0
MFA,2011-12-31,2.3433,356700000.0,835855110.0,394000000.0,8689000000,9130855110.0
MFA,2011-09-30,2.2663,356000000.0,806802800.0000001,421000000.0,8976000000,9361802800.0
MFA,2011-06-30,2.5174,355600000.0,895187440.0,503000000.0,8932000000,9324187440.0
MFA,2011-03-31,2.4936,298200000.0,743591520.0,629000000.0,8316000000,8430591520.0
MFA,2010-12-31,2.4815,284000000.0,704746000.0,345000000.0,6213000000,6572746000.0
MFA,2010-09-30,2.1903,280600000.0,614598180.0,271000000.0,5995000000,6338598180.0
MFA,2010-06-30,2.0704,282100000.0,584059840.0,532000000.0,6274000000,6326059840.0
MFA,2010-03-31,1.9932,280400000.0,558893280.0,769000000.0,6023000000,5812893280.0
MFA,2009-12-31,1.9905,281200000.0,559728600.0,653000000.0,7205000000,7111728600.0
MFA,2009-09-30,2.0134,259700000.0,522879979.99999994,487000000.0,7584000000,7619879980.0
MFA,2009-06-30,1.6867,222400000.0,375122080.0,282000000.0,7961000000,8054122080.0
MFA,2009-03-31,1.38,222500000.0,307050000.0,406000000.0,8782000000,8683050000.0
MFA,2008-12-31,1.3824,117400000.0,162293760.0,361000000.0,9048000000,8849293760.0
MFA,2008-09-30,1.4092,199800000.0,281558160.0,439000000.0,9388000000,9230558160.0
MFA,2008-06-30,1.3674,165900000.0,226851660.0,232000000.0,9319000000,9313851660.0
MFA,2008-03-31,1.2854,144700000.0,185997380.0,340000000.0,7321000000,7166997380.0
MFA,2007-12-31,1.8873,113800000.0,214774740.0,234000000.0,7535000000,7515774740.0
MFA,2007-09-30,1.6245,86000000.0,139707000.0,206000000.0,6323000000,6256707000.0
MFA,2007-06-30,1.4258,81900000.0,116773020.0,54000000.0,6389000000,6451773020.0
MFA,2007-03-31,1.4921,80800000.0,120561680.0,54000000.0,5773000000,5839561680.0
MFA,2006-12-31,1.4901,79600000.0,118611960.0,47000000.0,5733000000,5804611960.0
MFA,2006-09-30,1.4227,79200000.0,112677840.0,53000000.0,4002000000,4061677840.0
MFA,2006-06-30,1.3042,79300000.0,103423060.0,55000000.0,2851000000,2899423060.0
MFA,2006-03-31,1.1939,80000000.0,95512000.0,75000000.0,3969000000,3989512000.0
MFA,2005-12-31,1.0716,81400000.0,87228240.00000001,64000000.0,5123000000,5146228240.0
MFA,2005-09-30,1.1324,82400000.0,93309760.0,133000000.0,5764000000,5724309760.0
MFA,2005-06-30,1.3519,83300000.0,112613270.00000001,92000000.0,6347000000,6367613270.0
MFA,2005-03-31,1.3469,82300000.0,110849870.0,78000000.0,6335000000,6367849870.0
MFA,2004-12-31,1.5611,81000000.0,126449100.0,68000000.0,6136000000,6194449100.0
MFA,2004-09-30,1.5507,78700000.0,122040090.0,45000000.0,5507000000,5584040090.0
MFA,2004-06-30,1.4577,76300000.0,111222510.0,94000000.0,4795000000,4812222510.0
MFA,2004-03-31,1.6102,69000000.0,111103800.0,69000000.0,5179000000,5221103800.0
MFA,2003-12-31,1.5544,61100000.0,94973840.0,140000000.0,4040000000,3994973840.0
MFA,2003-09-30,1.479,57300000.0,84746700.0,167000000.0,3780000000,3697746700.0
MFA,2003-06-30,1.5155,51300000.0,77745150.0,57000000.0,3838000000,3858745150.0
MFA,2003-03-31,1.271,46400000.0,58974399.99999999,35000000.0,3228000000,3251974400.0
MFA,2002-12-31,1.1957,46300000.0,55360910.0,64000000.0,3202000000,3193360910.0
MFA,2002-09-30,1.1121,46300000.0,51490230.00000001,113000000.0,3197000000,3135490230.0
MFA,2002-06-30,1.3049,38400000.0,50108160.0,70000000.0,3109000000,3089108160.0
MFA,2002-03-31,1.1295,34500000.0,38967750.0,45000000.0,2487000000,2480967750.0
MFA,2001-12-31,1.0889,24000000.0,26133600.0,59000000.0,1846000000,1813133600.0
MFA,2001-09-30,1.0605,19100000.0,20255550.0,22000000.0,1281000000,1279255550.0
MFA,2001-06-30,0.8714,9200000.0,8016880.0,63000000.0,749000000,694016880.0
MFA,2001-03-31,0.8371,8800000.0,7366480.0,15000000.0,482000000,474366480.0
MFA,2000-12-31,0.5578,8700000.0,4852860.0,8000000.0,449000000,445852860.0
MFA,2000-09-30,0.5624,8900000.0,5005360.0,14000000.0,473000000,464005360.0
MFA,2000-06-30,0.5293,8900000.0,4710770.0,16000000.0,472000000,460710770.0
MFA,2000-03-31,0.529,9000000.0,4761000.0,10000000.0,485000000,479761000.0
MFA,1999-12-31,0.4438,9000000.0,3994199.9999999995,20000000.0,452000000,435994200.0
MFA,1999-09-30,0.4606,9100000.0,4191460.0,14000000.0,396000000,386191460.0
MFA,1999-06-30,0.4479,9100000.0,4075890.0,7000000.0,371000000,368075890.0
MFA,1999-03-31,0.4088,9100000.0,3720080.0,11000000.0,297000000,289720080.0
MFA,1998-12-31,0.3866,9000000.0,3479400.0,6000000.0,190000000,187479400.0
MFA,1998-09-30,0.4661,9000000.0,4194900.0,8000000.0,148000000,144194900.0
MFA,1998-06-30,0.5951,9000000.0,5355900.0,14000000.0,124000000,115355900.0
