symbol,date,stockPrice,numberOfShares,marketCapitalization,minusCashAndCashEquivalents,addTotalDebt,enterpriseValue
MITT,2020-06-30,2.89,32859000.0,94962510.0,68150000.0,450072000.0,476884510.0
MITT,2020-03-31,3.19,32749000.0,104469310.0,92299000.0,1167039000.0,1179209310.0
MITT,2019-12-31,15.86,32637000.0,517622820.0,81692000.0,3457816000.0,3893746820.0
MITT,2019-09-30,14.9083,33311000.0,496610381.3,31468000.0,3856569000.0,4321711381.3
MITT,2019-06-30,15.5128,32577000.0,505360485.6,60097000.0,3001863000.0,3447126485.6
MITT,2019-03-31,15.6538,30700000.0,480571660.0,50779000.0,3225424000.0,3655216660.0
MITT,2018-12-31,15.9135,28683000.0,456446920.5,31579000.0,2833363000.0,3258230920.5
MITT,2018-09-30,14.9654,28438000.0,425586045.20000005,30341000.0,2924862000.0,3320107045.2
MITT,2018-06-30,16.2849,28230000.0,459722727.0,31100000.0,2648200000.0,3076822727.0
MITT,2018-03-31,14.4274,28220000.0,407141228.0,25300000.0,2842100000.0,3223941228.0
MITT,2017-12-31,14.1567,28220000.0,399502074.0,15200000.0,3020900000.0,3405202074.0
MITT,2017-09-30,14.6169,27860000.0,407226834.0,61700000.0,2711800000.0,3057326834.0
MITT,2017-06-30,14.1724,27730000.0,393000652.0,29200000.0,2275500000.0,2639300652.0
MITT,2017-03-31,14.2404,27710000.0,394601484.0,29600000.0,1899200000.0,2264201484.0
MITT,2016-12-31,12.7562,27700000.0,353346740.0,52500000.0,1922000000.0,2222846740.0
MITT,2016-09-30,10.9202,27800000.0,303581560.0,46000000.0,2250800000.0,2508381560.0
MITT,2016-06-30,10.3513,28050000.0,290353965.0,41900000.0,2275800000.0,2524253965.0
MITT,2016-03-31,8.9497,28270000.0,253008019.0,40700000.0,2585200000.0,2797508019.0
MITT,2015-12-31,7.5541,28410000.0,214611981.0,46300000.0,2461900000.0,2630211981.0
MITT,2015-09-30,9.4519,28410000.0,268528479.0,48100000.0,2598400000.0,2818828479.0
MITT,2015-06-30,10.7734,28390000.0,305856826.0,73800000.0,2549200000.0,2781256826.0
MITT,2015-03-31,11.1403,28410000.0,316495923.0,42100000.0,2709000000.0,2983395923.0
MITT,2014-12-31,10.327,28510000.0,294422770.0,64400000.0,2684800000.0,2914822770.0
MITT,2014-09-30,10.3687,28410000.0,294574767.0,43700000.0,2740300000.0,2991174767.0
MITT,2014-06-30,9.7881,28380000.0,277786278.0,11200000.0,2975800000.0,3242386278.0
MITT,2014-03-31,9.0313,28370000.0,256217981.0,33300000.0,3069200000.0,3292117981.0
MITT,2013-12-31,8.1158,28370000.0,230245246.0,86200000.0,2891600000.0,3035645246.0
MITT,2013-09-30,7.8305,28360000.0,222072980.0,35100000.0,2965100000.0,3152072980.0
MITT,2013-06-30,8.4464,28070000.0,237090448.00000003,70500000.0,3821600000.0,3988190448.0
MITT,2013-03-31,11.4278,27400000.0,313121720.0,40700000.0,3981800000.0,4254221720.0
MITT,2012-12-31,10.8821,23430000.0,254967603.0,149600000.0,3911400000.0,4016767603.0
MITT,2012-09-30,9.7628,19460000.0,189984088.0,80500000.0,3843200000.0,3952684088.0
MITT,2012-06-30,8.9911,15770000.0,141789647.0,17500000.0,2133700000.0,2257989647.0
MITT,2012-03-31,7.6817,14180000.0,108926506.0,20800000.0,2086700000.0,2174826506.0
MITT,2011-12-31,7.1064,10010000.0,71135064.0,35900000.0,1150100000.0,1185335064.0
MITT,2011-09-30,6.6147,9380000.0,62045886.0,61500000.0,1088700000.0,1089245886.0
MITT,2011-06-30,6.8255,14179635.0,96783098.6925,0.0,0.0,96783098.6925
