symbol,date,stockPrice,numberOfShares,marketCapitalization,minusCashAndCashEquivalents,addTotalDebt,enterpriseValue
MMM,2020-06-30,154.583,580800000,89781806400.0,4219000000,19276000000.0,104838806400.0
MMM,2020-03-31,133.9501,581500000,77891983150.0,4253000000,19247000000.0,92885983150.0
MMM,2019-12-31,171.5581,582700000,99966904870.0,2353000000,17629000000.0,115242904870.0
MMM,2019-09-30,158.4972,583000000,92403867600.0,7731000000,17595000000.0,102267867600.0
MMM,2019-06-30,166.7187,586100000,97713830070.0,2849000000,15035000000.0,109899830070.0
MMM,2019-03-31,200.7598,588500000,118147142300.0,2938000000,15664000000.0,130873142300.0
MMM,2018-12-31,179.2494,592700000,106241119380.0,2853000000,13411000000.0,116799119380.0
MMM,2018-09-30,198.2625,598400000,118640280000.0,3185000000,13539000000.0,128994280000.0
MMM,2018-06-30,182.5841,604200000,110317313220.0,2801000000,11294000000.0,118810313220.0
MMM,2018-03-31,196.0011,612700000,120089873970.0,3491000000,12211000000.0,128809873970.0
MMM,2017-12-31,215.9484,613300000,132441153720.0,3053000000,12096000000.0,141484153720.0
MMM,2017-09-30,191.3938,612700000,117266981260.0,2831000000,10828000000.0,125263981260.0
MMM,2017-06-30,188.749,612800000,115665387200.0,2654000000,11088000000.0,124099387200.0
MMM,2017-03-31,172.4335,612000000,105529302000.0,2173000000,10802000000.0,114158302000.0
MMM,2016-12-31,159.8925,613900000,98158005750.00002,2398000000,10678000000.0,106438005750.00002
MMM,2016-09-30,156.792,618800000,97022889600.0,2308000000,11079000000.0,105793889600.0
MMM,2016-06-30,154.8396,620900000,96139907640.0,1688000000,9299000000.0,103750907640.0
MMM,2016-03-31,146.3583,621300000,90932411790.00002,1337000000,8927000000.0,98522411790.00002
MMM,2015-12-31,131.3644,625200000,82129022880.0,1798000000,8753000000.0,89084022880.0
MMM,2015-09-30,122.8224,631200000,77525498880.0,1605000000,8974000000.0,84894498880.0
MMM,2015-06-30,132.754,643000000,85360822000.0,2983000000,8431000000.0,90808822000.0
MMM,2015-03-31,141.025,649200000,91553430000.0,1791000000,6459000000.0,96221430000.0
MMM,2014-12-31,139.618,650900000,90877356200.0,1897000000,6705000000.0,95685356200.0
MMM,2014-09-30,119.7388,657900000,78776156520.0,1929000000,5225000000.0,82072156520.0
MMM,2014-06-30,120.3396,669600000,80579396160.0,2125000000,5323000000.0,83777396160.0
MMM,2014-03-31,113.2766,674500000,76405066700.0,1954000000,4401000000.0,78852066700.0
MMM,2013-12-31,116.3448,681300000,79265712240.0,2581000000,4326000000.0,81010712240.0
MMM,2013-09-30,98.5732,691800000,68192939760.0,2340000000,3533000000.0,69385939760.0
MMM,2013-06-30,89.7392,699100000,62736674720.0,2942000000,4884000000.0,64678674720.0
MMM,2013-03-31,86.2428,702100000,60551069880.0,2928000000,4864000000.0,62487069880.0
MMM,2012-12-31,75.3288,701400000,52835620320.0,2883000000,4916000000.0,54868620320.0
MMM,2012-09-30,75.1873,703100000,52864190629.99999,3029000000,4852000000.0,54687190629.99999
MMM,2012-06-30,71.7562,702600000,50415906120.00001,3308000000,5657000000.0,52764906120.00001
MMM,2012-03-31,70.9525,706100000,50099560250.0,2332000000,4510000000.0,52277560250.0
MMM,2011-12-31,64.5675,707500000,45681506250.0,2219000000,4484000000.0,47946506250.0
MMM,2011-09-30,56.3169,715500000,40294741950.0,3376000000,4955000000.0,41873741950.0
MMM,2011-06-30,73.9084,726500000,53694452600.0,3376000000,4484000000.0,54802452600.0
MMM,2011-03-31,72.4295,726400000,52612788800.0,2747000000,4486000000.0,54351788800.0
MMM,2010-12-31,66.4524,727600000,48350766240.0,3377000000,4183000000.0,49156766240.0
MMM,2010-09-30,66.352,725200000,48118470400.0,4466000000,5105000000.0,48757470400.0
MMM,2010-06-30,60.0671,725700000,43590694470.0,3022000000,4949000000.0,45517694470.0
MMM,2010-03-31,63.1529,723500000,45691123150.0,2848000000,5080000000.0,47923123150.0
MMM,2009-12-31,62.0652,719600000,44662117920.0,3040000000,5097000000.0,46719117920.0
MMM,2009-09-30,55.0473,710800000,39127620840.0,3239000000,5204000000.0,41092620840.0
MMM,2009-06-30,44.5035,700300000,31165801050.0,2596000000,5166000000.0,33735801050.0
MMM,2009-03-31,36.4989,695900000,25399584510.0,1632000000,5088000000.0,28855584510.0
MMM,2008-12-31,41.7852,696600000,29107570320.000004,1849000000,5166000000.0,32424570320.000004
MMM,2008-09-30,49.2074,703100000,34597722940.0,2240000000,0.0,32357722940.0
MMM,2008-06-30,49.778,712000000,35441936000.0,1547000000,4095000000.0,37989936000.0
MMM,2008-03-31,56.2511,717200000,40343288920.0,2727000000,4140000000.0,41756288920.0
MMM,2007-12-31,59.5501,725200000,43185732520.0,1896000000,4019000000.0,45308732520.0
MMM,2007-09-30,66.5161,729900000,48550101389.99999,1675000000,2824000000.0,49699101389.99999
MMM,2007-06-30,60.6038,731700000,44343800460.0,1348000000,1766000000.0,44761800460.0
MMM,2007-03-31,53.0723,741300000,39342495990.0,1697000000,1771000000.0,39416495990.0
MMM,2006-12-31,53.7747,748800000,40266495360.0,1447000000,1047000000.0,39866495360.0
MMM,2006-09-30,51.0624,756200000,38613386880.0,999000000,1230000000.0,38844386880.0
MMM,2006-06-30,55.0619,770400000,42419687760.0,987000000,1253000000.0,42685687760.0
MMM,2006-03-31,51.3252,768600000,39448548720.0,912000000,1291000000.0,39827548720.0
MMM,2005-12-31,52.2223,771700000,40299948910.0,1072000000,1309000000.0,40536948910.0
MMM,2005-09-30,49.1705,777100000,38210395550.0,1848000000,688000000.0,37050395550.0
MMM,2005-06-30,48.176,785000000,37818160000.0,1765000000,706000000.0,36759160000.0
MMM,2005-03-31,56.7868,791400000,44941073520.0,2669000000,707000000.0,42979073520.0
MMM,2004-12-31,54.1161,790400000,42773365440.0,2757000000,727000000.0,40743365440.0
MMM,2004-09-30,52.4992,796200000,41799863040.0,2200000000,1284000000.0,40883863040.0
MMM,2004-06-30,58.82,799700000,47038354000.0,2314000000,1303000000.0,46027354000.0
MMM,2004-03-31,53.269,799500000,42588565500.0,1818000000,1718000000.0,42488565500.0
MMM,2003-12-31,55.077,800900000,44111169300.0,1836000000,1735000000.0,44010169300.0
MMM,2003-09-30,44.5479,797500000,35526950250.0,1279000000,1738000000.0,35985950250.0
MMM,2003-06-30,41.2139,792400000,32657894360.000004,974000000,1962000000.0,33645894360.000004
MMM,2003-03-31,41.1099,790600000,32501486940.000004,561000000,2119000000.0,34059486940.000004
MMM,2002-12-31,38.5757,791200000,30521093840.0,618000000,2140000000.0,32043093840.0
MMM,2002-09-30,34.072,790000000,26916880000.000004,821000000,1678000000.0,27773880000.000004
MMM,2002-06-30,39.0926,792200000,30969157719.999996,665000000,1838000000.0,32142157719.999996
MMM,2002-03-31,35.0221,790400000,27681467840.0,590000000,1891000000.0,28982467840.0
MMM,2001-12-31,35.5277,793600000,28194782720.000004,616000000,1520000000.0,29098782720.000004
MMM,2001-09-30,28.8117,796800000,22957162560.0,439000000,1425000000.0,23943162560.0
MMM,2001-06-30,33.5619,804400000,26997192360.0,566000000,1240000000.0,27671192360.0
MMM,2001-03-31,30.2512,804800000,24346165760.0,575000000,955000000.0,24726165760.0
MMM,2000-12-31,34.3365,799200000,27441730800.0,302000000,971000000.0,28110730800.0
MMM,2000-09-30,25.9302,798000000,20692299600.0,323000000,1141000000.0,21510299600.0
MMM,2000-06-30,23.3337,798400000,18629626080.0,420000000,1193000000.0,19402626080.0
MMM,2000-03-31,24.5768,803800000,19754831840.0,214000000,1449000000.0,20989831840.0
MMM,1999-12-31,26.8115,810000000,21717315000.0,387000000,1480000000.0,22810315000.0
MMM,1999-09-30,26.0236,813600000,21172800960.0,302000000,1550000000.0,22420800960.0
MMM,1999-06-30,23.2823,814800000,18970418040.0,258000000,1553000000.0,20265418040.0
MMM,1999-03-31,18.7062,811800000,15185693160.0,253000000,1569000000.0,16501693160.0
MMM,1998-12-31,18.5298,810600000,15020255880.000002,211000000,1614000000.0,16423255880.000002
MMM,1998-09-30,18.9322,813400000,15399451480.000002,204000000,1426000000.0,16621451480.000002
MMM,1998-06-30,20.8163,820000000,17069365999.999998,219000000,1221000000.0,18071366000.0
MMM,1998-03-31,22.7868,820000000,18685176000.0,180000000,1216000000.0,19721176000.0
MMM,1997-12-31,20.2924,825800000,16757463920.0,230000000,1015000000.0,17542463920.0
MMM,1997-09-30,22.6004,838400000,18948175360.0,306000000,1131000000.0,19773175360.0
MMM,1997-06-30,24.7144,843800000,20854010720.0,391000000,1118000000.0,21581010720.0
MMM,1997-03-31,20.218,846200000,17108471600.0,373000000,831000000.0,17566471600.0
MMM,1996-12-31,19.5843,846200000,16572234660.0,583000000,851000000.0,16840234660.0
MMM,1996-09-30,16.2621,836600000,13604872860.0,584000000,691000000.0,13711872860.0
MMM,1996-06-30,15.7878,837800000,13227018840.0,633000000,681000000.0,13275018840.0
MMM,1996-03-31,14.5119,837000000,12146460300.0,527000000,984000000.0,12603460300.0
MMM,1995-12-31,14.5757,838600000,12223182020.0,485000000,1203000000.0,12941182020.0
MMM,1995-09-30,11.9524,839800000,10037625520.0,344000000,1213000000.0,10906625520.0
MMM,1995-06-30,11.958,840400000,10049503200.0,397000000,1231000000.0,10883503200.0
MMM,1995-03-31,11.9295,839600000,10016008200.0,355000000,1213000000.0,10874008200.0
MMM,1994-12-31,10.763,842000000,9062446000.0,297000000,1031000000.0,9796446000.0
MMM,1994-09-30,10.9561,851600000,9330214760.0,304000000,939000000.0,9965214760.0
MMM,1994-06-30,9.6847,845800000,8191319259.999999,309000000,951000000.0,8833319260.0
MMM,1994-03-31,9.4872,853400000,8096376480.0,390000000,811000000.0,8517376480.0
MMM,1993-12-31,10.0819,861200000,8682532280.0,274000000,796000000.0,9204532280.0
MMM,1993-09-30,9.2364,874200000,8074460880.0,318000000,682000000.0,8438460880.0
MMM,1993-06-30,9.4002,872800000,8204494560.0,329000000,679000000.0,8554494560.0
MMM,1993-03-31,9.2507,875200000,8096212640.0,309000000,635000000.0,8422212640.0
MMM,1992-12-31,8.2318,876400000,7214349520.0,382000000,687000000.0,7519349520.0
MMM,1992-09-30,8.1256,876400000,7121275840.0,264000000,722000000.0,7579275840.0
MMM,1992-06-30,7.4442,876000000,6521119200.0,238000000,861000000.0,7144119200.0
MMM,1992-03-31,6.581,876800000,5770220800.0,231000000,851000000.0,6390220800.0
MMM,1991-12-31,6.8173,877200000,5980135560.0,258000000,764000000.0,6486135560.0
MMM,1991-09-30,6.2218,878400000,5465229120.0,255000000,852000000.0,6062229120.0
MMM,1991-06-30,6.2553,878800000,5497157640.0,176000000,879000000.0,6200157640.0
MMM,1991-03-31,5.6564,879200000,4973106880.0,197000000,841000000.0,5617106880.0
MMM,1990-12-31,5.3158,878800000,4671525040.0,294000000,760000000.0,5137525040.0
MMM,1990-09-30,4.749,884800000,4201915199.9999995,311000000,795000000.0,4685915200.0
MMM,1990-06-30,4.9912,888400000,4434182080.0,590000000,900000000.0,4744182080.0
MMM,1990-03-31,4.5227,890400000,4027012080.0000005,277000000,805000000.0,4555012080.0
MMM,1989-12-31,4.3128,895200000,3860818560.0,413000000,885000000.0,4332818560.0
