symbol,date,stockPrice,numberOfShares,marketCapitalization,minusCashAndCashEquivalents,addTotalDebt,enterpriseValue
MSFT,2020-06-30,203.899994,7653000000,1560446654082.0,13576000000,68534000000,1615404654082.0
MSFT,2020-03-31,179.210007,7675000000,1375436803725.0,11710000000,71002000000,1434728803725.0
MSFT,2019-12-31,172.779999,7691000000,1328850972309.0,8864000000,71648000000,1391634972309.0
MSFT,2019-09-30,144.610001,7710000000,1114943107710.0,13117000000,73939000000,1175765107710.0
MSFT,2019-06-30,140.350006,7735000000,1085607296410.0,11356000000,72919000000,1147170296410.0
MSFT,2019-03-31,130.600006,7744000000,1011366446464.0,11212000000,72113000000,1072267446464.0
MSFT,2018-12-31,106.379997,7768000000,826359816696.0,6638000000,74618000000,894339816696.0
MSFT,2018-09-30,103.730003,7766000000,805567203298.0,15137000000,74204000000,864634203298.0
MSFT,2018-06-30,105.370003,7782000000,819989363346.0,11946000000,76367000000,884410363346.0
MSFT,2018-03-31,93.519997,7794000000,728894856618.0,9221000000,77860000000,797533856618.0
MSFT,2017-12-31,92.739998,7710000000,715025384580.0,12859000000,89560000000,791726384580.0
MSFT,2017-09-30,83.889999,7799000000,654258102201.0,6884000000,87552000000,734926102201.0
MSFT,2017-06-30,73.040001,7808000000,570296327808.0,7663000000,87570000000,650203327808.0
MSFT,2017-03-31,68.459999,7813000000,534877972187.0,6713000000,85109000000,613273972187.0
MSFT,2016-12-31,65.129997,7830000000,509967876510.0,8468000000,85871000000,587370876510.0
MSFT,2016-09-30,59.869999,7876000000,471536112124.0,13928000000,75690000000,533298112124.0
MSFT,2016-06-30,56.68,7929000000,449415720000.0,6510000000,53461000000,496366720000.0
MSFT,2016-03-31,49.869999,7985000000,398211942015.0,7170000000,46394000000,437435942015.0
MSFT,2015-12-31,55.09,8051000000,443529590000.0,7185000000,43679000000,480023590000.0
MSFT,2015-09-30,52.639999,8084000000,425541751916.0,5431000000,37817000000,457927751916.0
MSFT,2015-06-30,46.880001,8063000000,377993448063.0,5595000000,32793000000,405191448063.0
MSFT,2015-03-31,48.639999,8237000000,400647671763.0,7414000000,29369000000,422602671763.0
MSFT,2014-12-31,40.400002,8297000000,335198816594.0,6426000000,26559000000,355331816594.0
MSFT,2014-09-30,46.049999,8351000000,384563541649.0,6302000000,21972000000,400233541649.0
MSFT,2014-06-30,43.580002,8363000000,364459556726.0,8669000000,22645000000,378435556726.0
MSFT,2014-03-31,40.400002,8367000000,338026816734.0,11572000000,20679000000,347133816734.0
MSFT,2013-12-31,36.860001,8395000000,309439708395.0,10059000000,20976000000,320356708395.0
MSFT,2013-09-30,35.540001,8434000000,299744368434.0,4023000000,13932000000,309653368434.0
MSFT,2013-06-30,31.85,8464000000,269578400000.0,3804000000,12601000000,278375400000.0
MSFT,2013-03-31,33.099998,8429000000,278999883142.0,5240000000,11949000000,285708883142.0
MSFT,2012-12-31,27.85,8444000000,235165400000.0,6017000000,11947000000,241095400000.0
MSFT,2012-09-30,28.209999,8494000000,239615731506.0,5036000000,9714000000,244293731506.0
MSFT,2012-06-30,29.639999,8388000000,248620311612.0,6938000000,10713000000,252395311612.0
MSFT,2012-03-31,32.02,8498000000,272105960000.00003,6388000000,11938000000,277655960000.0
MSFT,2011-12-31,29.610001,8465000000,250648658465.0,10610000000,11932000000,251970658465.0
MSFT,2011-09-30,26.98,8490000000,229060200000.0,12881000000,11927000000,228106200000.0
MSFT,2011-06-30,27.4,8521000000,233475400000.0,9610000000,11921000000,235786400000.0
MSFT,2011-03-31,25.92,8510000000,220579200000.0,7021000000,11915000000,225473200000.0
MSFT,2010-12-31,27.75,8570000000,237817500000.0,4023000000,9671000000,243465500000.0
MSFT,2010-09-30,26.67,8695000000,231895650000.0,8161000000,10665000000,234399650000.0
MSFT,2010-06-30,25.809999,8821000000,227670001179.0,5505000000,5939000000,228104001179.0
MSFT,2010-03-31,30.540001,8876000000,271073048876.0,8155000000,5995000000,268913048876.0
MSFT,2009-12-31,28.18,8951000000,252239180000.0,9422000000,5995000000,248812180000.0
MSFT,2009-09-30,27.73,8983000000,249098590000.0,8823000000,5996000000,246271590000.0
MSFT,2009-06-30,23.809999,8928000000,212575671072.0,6076000000,5746000000,212245671072.0
MSFT,2009-03-31,20.26,8904000000,180395040000.0,7285000000,1999000000,175109040000.0
MSFT,2008-12-31,17.1,8914000000,152429400000.0,8346000000,2000000000,146083400000.0
MSFT,2008-09-30,22.629999,9183000000,207811280817.0,9004000000,1975000000,200782280817.0
MSFT,2008-06-30,26.23,9380000000,246037400000.0,10339000000,0,235698400000.0
MSFT,2008-03-31,28.52,9428000000,268886560000.0,11820000000,0,257066560000.0
MSFT,2007-12-31,32.200001,9503000000,305996609503.0,7460000000,0,298536609503.0
MSFT,2007-09-30,35.57,9513000000,338377410000.0,6637000000,0,331740410000.0
MSFT,2007-06-30,29.4,9657000000,283915800000.0,6111000000,0,277804800000.0
MSFT,2007-03-31,29.940001,9862000000,295268289862.0,7611000000,0,287657289862.0
MSFT,2006-12-31,30.48,9942000000,303032160000.0,6859000000,0,296173160000.0
MSFT,2006-09-30,28.530001,10010000000,285585310010.0,9076000000,0,276509310010.0
MSFT,2006-06-30,24.25,10255000000,248683750000.0,6714000000,0,241969750000.0
MSFT,2006-03-31,24.15,10415000000,251522250000.0,4351000000,0,247171250000.0
MSFT,2005-12-31,28.0,10638000000,297864000000.0,4083000000,0,293781000000.0
MSFT,2005-09-30,25.530001,10772000000,275009170772.0,2974000000,0,272035170772.0
MSFT,2005-06-30,25.610001,10819000000,277074600819.0,4851000000,0,272223600819.0
MSFT,2005-03-31,25.299999,10931000000,276554289069.0,3782000000,0,272772289069.0
MSFT,2004-12-31,26.18,10956000000,286828080000.0,4556000000,0,282272080000.0
MSFT,2004-09-30,27.969999,10920000000,305432389080.0,11141000000,0,294291389080.0
MSFT,2004-06-30,28.49,10864000000,309515360000.0,14304000000,0,295211360000.0
MSFT,2004-03-31,26.129999,10856000000,283667269144.0,9348000000,0,274319269144.0
MSFT,2003-12-31,27.65,10899000000,301357350000.0,6149000000,0,295208350000.0
MSFT,2003-09-30,26.120001,10885000000,284316210885.0,5768000000,0,278548210885.0
MSFT,2003-06-30,26.23,10862000000,284910260000.0,6438000000,0,278472260000.0
MSFT,2003-03-31,25.57,10837000000,277102090000.0,4300000000,0,272802090000.0
MSFT,2002-12-31,24.120001,10846000000,261605530845.99997,5552000000,0,256053530845.99997
MSFT,2002-09-30,26.555,10933000000,290325815000.0,5338000000,0,284987815000.0
MSFT,2002-06-30,24.049999,11061000000,266017038939.0,3016000000,0,263001038939.0
MSFT,2002-03-31,26.129999,11129000000,290800758871.0,5116000000,0,285684758871.0
MSFT,2001-12-31,31.424999,11112000000,349194588888.0,5256000000,0,343938588888.0
MSFT,2001-09-30,29.440001,11134000000,327784971134.0,3113000000,0,324671971134.0
MSFT,2001-06-30,32.900002,11184000000,367953622368.0,3922000000,0,364031622368.0
MSFT,2001-03-31,33.875,11126000000,376893250000.0,4149000000,0,372744250000.0
MSFT,2000-12-31,31.6875,11140000000,352998750000.0,3531000000,0,349467750000.0
MSFT,2000-09-30,34.53125,11114000000,383780312500.0,2641000000,0,381139312500.0
MSFT,2000-06-30,34.84375,11072000000,385790000000.0,4846000000,0,380944000000.0
MSFT,2000-03-31,34.875,11086000000,386624250000.0,21205000000,0,365419250000.0
MSFT,1999-12-31,49.125,11076000000,544108500000.0,17843000000,0,526265500000.0
MSFT,1999-09-30,46.28125,11054000000,511592937500.0,18902000000,0,492690937500.0
MSFT,1999-06-30,42.90625,11042000000,473770812500.0,4975000000,0,468795812500.0
MSFT,1999-03-31,40.65625,11024000000,448194500000.0,21761000000,0,426433500000.0
MSFT,1998-12-31,43.75,10920000000,477750000000.0,19237000000,0,458513000000.0
MSFT,1998-09-30,26.46875,10868000000,287662375000.0,17242000000,0,270420375000.0
MSFT,1998-06-30,28.359375,10824000000,306961875000.0,13927000000,0,293034875000.0
MSFT,1998-03-31,22.53125,10740000000,241985625000.0,12322000000,0,229663625000.0
MSFT,1997-12-31,18.648438,10668000000,198941536584.0,10105000000,0,188836536584.0
MSFT,1997-09-30,16.078125,10660000000,171392812500.0,9634000000,0,161758812500.0
MSFT,1997-06-30,17.640625,10616000000,187272875000.0,8966000000,0,178306875000.0
MSFT,1997-03-31,15.1875,10548000000,160197750000.0,9086000000,0,151111750000.0
MSFT,1996-12-31,12.640625,10432000000,131867000000.0,9160000000,0,122707000000.0
MSFT,1996-09-30,8.515625,10344000000,88085625000.0,7098000000,0,80987625000.0
MSFT,1996-06-30,7.414063,10316000000,76483473908.0,6940000000,0,69543473908.0
MSFT,1996-03-31,7.078125,10224000000,72366750000.0,6770000000,0,65596750000.0
MSFT,1995-12-31,5.675781,10204000000,57915669324.0,6017000000,0,51898669324.0
MSFT,1995-09-30,6.421875,10236000000,65734312500.0,5064000000,0,60670312500.0
MSFT,1995-06-30,5.789063,10156000000,58793723828.0,4750000000,0,54043723828.0
MSFT,1995-03-31,5.109375,10016000000,51175500000.0,4465000000,0,46710500000.0
MSFT,1994-12-31,3.6875,10004000000,36889750000.0,3839000000,0,33050750000.0
MSFT,1994-09-30,3.882813,9956000000,38657286228.0,3776000000,0,34881286228.0
MSFT,1994-06-30,3.21875,9868000000,31762625000.0,3614000000,0,28148625000.0
MSFT,1994-03-31,2.890625,9728000000,28120000000.0,3143000000,0,24977000000.0
MSFT,1993-12-31,2.652344,9728000000,25802002432.0,2796000000,0,23006002432.0
MSFT,1993-09-30,2.503906,9692000000,24267856952.0,2532000000,0,21735856952.0
MSFT,1993-06-30,2.3125,9756000000,22560750000.0,2290000000,0,20270750000.0
MSFT,1993-03-31,2.671875,9736000000,26013375000.0,2001000000,0,24012375000.0
MSFT,1992-12-31,2.703125,9708000000,26241937500.0,1781000000,0,24460937500.0
MSFT,1992-09-30,2.773438,9564000000,26525161032.0,1481000000,0,25044161032.0
MSFT,1992-06-30,2.285156,9533000000,21784392148.0,1345000000,8000000,20447392148.0
MSFT,1992-03-31,2.296875,9509000000,21840984375.0,1144000000,12000000,20708984375.0
MSFT,1991-12-31,2.572917,9389000000,24157117713.0,976000000,18000000,23199117713.0
MSFT,1991-09-30,1.96875,9230000000,18171562500.0,859000000,19000000,17331562500.0
MSFT,1991-06-30,1.515625,9161000000,13884640625.0,686000000,20000000,13218640625.0
MSFT,1991-03-31,1.375,9091000000,12500125000.0,605000000,21000000,11916125000.0
MSFT,1990-12-31,1.336806,8904000000,11902920624.0,540000000,18000000,11380920624.0
MSFT,1990-09-30,0.887153,8878000000,7876144334.0,495000000,10000000,7391144334.0
MSFT,1990-06-30,0.944444,8890000000,8396107160.0,449000000,7000000,7954107160.0
MSFT,1990-03-31,0.805556,8717000000,7022031652.0,447000000,7000000,6582031652.0
MSFT,1989-12-31,0.633681,8546000000,5415437826.0,380000000,10000000,5045437826.0
MSFT,1989-09-30,0.552951,8237000000,4554657387.0,336000000,27000000,4245657387.0
MSFT,1989-06-30,0.376736,8246000000,3106565056.0,301000000,25000000,2830565056.0
