symbol,date,stockPrice,numberOfShares,marketCapitalization,minusCashAndCashEquivalents,addTotalDebt,enterpriseValue
MTL,2020-06-30,1.72,0.0,0.0,4272000000.0,655000000.0,-3617000000.0
MTL,2020-05-26,1.81,0.0,0.0,6816000000.0,0.0,-6816000000.0
MTL,2019-12-31,3.15,0.0,0.0,3509000000.0,0.0,-3509000000.0
MTL,2019-11-19,1.92,0.0,0.0,2947000000.0,0.0,-2947000000.0
MTL,2019-08-15,1.95,0.0,0.0,3772000000.0,0.0,-3772000000.0
MTL,2019-05-23,2.23,0.0,0.0,2745000000.0,0.0,-2745000000.0
MTL,2019-03-31,2.37,208000000.0,492960000.0,42329951.5634,7116304818.829399,7566934867.265999
MTL,2018-12-31,2.4,416270745.0,999049788.0,1803000000.0,0.0,-803950212.0
MTL,2018-11-27,2.01,416270745.0,836704197.4499999,2777000000.0,0.0,-1940295802.5500002
MTL,2018-09-30,2.66,416000000.0,1106560000.0,42219110.6469,6535905425.8475,7600246315.2006
MTL,2018-08-22,3.01,416270745.0,1252974942.4499998,2936000000.0,0.0,-1683025057.5500002
MTL,2018-06-30,3.46,416000000.0,1439360000.0,46786160.4753,6432795109.7626,7825368949.2873
MTL,2018-05-24,3.13,0.0,0.0,1277000000.0,0.0,-1277000000.0
MTL,2018-03-31,4.98,416000000.0,2071680000.0000002,0.0,7632189901.2265,9703869901.2265
MTL,2017-12-31,5.03,509125000.0,2560898750.0,2452000000.0,0.0,108898750.0
MTL,2017-08-23,5.16,509125000.0,2627085000.0,2951000000.0,0.0,-323915000.0
MTL,2017-05-31,4.63,375500000.0,1738565000.0,2888000000.0,0.0,-1149435000.0
MTL,2016-12-31,6.14,-1120235294117.0,-6878244705878.38,1689000000.0,0.0,-6879933705878.38
MTL,2016-11-29,5.87,0.0,0.0,2350000000.0,0.0,-2350000000.0
MTL,2016-08-29,2.9,0.0,0.0,2822000000.0,0.0,-2822000000.0
MTL,2015-12-31,2.0,0.0,0.0,0.0,0.0,0.0
MTL,2015-06-23,2.08,416270745.0,865843149.6,63130000000.0,12940228000000.0,12877963843149.6
MTL,2014-12-31,2.6,416270745000.0,1082303937000.0,1615000.0,21958000.0,1082324280000.0
MTL,2014-12-09,1.38,17666417322000.0,24379655904360.0,72062000000.0,15236640000000.0,39544233904360.0
MTL,2014-10-14,1.68,16722740157000.0,28094203463760.0,68974000000.0,800655000000.0,28825884463760.0
MTL,2013-12-31,4.04,416270745000.0,1681733809800.0,268525000.0,2969824000.0,1684435108800.0
MTL,2013-12-23,4.32,7787846000000.0,33643494720000.004,97110000000.0,3534172000000.0,37080556720000.0
MTL,2013-06-18,5.98,416270745.0,2489299055.1000004,170207000000.0,4931476000000.0,4763758299055.1
MTL,2012-12-31,12.98,416270745000.0,5403194270100.0,294958000.0,2921500000.0,5405820812100.0
MTL,2012-12-12,13.82,3415857113.0,47207145301.66,582198000.0,4808558000.0,51433505301.66
MTL,2012-10-02,13.3,6089480874.0,80990095624.2,150759000.0,5481876000.0,86321212624.2
MTL,2012-06-21,11.6,416270745000.0,4828740642000.0,439677000.0,4972394000.0,4833273359000.0
MTL,2011-12-31,21.9,416270745000.0,9116329315500.0,643379000.0,5302714000.0,9120988650500.0
MTL,2011-12-15,19.02,-54097000000.0,-1028924940000.0,518123000.0,4732728000.0,-1024710335000.0
MTL,2011-10-11,23.98,-13822000000.0,-331451560000.0,356180000.0,4124226000.0,-327683514000.0
MTL,2011-06-29,49.76,416270745000.0,20713632271200.0,212917000.0,4821014000.0,20718240368200.0
MTL,2010-12-31,60.76,416270745000.0,25292610466200.0,340800000.0,4155618000.0,25296425284200.0
MTL,2010-12-14,66.52,0.0,0.0,282361000.0,3578972000.0,3296611000.0
MTL,2009-12-31,39.58,416270745.0,16475996087.099998,414696000.0,3846098000.0,19907398087.1
MTL,2008-12-31,6.8,416270745.0,2830641066.0,254839000.0,10298830000.0,12874632066.0
MTL,2008-12-18,6.54,416270745.0,2722410672.3,236779000.0,155791000.0,2641422672.3
MTL,2008-07-14,53.84,416270745.0,22412016910.800003,236779000.0,155791000.0,22331028910.800003
MTL,2007-12-31,61.44,416270745.0,25575674572.8,236779000.0,2270208000.0,27609103572.8
MTL,2007-12-11,62.44,406522184.0,25383245168.96,172614000.0,90698000.0,25301329168.96
MTL,2007-07-11,26.82,403274537.0,10815823082.34,172614000.0,90698000.0,10733907082.34
MTL,2006-12-31,18.0,407600675.0,7336812150.0,172614000.0,90698000.0,7254896150.0
MTL,2005-12-31,19.33,403118680.0,7792284084.4,311775000.0,80292000.0,7560801084.4
MTL,2005-10-17,19.34,403118680.0,7796315271.2,1024761000.0,69847000.0,6841401271.2
MTL,2004-12-31,17.07,0.0,0.0,1024761000.0,697760000.0,-327001000.0
