symbol,date,stockPrice,numberOfShares,marketCapitalization,minusCashAndCashEquivalents,addTotalDebt,enterpriseValue
NETE,2020-06-30,15.76,4146396,65347200.96,865812,9923272,74404660.96000001
NETE,2020-03-31,2.2,4117640,9058808.0,606670,8352630,16804768.0
NETE,2019-12-31,3.32,4067270,13503336.399999999,486600,8342460,21359196.4
NETE,2019-09-30,4.25,4152430,17647827.5,492660,7982730,25137897.5
NETE,2019-06-30,3.78,4199080,15872522.399999999,840170,7074980,22107332.4
NETE,2019-03-31,5.65,3908870,22085115.5,476990,5960360,27568485.5
NETE,2018-12-31,5.83,3862890,22520648.7,1645480,5946050,26821218.7
NETE,2018-09-30,4.66,3901220,18179685.2,2563100,5072400,20688985.2
NETE,2018-06-30,7.15,3860000,27599000.0,6540000,5050000,26109000.0
NETE,2018-03-31,7.93,3850000,30530500.0,9190000,5040000,26380500.0
NETE,2017-12-31,7.29,2560000,18662400.0,11290000,4520000,11892400.0
NETE,2017-09-30,4.81,1890000,9090900.0,920000,6890000,15060900.0
NETE,2017-06-30,4.4,1770000,7788000.000000001,1270000,6250000,12768000.0
NETE,2017-03-31,8.1,1650000,13365000.0,810000,3840000,16395000.0
NETE,2016-12-31,8.7,1530000,13310999.999999998,620000,3620000,16310999.999999998
NETE,2016-09-30,11.0,1400000,15400000.0,1390000,4050000,18060000.0
NETE,2016-06-30,21.6,1160000,25056000.0,630000,3820000,28246000.0
NETE,2016-03-31,34.0,1130000,38420000.0,720000,3470000,41170000.0
NETE,2015-12-31,23.0,940000,21620000.0,1030000,3650000,24240000.0
NETE,2015-09-30,11.0,690000,7590000.0,320000,3700000,10970000.0
NETE,2015-06-30,24.0,500000,12000000.0,680000,3930000,15250000.0
NETE,2015-03-31,115.0,460000,52900000.0,770000,3650000,55780000.0
NETE,2014-12-31,112.0,450000,50400000.0,500000,3220000,53120000.0
NETE,2014-09-30,143.0,390000,55770000.0,1410000,3220000,57580000.0
NETE,2014-06-30,209.0,420000,87780000.0,1270000,16900000,103410000.0
NETE,2014-03-31,223.0,320000,71360000.0,780000,27090000,97670000.0
NETE,2013-12-31,438.0,290000,127020000.0,130000,25980000,152870000.0
NETE,2013-09-30,457.0,280000,127960000.0,3930000,29210000,153240000.0
NETE,2013-06-30,622.0,280000,174160000.0,2010000,22980000,195130000.0
NETE,2013-03-31,374.0,280000,104720000.0,2030000,8510000,111200000.0
NETE,2012-12-31,261.0,280000,73080000.0,3550000,9400000,78930000.0
NETE,2012-09-30,651.0,190000,123690000.0,10000,0,123680000.0
NETE,2012-06-30,16.0,190000,3040000.0,20000,0,3020000.0
NETE,2012-03-31,11.0,190000,2090000.0,10000,0,2080000.0
NETE,2011-12-31,16.0,370000,5920000.0,80000,0,5840000.0
NETE,2011-09-30,15.0,240000,3600000.0,477642,4772695,7895053.0
NETE,2011-06-30,6.0,60000,360000.0,160000,0,200000.0
NETE,2010-12-31,1.0,0,0.0,210000,0,-210000.0
NETE,2010-06-22,9.0,0,0.0,30000,0,-30000.0
