symbol,date,stockPrice,numberOfShares,marketCapitalization,minusCashAndCashEquivalents,addTotalDebt,enterpriseValue
NFLX,2020-06-30,455.04,453945000,206563132800.0,7153248000,15294998000,214704882800.0
NFLX,2020-03-31,375.5,452494000,169911497000.0,5151884000,14170692000,178930305000.0
NFLX,2019-12-31,323.57,451372000,146050438040.0,5018437000,14759260000,155791261040.0
NFLX,2019-09-30,267.62,451552000,120844346240.0,4435018000,12425746000,128835074240.0
NFLX,2019-06-30,374.6,452195000,169392247000.0,5004247000,12594135000,176982135000.0
NFLX,2019-03-31,366.96,451922000,165837297120.0,3348557000,10305023000,172793763120.0
NFLX,2018-12-31,267.66,451127000,120748652820.00002,3794483000,10360058000,127314227820.00002
NFLX,2018-09-30,381.43,451900000,172368217000.0,3068000000,8337000000,177637217000.0
NFLX,2018-06-30,391.43,451600000,176769788000.0,3906000000,8342000000,181205788000.0
NFLX,2018-03-31,280.29,450400000,126242616000.00002,2594000000,6542000000,130190616000.00002
NFLX,2017-12-31,201.07,448200000,90119574000.0,2823000000,6499000000,93795574000.0
NFLX,2017-09-30,181.35,447400000,81135990000.0,1746000000,4889000000,84278990000.0
NFLX,2017-06-30,149.41,446300000,66681683000.0,1919000000,4837000000,69599683000.0
NFLX,2017-03-31,147.81,445500000,65849355000.0,1077000000,3365000000,68137355000.0
NFLX,2016-12-31,123.8,440100000,54484380000.0,1467000000,3364000000,56381380000.0
NFLX,2016-09-30,98.55,438400000,43204320000.0,969000000,2374000000,44609320000.0
NFLX,2016-06-30,91.48,438200000,40086536000.0,1391000000,2373000000,41068536000.0
NFLX,2016-03-31,102.23,438000000,44776740000.0,1606000000,2372000000,45542740000.0
NFLX,2015-12-31,114.38,438300000,50132754000.0,1809000000,2371000000,50694754000.0
NFLX,2015-09-30,103.26,437600000,45186576000.0,2115000000,2400000000,45471576000.0
NFLX,2015-06-30,93.8486,436100000,40927374460.0,2294000000,2400000000,41033374460.0
NFLX,2015-03-31,59.5271,433800000,25822855980.0,2455000000,2400000000,25767855980.0
NFLX,2014-12-31,48.8014,432500000,21106605500.0,1114000000,886000000,20878605500.0
NFLX,2014-09-30,64.4543,432700000,27889375610.0,1183000000,900000000,27606375610.0
NFLX,2014-06-30,62.9429,431400000,27153567060.0,1214000000,900000000,26839567060.0
NFLX,2014-03-31,50.29,430800000,21664932000.0,1157000000,900000000,21407932000.0
NFLX,2013-12-31,52.5957,429200000,22574074440.0,605000000,500000000,22469074440.0
NFLX,2013-09-30,44.1729,426900000,18857411010.0,439000000,500000000,18918411010.0
NFLX,2013-06-30,32.04,424100000,13588164000.0,371000000,500000000,13717164000.0
NFLX,2013-03-31,26.0614,421000000,10971849400.0,418000000,700000000,11253849400.0
NFLX,2012-12-31,13.2271,413900000,5474696690.0,290000000,400000000,5584696690.0
NFLX,2012-09-30,8.0071,411100000,3291718810.0,370000000,400000000,3321718810.0
NFLX,2012-06-30,9.7843,411700000,4028196310.0,402000000,400000000,4026196310.0
NFLX,2012-03-31,16.4343,388200000,6379795260.0,396000000,400000000,6383795260.0
NFLX,2011-12-31,9.8986,388100000,3841646660.0,508000000,400000000,3733646660.0
NFLX,2011-09-30,16.1814,377100000,6102005940.0,159000000,232000000,6175005940.0
NFLX,2011-06-30,37.5271,377400000,14162727539.999998,175000000,233000000,14220727539.999998
NFLX,2011-03-31,33.9686,379700000,12897877420.0,150000000,234000000,12981877420.0
NFLX,2010-12-31,25.1,379400000,9522940000.0,194000000,200000000,9528940000.0
NFLX,2010-09-30,23.1657,377500000,8745051750.0,113000000,235000000,8867051750.0
NFLX,2010-06-30,15.5214,380300000,5902788420.0,107000000,235000000,6030788420.0
NFLX,2010-03-31,10.5343,383400000,4038850620.0,80000000,236000000,4194850620.0
NFLX,2009-12-31,7.87,388400000,3056708000.0,134000000,237000000,3159708000.0
NFLX,2009-09-30,6.5957,405600000,2675215920.0,56000000,37000000,2656215920.0
NFLX,2009-06-30,5.9057,417600000,2466220320.0,87000000,37000000,2416220320.0
NFLX,2009-03-31,6.1314,425000000,2605845000.0,115000000,38000000,2528845000.0
NFLX,2008-12-31,4.27,422200000,1802793999.9999998,140000000,38000000,1700793999.9999998
NFLX,2008-09-30,4.4114,435900000,1922929260.0000002,112000000,38000000,1848929260.0000002
NFLX,2008-06-30,3.7243,447000000,1664762100.0,144000000,39000000,1559762100.0
NFLX,2008-03-31,4.95,453900000,2246805000.0,169000000,0,2077805000.0
NFLX,2007-12-31,3.8029,468700000,1782419230.0,177000000,36000000,1641419230.0
NFLX,2007-09-30,3.0314,476600000,1444765240.0,180000000,0,1264765240.0
NFLX,2007-06-30,2.77,489200000,1355084000.0,184000000,0,1171084000.0
NFLX,2007-03-31,3.3129,494700000,1638891630.0,218000000,0,1420891630.0
NFLX,2006-12-31,3.6943,494700000,1827570210.0,400000000,0,1427570210.0
NFLX,2006-09-30,3.2543,492400000,1602417320.0,369000000,0,1233417320.0
NFLX,2006-06-30,3.8871,484200000,1882133820.0,342000000,0,1540133820.0
NFLX,2006-03-31,4.1414,465200000,1926579280.0,228000000,0,1698579280.0
NFLX,2005-12-31,3.8657,468700000,1811853590.0,212000000,0,1599853590.0
NFLX,2005-09-30,3.7129,462100000,1715731090.0,182000000,0,1533731090.0
NFLX,2005-06-30,2.3443,452100000,1059858030.0,171000000,0,888858030.0
NFLX,2005-03-31,1.55,369700000,573035000.0,166000000,0,407035000.0
NFLX,2004-12-31,1.7614,557000000,981099800.0,174000000,0,807099800.0
NFLX,2004-09-30,2.2029,451100000,993728190.0,168000000,0,825728190.0
NFLX,2004-06-30,5.1429,454800000,2338990920.0,153000000,0,2185990920.0
NFLX,2004-03-31,4.8743,359000000,1749873700.0,100000000,0,1649873700.0
NFLX,2003-12-31,3.9064,450000000,1757880000.0,90000000,0,1667880000.0
NFLX,2003-09-30,2.3971,440400000,1055682840.0,79000000,0,976682840.0
NFLX,2003-06-30,1.825,431400000,787305000.0,71000000,0,716305000.0
NFLX,2003-03-31,1.4536,318300000,462680880.0,66000000,0,396680880.0
NFLX,2002-12-31,0.7864,311100000,244649040.0,60000000,0,184649040.0
NFLX,2002-09-30,0.6929,306900000,212651010.0,54000000,0,158651010.0
NFLX,2002-06-30,1.0279,302200000,310631380.0,50000000,1000000,261631380.0
