symbol,date,stockPrice,numberOfShares,marketCapitalization,minusCashAndCashEquivalents,addTotalDebt,enterpriseValue
PEI,2020-06-30,1.36,77269000.0,105085840.00000001,41418000.0,1811120000.0,1874787840.0
PEI,2020-03-31,0.8952,76774000.0,68728084.8,5351000.0,1733711000.0,1797088084.8
PEI,2019-12-31,4.8182,76571000.0,368934392.2,12211000.0,1702778000.0,2059501392.2
PEI,2019-09-30,4.9886,76824000.0,383244206.4,11709000.0,1665475000.0,2037010206.4
PEI,2019-06-30,5.2514,76405000.0,401233217.0,15227000.0,1711164000.0,2097170217.0
PEI,2019-03-31,5.0284,71358000.0,358816567.20000005,10416000.0,1695241000.0,2043641567.2
PEI,2018-12-31,4.6537,69842000.0,325023715.4,18084000.0,1660195000.0,1967134715.4
PEI,2018-09-30,7.1358,69803000.0,498100247.4,19294000.0,1636246000.0,2115052247.4
PEI,2018-06-30,8.2255,70700000.0,581542850.0,42200000.0,1603600000.0,2142942850.0
PEI,2018-03-31,6.9044,69600000.0,480546240.0,89200000.0,1610000000.0,2001346240.0
PEI,2017-12-31,8.9733,69500000.0,623644350.0,15300000.0,1656800000.0,2265144350.0
PEI,2017-09-30,7.4168,69400000.0,514725920.0,76900000.0,1580100000.0,2017925920.0
PEI,2017-06-30,7.8376,69300000.0,543145680.0,19000000.0,1636000000.0,2160145680.0
PEI,2017-03-31,10.2857,69200000.0,711770440.0,18700000.0,1601800000.0,2294870440.0
PEI,2016-12-31,12.7162,69100000.0,878689420.0,9800000.0,1766900000.0,2635789420.0
PEI,2016-09-30,15.2776,69100000.0,1055682160.0,25400000.0,1739500000.0,2769782160.0
PEI,2016-06-30,14.1104,69200000.0,976439680.0,16800000.0,1713400000.0,2673039680.0
PEI,2016-03-31,14.2328,69000000.0,982063200.0,30500000.0,1760300000.0,2711863200.0
PEI,2015-12-31,14.0926,68800000.0,969570879.9999999,22900000.0,1784400000.0,2731070880.0
PEI,2015-09-30,12.6549,68800000.0,870657120.0,22100000.0,1852300000.0,2700857120.0
PEI,2015-06-30,13.4779,68800000.0,927279520.0,31300000.0,1880800000.0,2776779520.0
PEI,2015-03-31,14.5373,68600000.0,997258780.0,37500000.0,1869000000.0,2828758780.0
PEI,2014-12-31,14.5501,68400000.0,995226840.0,40400000.0,1537900000.0,2492726840.0
PEI,2014-09-30,12.2622,68300000.0,837508260.0,51400000.0,1544100000.0,2330208260.0
PEI,2014-06-30,11.459,69300000.0,794108700.0,30700000.0,1624800000.0,2388208700.0
PEI,2014-03-31,10.8701,67900000.0,738079790.0,32600000.0,1653800000.0,2359279790.0
PEI,2013-12-31,11.3103,67700000.0,765707310.0,34200000.0,1632700000.0,2364207310.0
PEI,2013-09-30,11.0193,67600000.0,744904680.0,24900000.0,1628100000.0,2348104680.0
PEI,2013-06-30,11.0245,63500000.0,700055750.0,17500000.0,1654200000.0,2336755750.0
PEI,2013-03-31,10.9652,61600000.0,675456320.0,33600000.0,1836800000.0,2478656320.0
PEI,2012-12-31,10.1061,55200000.0,557856720.0,34000000.0,1900100000.0,2423956720.0
PEI,2012-09-30,9.0488,55200000.0,499493760.0,26200000.0,2077400000.0,2550693760.0
PEI,2012-06-30,8.4131,56000000.0,471133600.0,14600000.0,2046800000.0,2503333600.0
PEI,2012-03-31,8.4716,54900000.0,465090840.0,26000000.0,2158100000.0,2597190840.0
PEI,2011-12-31,5.7274,54700000.0,313288780.0,21800000.0,2162400000.0,2453888780.0
PEI,2011-09-30,4.1666,54700000.0,227913020.0,30300000.0,2176000000.0,2373613020.0
PEI,2011-06-30,8.3426,54700000.0,456340219.99999994,24200000.0,2178400000.0,2610540220.0
PEI,2011-03-31,7.5141,54500000.0,409518450.0,37900000.0,2220500000.0,2592118450.0
PEI,2010-12-31,7.5689,54200000.0,410234380.0,42300000.0,2225500000.0,2593434380.0
PEI,2010-09-30,6.11,54200000.0,331162000.0,43700000.0,2230400000.0,2517862000.0
PEI,2010-06-30,6.2078,50300000.0,312252340.0,29300000.0,2344900000.0,2627852340.0
PEI,2010-03-31,6.2609,43700000.0,273601330.0,34200000.0,2527000000.0,2766401330.0
PEI,2009-12-31,4.1836,43400000.0,181568240.0,74200000.0,2565400000.0,2672768240.0
PEI,2009-09-30,3.6877,42200000.0,155620940.0,90200000.0,2648400000.0,2713820940.0
PEI,2009-06-30,2.371,37600000.0,89149600.0,30000000.0,2602600000.0,2661749600.0
PEI,2009-03-31,1.6374,39000000.0,63858600.0,19300000.0,2602400000.0,2646958600.0
PEI,2008-12-31,3.2087,38900000.0,124818430.0,9800000.0,2560400000.0,2675418430.0
PEI,2008-09-30,7.2439,38800000.0,281063320.0,19500000.0,2522200000.0,2783763320.0
PEI,2008-06-30,8.6368,39200000.0,338562559.99999994,23400000.0,2409100000.0,2724262560.0
PEI,2008-03-31,8.9166,38700000.0,345072420.0,20700000.0,2328500000.0,2652872420.0
PEI,2007-12-31,10.6176,38500000.0,408777600.0,27900000.0,2274400000.0,2655277600.0
PEI,2007-09-30,13.8895,38500000.0,534745750.0,23500000.0,2199800000.0,2711045750.0
PEI,2007-06-30,15.3409,37200000.0,570681480.0,9800000.0,1998400000.0,2559281480.0
PEI,2007-03-31,15.1448,36600000.0,554299680.0,18200000.0,1959700000.0,2495799680.0
PEI,2006-12-31,13.2817,37000000.0,491422900.0,15800000.0,1932700000.0,2408322900.0
PEI,2006-09-30,14.1517,36300000.0,513706710.0,17100000.0,1885600000.0,2382206710.0
PEI,2006-06-30,13.2418,36700000.0,485974060.0,23000000.0,1917400000.0,2380374060.0
PEI,2006-03-31,14.2213,36100000.0,513388930.0,25200000.0,1864100000.0,2352288930.0
PEI,2005-12-31,11.9073,36800000.0,438188640.0,22800000.0,1809000000.0,2224388640.0
PEI,2005-09-30,13.2379,36900000.0,488478510.0,29000000.0,1604600000.0,2064078510.0
PEI,2005-06-30,14.7099,37000000.0,544266300.0,25700000.0,1592500000.0,2111066300.0
PEI,2005-03-31,12.3232,36600000.0,451029120.0,30400000.0,1585500000.0,2006129120.0
PEI,2004-12-31,12.9089,36500000.0,471174849.99999994,40300000.0,1472200000.0,1903074850.0
PEI,2004-09-30,11.5084,37000000.0,425810800.0,30400000.0,1352800000.0,1748210800.0
PEI,2004-06-30,10.0523,35700000.0,358867110.0,26200000.0,1422900000.0,1755567110.0
PEI,2004-03-31,10.8737,35700000.0,388191090.0,32600000.0,1394600000.0,1750191090.0
PEI,2003-12-31,10.3269,30100000.0,310839690.0,43000000.0,1391200000.0,1659039690.0
PEI,2003-09-30,9.3671,19900000.0,186405290.0,38400000.0,620500000.0,768505290.0
PEI,2003-06-30,8.2479,16900000.0,139389510.0,8700000.0,647700000.0,778389510.0
PEI,2003-03-31,7.756,16800000.0,130300800.0,8100000.0,273100000.0,395300800.0
PEI,2002-12-31,6.9031,16700000.0,115281770.0,13600000.0,450600000.0,552281770.0
PEI,2002-09-30,6.7023,16600000.0,111258180.0,10200000.0,422500000.0,523558180.0
PEI,2002-06-30,6.8135,16300000.0,111060050.0,8800000.0,428600000.0,530860050.0
PEI,2002-03-31,6.4565,15900000.0,102658350.0,13400000.0,367900000.0,457158350.0
PEI,2001-12-31,5.6827,15900000.0,90354930.0,10300000.0,360400000.0,440454930.0
PEI,2001-09-30,5.0791,15400000.0,78218140.0,7100000.0,351100000.0,422218140.0
PEI,2001-06-30,5.7864,13800000.0,79852320.0,9400000.0,387900000.0,458352320.0
PEI,2001-03-31,4.8162,13700000.0,65981940.0,9800000.0,390000000.0,446181940.0
PEI,2000-12-31,4.2704,13500000.0,57650400.00000001,6100000.0,382400000.0,433950400.0
PEI,2000-09-30,3.8025,13400000.0,50953500.0,9100000.0,371700000.0,413553500.0
PEI,2000-06-30,3.7423,13400000.0,50146820.0,8900000.0,371600000.0,412846820.0
PEI,2000-03-31,3.3606,13300000.0,44695980.0,3900000.0,373700000.0,414495980.0
PEI,1999-12-31,2.9287,13300000.0,38951710.0,7200000.0,364600000.0,396351710.0
PEI,1999-09-30,3.6975,13300000.0,49176750.0,2200000.0,351100000.0,398076750.0
PEI,1999-06-30,4.0064,13300000.0,53285120.0,3800000.0,343400000.0,392885120.0
PEI,1999-03-31,3.4972,13300000.0,46512760.0,3000000.0,309300000.0,352812760.0
PEI,1998-12-31,3.5518,13300000.0,47238940.0,6100000.0,302300000.0,343438940.0
PEI,1998-09-30,3.6608,13300000.0,48688640.0,1300000.0,231700000.0,279088640.0
PEI,1998-06-30,3.8819,13300000.0,51629270.0,1100000.0,119900000.0,170429270.0
PEI,1998-03-31,4.2014,13300000.0,55878619.99999999,500000.0,114600000.0,169978620.0
PEI,1997-12-31,4.1328,0.0,0.0,1300000.0,104000000.0,102700000.0
PEI,1997-08-31,4.1156,8700000.0,35805720.0,1400000.0,117400000.0,151805720.0
PEI,1997-05-31,3.5604,8700000.0,30975480.0,3600000.0,112400000.0,139775480.0
PEI,1997-02-28,3.6247,8700000.0,31534890.0,4300000.0,111100000.0,138334890.0
PEI,1996-11-30,3.5562,8700000.0,30938940.0,2000000.0,111400000.0,140338940.0
PEI,1996-08-31,3.1405,8700000.0,27322350.0,1000000.0,124100000.0,150422350.0
PEI,1996-05-31,2.9362,8700000.0,25544940.0,900000.0,122900000.0,147544940.0
PEI,1996-02-29,3.0158,8700000.0,26237460.0,1600000.0,124600000.0,149237460.0
PEI,1995-11-30,2.7722,8700000.0,24118140.000000004,1500000.0,124800000.0,147418140.0
PEI,1995-08-31,2.9339,8700000.0,25524930.0,1100000.0,122500000.0,146924930.0
PEI,1995-05-31,2.9693,8700000.0,25832910.0,1500000.0,121600000.0,145932910.0
PEI,1995-02-28,2.8191,8700000.0,24526170.0,1700000.0,119800000.0,142626170.0
PEI,1994-11-30,2.3608,8700000.0,20538960.0,2000000.0,114100000.0,132638960.0
PEI,1994-08-31,2.9279,8700000.0,25472730.0,2200000.0,80100000.0,103372730.0
PEI,1994-05-31,3.0574,8700000.0,26599380.0,1700000.0,58800000.0,83699380.0
PEI,1994-02-28,3.0098,8700000.0,26185260.0,2700000.0,58900000.0,82385260.0
PEI,1993-11-30,2.9231,8700000.0,25430970.0,1400000.0,37500000.0,61530970.0
PEI,1993-08-31,2.8131,8600000.0,24192660.0,1500000.0,51900000.0,74592660.0
PEI,1993-05-31,2.9932,8600000.0,25741520.0,1100000.0,37800000.0,62441520.0
PEI,1993-02-28,3.0717,8600000.0,26416620.0,1000000.0,37900000.0,63316620.0
PEI,1992-11-30,2.3786,8600000.0,20455960.0,900000.0,10700000.0,30255960.0
PEI,1992-08-31,2.2618,8600000.0,19451480.0,1200000.0,10800000.0,29051480.0
PEI,1992-05-31,2.2544,8600000.0,19387840.0,700000.0,10800000.0,29487840.0
PEI,1992-02-29,2.0234,8600000.0,17401240.0,1300000.0,10900000.0,27001240.0
PEI,1991-11-30,1.8394,8400000.0,15450960.0,1200000.0,8200000.0,22450960.0
PEI,1991-08-31,2.031,8100000.0,16451100.000000002,3900000.0,8800000.0,21351100.0
PEI,1991-05-31,2.0409,8100000.0,16531290.000000002,7700000.0,8900000.0,17731290.0
PEI,1991-02-28,1.8454,8100000.0,14947740.0,3000000.0,9000000.0,20947740.0
PEI,1990-11-30,1.4498,8200000.0,11888360.0,3000000.0,10700000.0,19588360.0
PEI,1990-08-31,1.647,8200000.0,13505400.0,1900000.0,14800000.0,26405400.0
PEI,1990-05-31,1.916,8200000.0,15711200.0,2300000.0,14900000.0,28311200.0
PEI,1990-02-28,2.2836,8200000.0,18725520.0,1900000.0,9400000.0,26225520.0
PEI,1989-11-30,2.1549,8200000.0,17670180.0,1700000.0,9500000.0,25470180.0
PEI,1989-08-31,2.1011,8200000.0,17229020.0,2400000.0,9600000.0,24429020.0
