symbol,date,stockPrice,numberOfShares,marketCapitalization,minusCashAndCashEquivalents,addTotalDebt,enterpriseValue
PEIX,2020-06-30,0.71,54498000.0,38693580.0,29783000.0,95888000.0,104798580.0
PEIX,2020-03-31,0.26,53828000.0,13995280.0,26779000.0,139339000.0,126555280.0
PEIX,2019-12-31,0.65,48446000.0,31489900.0,18997000.0,180795000.0,193287900.0
PEIX,2019-09-30,0.56,47777000.0,26755120.000000004,18921000.0,98673000.0,106507120.0
PEIX,2019-06-30,0.75,47771000.0,35828250.0,16513000.0,102747000.0,122062250.0
PEIX,2019-03-31,0.95,45517000.0,43241150.0,21751000.0,96433000.0,117923150.0
PEIX,2018-12-31,0.86,43991000.0,37832260.0,26627000.0,84845000.0,96050260.0
PEIX,2018-09-30,1.87,43299000.0,80969130.0,56093000.0,214508000.0,239384130.0
PEIX,2018-06-30,2.6,43300000.0,112580000.0,62600000.0,237900000.0,287880000.0
PEIX,2018-03-31,3.0,42900000.0,128700000.0,57400000.0,228700000.0,300000000.0
PEIX,2017-12-31,4.6,43900000.0,201939999.99999997,49500000.0,221200000.0,373640000.0
PEIX,2017-09-30,5.55,42500000.0,235875000.0,56900000.0,220400000.0,399375000.0
PEIX,2017-06-30,6.25,42300000.0,264375000.0,91500000.0,199700000.0,372575000.0
PEIX,2017-03-31,6.85,42400000.0,290440000.0,73700000.0,182700000.0,399440000.0
PEIX,2016-12-31,9.5,42500000.0,403750000.0,68600000.0,188600000.0,523750000.0
PEIX,2016-09-30,6.91,42200000.0,291602000.0,40600000.0,64300000.0,315302000.0
PEIX,2016-06-30,5.45,42200000.0,229990000.0,31700000.0,217000000.0,415290000.0
PEIX,2016-03-31,4.68,42200000.0,197496000.0,19200000.0,206000000.0,384296000.0
PEIX,2015-12-31,4.78,42200000.0,201716000.0,52700000.0,208000000.0,357016000.0
PEIX,2015-09-30,6.49,41900000.0,271931000.0,53100000.0,195400000.0,414231000.0
PEIX,2015-06-30,10.32,24800000.0,255936000.0,49300000.0,27300000.0,233936000.0
PEIX,2015-03-31,10.79,24100000.0,260038999.99999997,42300000.0,18900000.0,236638999.99999997
PEIX,2014-12-31,10.33,24500000.0,253085000.0,62100000.0,36600000.0,227585000.0
PEIX,2014-09-30,13.96,24300000.0,339228000.0,56300000.0,32800000.0,315728000.0
PEIX,2014-06-30,15.29,22300000.0,340967000.0,25900000.0,42100000.0,357167000.0
PEIX,2014-03-31,15.58,16200000.0,252396000.0,7800000.0,76900000.0,321496000.0
PEIX,2013-12-31,5.09,15300000.0,77877000.0,5200000.0,104400000.0,177077000.0
PEIX,2013-09-30,3.51,13200000.0,46332000.0,9200000.0,115400000.0,152532000.0
PEIX,2013-06-30,3.74,12100000.0,45254000.0,7000000.0,113200000.0,151454000.0
PEIX,2013-03-31,4.65,10100000.0,46965000.0,4200000.0,113800000.0,156565000.0
PEIX,2012-12-31,4.8,9700000.0,46560000.0,7600000.0,117300000.0,156260000.0
PEIX,2012-09-30,6.15,7700000.0,47355000.0,18700000.0,69000000.0,97655000.0
PEIX,2012-06-30,5.4,5800000.0,31320000.000000004,5700000.0,59700000.0,85320000.0
PEIX,2012-03-31,16.5,5700000.0,94050000.0,5000000.0,93700000.0,182750000.0
PEIX,2011-12-31,15.9,4700000.0,74730000.0,8900000.0,93700000.0,159530000.0
PEIX,2011-09-30,4.35,2200000.0,9570000.0,16800000.0,101100000.0,93870000.0
PEIX,2011-06-30,16.2,1100000.0,17820000.0,9800000.0,100200000.0,108220000.0
PEIX,2011-03-31,66.15,900000.0,59535000.00000001,8500000.0,89600000.0,140635000.0
PEIX,2010-12-31,75.6,800000.0,60479999.99999999,8700000.0,85000000.0,136780000.0
PEIX,2010-09-30,93.45,800000.0,74760000.0,1600000.0,8400000.0,81560000.0
PEIX,2010-06-30,67.2,700000.0,47040000.0,2000000.0,0.0,45040000.0
PEIX,2010-03-31,116.55,600000.0,69930000.0,2900000.0,0.0,67030000.0
PEIX,2009-12-31,74.55,500000.0,37275000.0,17500000.0,12700000.0,32475000.0
PEIX,2009-09-30,54.6,500000.0,27300000.0,11300000.0,15700000.0,31700000.0
PEIX,2009-06-30,40.95,500000.0,20475000.0,12100000.0,13500000.0,21875000.0
PEIX,2009-03-31,34.65,500000.0,17325000.0,8400000.0,900000.0,9825000.0
PEIX,2008-12-31,46.2,500000.0,23100000.0,11500000.0,14400000.0,26000000.0
PEIX,2008-09-30,145.95,500000.0,72975000.0,14000000.0,234500000.0,293475000.0
PEIX,2008-06-30,190.05,400000.0,76020000.0,19100000.0,194600000.0,251520000.0
PEIX,2008-03-31,462.0,400000.0,184800000.0,21100000.0,151300000.0,315000000.0
PEIX,2007-12-31,862.05,400000.0,344820000.0,5700000.0,151200000.0,490320000.0
PEIX,2007-09-30,967.05,400000.0,386820000.0,10300000.0,123400000.0,499920000.0
PEIX,2007-06-30,1386.0,400000.0,554400000.0,35900000.0,104200000.0,622700000.0
PEIX,2007-03-31,1788.15,400000.0,715260000.0,30200000.0,103700000.0,788760000.0
PEIX,2006-12-31,1615.95,400000.0,646380000.0,44100000.0,29000000.0,631280000.0
PEIX,2006-09-30,1474.2,400000.0,589680000.0,100700000.0,0.0,488980000.0
PEIX,2006-06-30,2427.6001,300000.0,728280030.0,140000000.0,0.0,588280030.0
PEIX,2006-03-31,2266.95,300000.0,680085000.0,4200000.0,2100000.0,677985000.0
PEIX,2005-12-31,1136.1,300000.0,340830000.0,4500000.0,2000000.0,338330000.0
PEIX,2005-09-30,1083.6,300000.0,325080000.0,11300000.0,2900000.0,316680000.0
PEIX,2005-06-30,1046.85,300000.0,314055000.0,16400000.0,2900000.0,300555000.0
PEIX,2005-03-31,1053.15,200000.0,210630000.00000003,20700000.0,3800000.0,193730000.00000003
