symbol,date,stockPrice,numberOfShares,marketCapitalization,minusCashAndCashEquivalents,addTotalDebt,enterpriseValue
PFMT,2020-06-30,0.64,54105000,34627200.0,15211000,60920000,80336200.0
PFMT,2020-03-31,0.7,53943000,37760100.0,8574000,58062000,87248100.0
PFMT,2019-12-31,0.94,53774000,50547560.0,3373000,58562000,105736560.0
PFMT,2019-09-30,1.05,53665000,56348250.0,6888000,59061000,108521250.0
PFMT,2019-06-30,1.27,53367000,67776090.0,4313000,50218000,113681090.0
PFMT,2019-03-31,1.99,53059000,105587410.0,4364000,40755000,141978410.0
PFMT,2018-12-31,2.09,53000000,110769999.99999999,5462000,41105000,146413000.0
PFMT,2018-09-30,1.59,52281000,83126790.0,5654000,37854000,115326790.0
PFMT,2018-06-30,2.17,51483000,111718110.0,8000000,38100000,141818110.0
PFMT,2018-03-31,3.02,51320000,154986400.0,8700000,38300000,184586400.0
PFMT,2017-12-31,2.57,50688000,130268159.99999999,21700000,38600000,147168160.0
PFMT,2017-09-30,1.86,50581000,94080660.0,23200000,38800000,109680660.0
PFMT,2017-06-30,2.0,50443000,100886000.0,21300000,41900000,121486000.0
PFMT,2017-03-31,2.28,50304000,114693119.99999999,27000000,36900000,124593119.99999999
PFMT,2016-12-31,2.08,50038000,104079040.0,33000000,43900000,114979040.0
PFMT,2016-09-30,3.14,49974000,156918360.0,48300000,51000000,159618360.0
PFMT,2016-06-30,2.1,49860000,104706000.0,53200000,51100000,102606000.0
PFMT,2016-03-31,1.79,49643000,88860970.0,48100000,51100000,91860970.0
PFMT,2015-12-31,1.71,49415000,84499650.0,71200000,84100000,97399650.0
PFMT,2015-09-30,2.31,49394000,114100140.0,78300000,87500000,123300140.0
PFMT,2015-06-30,3.02,49373000,149106460.0,76100000,90900000,163906460.0
PFMT,2015-03-31,2.97,49357000,146590290.0,77300000,92500000,161790290.0
PFMT,2014-12-31,4.96,48816000,242127360.0,80300000,102000000,263827360.0
PFMT,2014-09-30,8.63,48641000,419771830.00000006,85000000,105300000,440071830.00000006
PFMT,2014-06-30,9.75,48457000,472455750.0,81500000,106900000,497855750.0
PFMT,2014-03-31,8.71,48427000,421799170.00000006,90700000,108400000,439499170.00000006
PFMT,2013-12-31,8.73,47492000,414605160.0,81900000,122500000,455205160.0
PFMT,2013-09-30,9.89,47247000,467272830.0,69600000,125200000,522872830.0
PFMT,2013-06-30,10.46,46840000,489946400.00000006,51300000,127900000,566546400.0
PFMT,2013-03-31,9.73,46121000,448757330.0,39300000,134000000,543457330.0
PFMT,2012-12-31,11.02,43985000,484714700.0,37800000,136700000,583614700.0
PFMT,2012-09-30,9.96,43519000,433449240.00000006,32200000,139500000,540749240.0
