symbol,date,stockPrice,numberOfShares,marketCapitalization,minusCashAndCashEquivalents,addTotalDebt,enterpriseValue
SHLO,2020-04-30,1.19,23785000,28304150.0,91575000.0,0.0,-63270850.0
SHLO,2020-01-31,3.46,23653000,81839380.0,12260000.0,265195000.0,334774380.0
SHLO,2019-10-31,3.81,23566000,89786460.0,14320000.0,248695000.0,324161460.0
SHLO,2019-07-31,4.18,23557000,98468260.0,11936000.0,248393000.0,334925260.0
SHLO,2019-04-30,4.05,23559000,95413950.0,17660000.0,247597000.0,325350950.0
SHLO,2019-01-31,6.39,23385000,149430150.0,11667000.0,238581000.0,376344150.0
SHLO,2018-10-31,7.97,23310000,185780700.0,16843000.0,245351000.0,414288700.0
SHLO,2018-07-31,9.18,23500000,215730000.0,17300000.0,237300000.0,435730000.0
SHLO,2018-04-30,10.39,23400000,243126000.0,17600000.0,255600000.0,481126000.0
SHLO,2018-01-31,7.32,23300000,170556000.0,11100000.0,182400000.0,341856000.0
SHLO,2017-10-31,8.54,22800000,194711999.99999997,8700000.0,181100000.0,367112000.0
SHLO,2017-07-31,9.05,18600000,168330000.0,14300000.0,177300000.0,331330000.0
SHLO,2017-04-30,11.59,17900000,207461000.0,11100000.0,242800000.0,439161000.0
SHLO,2017-01-31,16.22,17700000,287094000.0,6000000.0,236700000.0,517794000.0
SHLO,2016-10-31,7.05,17300000,121965000.0,8700000.0,256900000.0,370165000.0
SHLO,2016-07-31,8.98,17600000,158048000.0,4600000.0,259200000.0,412648000.0
SHLO,2016-04-30,5.75,17600000,101200000.0,4900000.0,266300000.0,362600000.0
SHLO,2016-01-31,4.3,17300000,74390000.0,6800000.0,276400000.0,343990000.0
SHLO,2015-10-31,6.87,17500000,120225000.0,13100000.0,298900000.0,406025000.0
SHLO,2015-07-31,11.18,17200000,192296000.0,6600000.0,259100000.0,444796000.0
SHLO,2015-04-30,9.8,17500000,171500000.0,9900000.0,285500000.0,447100000.0
SHLO,2015-01-31,12.86,17200000,221192000.0,7000000.0,271600000.0,485792000.0
SHLO,2014-10-31,16.2,17300000,280260000.0,12000000.0,268100000.0,536360000.0
SHLO,2014-07-31,16.71,17200000,287412000.0,11100000.0,205800000.0,482112000.0
SHLO,2014-04-30,18.09,17200000,311148000.0,600000.0,118600000.0,429148000.0
SHLO,2014-01-31,19.5,17200000,335400000.0,1000000.0,116700000.0,451100000.0
SHLO,2013-10-31,23.18,17000000,394060000.0,400000.0,119400000.0,513060000.0
SHLO,2013-07-31,12.26,17100000,209646000.0,600000.0,83000000.0,292046000.0
SHLO,2013-04-30,10.14,17200000,174408000.0,100000.0,88700000.0,263008000.0
SHLO,2013-01-31,10.66,17000000,181220000.0,100000.0,95700000.0,276820000.0
SHLO,2012-10-31,11.39,16900000,192491000.0,200000.0,21200000.0,213491000.0
SHLO,2012-07-31,10.27,16900000,173563000.0,100000.0,26700000.0,200163000.0
SHLO,2012-04-30,9.84,16900000,166296000.0,100000.0,34900000.0,201096000.0
SHLO,2012-01-31,8.96,16900000,151424000.0,200000.0,28000000.0,179224000.0
SHLO,2011-10-31,8.44,16800000,141792000.0,0.0,25700000.0,167492000.0
SHLO,2011-07-31,10.18,16900000,172042000.0,100000.0,30600000.0,202542000.0
SHLO,2011-04-30,10.97,16900000,185393000.0,100000.0,32300000.0,217593000.0
SHLO,2011-01-31,11.82,16800000,198576000.0,100000.0,24900000.0,223376000.0
SHLO,2010-10-31,11.13,16600000,184758000.0,0.0,26900000.0,211658000.0
SHLO,2010-07-31,8.55,16800000,143640000.0,400000.0,32500000.0,175740000.0
SHLO,2010-04-30,9.92,16700000,165664000.0,200000.0,33900000.0,199364000.0
SHLO,2010-01-31,5.35,16500000,88275000.0,500000.0,53200000.0,140975000.0
SHLO,2009-10-31,4.4,16400000,72160000.0,100000.0,51600000.0,123660000.0
SHLO,2009-07-31,5.3,16400000,86920000.0,200000.0,400000.0,87120000.0
SHLO,2009-04-30,2.39,16400000,39196000.0,200000.0,53400000.0,92396000.0
SHLO,2009-01-31,1.7,16400000,27880000.0,300000.0,62700000.0,90280000.0
SHLO,2008-10-31,3.75,16500000,61875000.0,2200000.0,70200000.0,129875000.0
SHLO,2008-07-31,8.58,16500000,141570000.0,400000.0,65700000.0,206870000.0
SHLO,2008-04-30,9.93,16500000,163845000.0,500000.0,73300000.0,236645000.0
SHLO,2008-01-31,9.34,16500000,154110000.0,400000.0,59200000.0,212910000.0
SHLO,2007-10-31,9.85,16500000,162525000.0,100000.0,64600000.0,227025000.0
SHLO,2007-07-31,10.6,16500000,174900000.0,400000.0,74200000.0,248700000.0
SHLO,2007-04-30,9.3,16500000,153450000.0,200000.0,97200000.0,250450000.0
SHLO,2007-01-31,10.76,16500000,177540000.0,400000.0,113500000.0,290640000.0
SHLO,2006-10-31,16.66,16300000,271558000.0,400000.0,72200000.0,343358000.0
SHLO,2006-07-31,13.81,16500000,227865000.0,1100000.0,74000000.0,300765000.0
SHLO,2006-04-30,19.58,16500000,323070000.0,700000.0,87000000.0,409370000.0
SHLO,2006-01-31,16.5,16400000,270600000.0,900000.0,84700000.0,354400000.0
SHLO,2005-10-31,13.22,16400000,216808000.0,700000.0,92400000.0,308508000.0
SHLO,2005-07-31,13.18,16400000,216152000.0,500000.0,119800000.0,335452000.0
SHLO,2005-04-30,11.65,16400000,191060000.0,1700000.0,124800000.0,314160000.0
SHLO,2005-01-31,15.59,16400000,255676000.0,100000.0,129100000.0,384676000.0
SHLO,2004-10-31,12.98,16300000,211574000.0,3500000.0,116700000.0,324774000.0
SHLO,2004-07-31,14.22,16300000,231786000.0,4700000.0,129000000.0,356086000.0
SHLO,2004-04-30,10.95,16200000,177390000.0,2000000.0,147900000.0,323290000.0
SHLO,2004-01-31,8.96,16100000,144256000.0,200000.0,157000000.0,301056000.0
SHLO,2003-10-31,4.49,15800000,70942000.0,600000.0,149900000.0,220242000.0
SHLO,2003-07-31,3.26,15700000,51182000.0,500000.0,170700000.0,221382000.0
SHLO,2003-04-30,3.4,15200000,51680000.0,2100000.0,196200000.0,245780000.0
SHLO,2003-01-31,1.69,15100000,25519000.0,500000.0,204900000.0,229919000.0
SHLO,2002-10-31,2.75,15000000,41250000.0,1800000.0,210600000.0,250050000.0
SHLO,2002-07-31,2.18,14900000,32482000.000000004,500000.0,217100000.0,249082000.0
SHLO,2002-04-30,2.66,14800000,39368000.0,900000.0,240100000.0,278568000.0
SHLO,2002-01-31,1.65,14800000,24420000.0,22100000.0,287700000.0,290020000.0
SHLO,2001-10-31,2.0,14800000,29600000.0,4700000.0,268500000.0,293400000.0
SHLO,2001-07-31,7.04,14800000,104192000.0,300000.0,232000000.0,335892000.0
SHLO,2001-04-30,5.2,14800000,76960000.0,7800000.0,284100000.0,353260000.0
SHLO,2001-01-31,4.63,14800000,68524000.0,300000.0,264400000.0,332624000.0
SHLO,2000-10-31,4.56,14800000,67488000.0,1200000.0,251500000.0,317788000.0
SHLO,2000-07-31,8.0,14000000,112000000.0,700000.0,190400000.0,301700000.0
SHLO,2000-04-30,10.25,14000000,143500000.0,300000.0,183400000.0,326600000.0
SHLO,2000-01-31,11.38,14000000,159320000.0,200000.0,175400000.0,334520000.0
SHLO,1999-10-31,8.5,13100000,111350000.0,1600000.0,171500000.0,281250000.0
SHLO,1999-07-31,12.25,13100000,160475000.0,6000000.0,155300000.0,309775000.0
SHLO,1999-04-30,12.38,13100000,162178000.0,5600000.0,152200000.0,308778000.0
SHLO,1999-01-31,12.5,13100000,163750000.0,3200000.0,154600000.0,315150000.0
SHLO,1998-10-31,14.56,13100000,190736000.0,600000.0,135900000.0,326036000.0
SHLO,1998-07-31,17.31,13100000,226760999.99999997,1300000.0,119400000.0,344861000.0
SHLO,1998-04-30,21.31,13100000,279161000.0,1000000.0,117400000.0,395561000.0
SHLO,1998-01-31,21.0,13100000,275100000.0,1000000.0,114500000.0,388600000.0
SHLO,1997-10-31,18.75,13100000,245625000.0,200000.0,96400000.0,341825000.0
SHLO,1997-07-31,18.5,13100000,242350000.0,1100000.0,70000000.0,311250000.0
SHLO,1997-04-30,16.5,13100000,216150000.0,2300000.0,68200000.0,282050000.0
SHLO,1997-01-31,17.5,13000000,227500000.0,0.0,57400000.0,284900000.0
SHLO,1996-10-31,16.88,13000000,219440000.0,1700000.0,52900000.0,270640000.0
SHLO,1996-07-31,15.25,13000000,198250000.0,1000000.0,17800000.0,215050000.0
SHLO,1996-04-30,16.0,13000000,208000000.0,0.0,23900000.0,231900000.0
SHLO,1996-01-31,12.88,13000000,167440000.0,500000.0,16300000.0,183240000.0
SHLO,1995-10-31,11.5,13000000,149500000.0,2400000.0,21000000.0,168100000.0
SHLO,1995-07-31,11.75,13000000,152750000.0,1000000.0,21400000.0,173150000.0
SHLO,1995-04-30,8.63,13000000,112190000.00000001,700000.0,20500000.0,131990000.00000001
SHLO,1995-01-31,8.88,13000000,115440000.00000001,1400000.0,19700000.0,133740000.00000001
SHLO,1994-10-31,7.13,13000000,92690000.0,1500000.0,19500000.0,110690000.0
SHLO,1994-07-31,6.88,13000000,89440000.0,1100000.0,20200000.0,108540000.0
SHLO,1994-04-30,7.0,13000000,91000000.0,1400000.0,23000000.0,112600000.0
SHLO,1994-01-31,11.38,13000000,147940000.0,2900000.0,25400000.0,170440000.0
SHLO,1993-10-31,10.0,13000000,130000000.0,3000000.0,23100000.0,150100000.0
SHLO,1993-07-31,12.75,10000000,127500000.0,1000000.0,19900000.0,146400000.0
