symbol,date,stockPrice,numberOfShares,marketCapitalization,minusCashAndCashEquivalents,addTotalDebt,enterpriseValue
TSLA,2020-09-30,429.01001,937000000,401982379370.0,14531000000,9476000000,396927379370.0
TSLA,2020-06-30,215.962006,930000000,200844665580.0,8615000000,9291000000,201520665580.0
TSLA,2020-03-31,104.800003,915000000,95892002745.0,8080000000,9539000000,97351002745.0
TSLA,2019-12-31,83.666,900000000,75299400000.0,6268000000,11634000000,80665400000.0
TSLA,2019-09-30,48.174,895000000,43115730000.0,5338000000,11313000000,49090730000.0
TSLA,2019-06-30,45.433998,883270000,40130487413.46,4954740000,11234401000,46410148413.46
TSLA,2019-03-31,57.835999,864945000,50024958155.055,2198169000,9787950000,57614739155.055
TSLA,2018-12-31,66.559998,860130000,57250251079.74,3685618000,9403672000,62968305079.74
TSLA,2018-09-30,62.139999,854465000,53096454245.535,2967504000,9672613000,59801563245.535
TSLA,2018-06-30,68.589996,849985000,58300467750.06,2236424000,9513390000,65577433750.06
TSLA,2018-03-31,50.495998,845730000,42705980388.54,2665673000,8763728000,48804035388.54
TSLA,2017-12-31,64.106003,841570000,53949688944.71,3367914000,9418389000,60000163944.71
TSLA,2017-09-30,68.220001,836470000,57063984236.46999,3530030000,9584554000,63118508236.46999
TSLA,2017-06-30,72.321999,826060000,59742310493.94,3035924000,7127094000,63833480493.94
TSLA,2017-03-31,55.66,810645000,45120500700.0,4006593000,7166239000,48280146700.0
TSLA,2016-12-31,42.737999,775120000,33127077784.88,3393216000,5978284000,35712145784.880005
TSLA,2016-09-30,40.806,744955000,30398633729.999996,3084257000,2454690000,29769066729.999996
TSLA,2016-06-30,42.456001,699915000,29715591939.915,3246301000,2657148000,29126438939.915
TSLA,2016-03-31,45.953999,663380000,30484963856.620003,1441789000,2526955000,31570129856.620003
TSLA,2015-12-31,48.001999,655500000,31465310344.5,1196908000,2082420000,32350822344.5
TSLA,2015-09-30,49.68,645030000,32045090400.0,1426036000,2027575000,32646629400.0
TSLA,2015-06-30,53.652,633445000,33985591140.0,1150673000,2038362000,34873280140.0
TSLA,2015-03-31,37.754002,629735000,23775016449.47,1510076000,1942949000,24207889449.47
TSLA,2014-12-31,44.481998,627485000,27911786515.03,1905713000,1864714000,27870787515.03
TSLA,2014-09-30,48.535999,624555000,30313400855.445,2370735000,1848796000,29791461855.445
TSLA,2014-06-30,48.012001,621250000,29827455621.25,2674910000,1833107000,28985652621.25
TSLA,2014-03-31,41.689999,617365000,25737946232.635,2393908000,1779020000,25123058232.635
TSLA,2013-12-31,30.086,614010000,18473104860.0,845889000,586119000,18213334860.0
TSLA,2013-09-30,38.674,609310000,23564454940.0,795116000,77498000,22846836940.0
TSLA,2013-06-30,23.436001,590970000,13849973510.970001,746057000,578740000,13682656510.970001
TSLA,2013-03-31,8.786,573560000,5039298160.0,214417000,388785000,5213666160.0
TSLA,2012-12-31,6.774,568815000,3853152810.0,201890000,401495000,4052757810.0
TSLA,2012-09-30,5.832,527780000,3078012960.0,85693000,414207000,3406526960.0
TSLA,2012-06-30,6.258,526210000,3293022180.0,210554000,396155000,3478623180.0
TSLA,2012-03-31,7.448,523920000,3902156160.0,218570000,365332000,4048918160.0
TSLA,2011-12-31,5.712,523920000,2992631040.0,255266000,293396000,3030761040.0
TSLA,2011-09-30,4.878,520384150,2538433883.7000003,213328000,290060000,2615165883.7000003
TSLA,2011-06-30,5.826,488786330,2847669158.58,319380000,134177000,2662466158.58
TSLA,2011-03-31,5.55,475936725,2641448823.75,100655000,102484000,2643277823.75
TSLA,2010-12-31,5.326,475936725,2534838997.35,99558000,71828000,2507108997.35
TSLA,2010-09-30,4.082,461353605,1883245415.61,96563000,56557000,1843239415.61
TSLA,2010-06-30,4.766,7600000,36221600.0,47000000,63296000,52517600.0
