symbol,date,stockPrice,numberOfShares,marketCapitalization,minusCashAndCashEquivalents,addTotalDebt,enterpriseValue
TUP,2020-06-27,4.29,49200000,211068000.0,120000000,2100000,93168000.0
TUP,2020-03-28,1.76,48900000,86064000.0,174500000,601800000,513364000.0
TUP,2019-12-28,8.22,49100000,403602000.00000006,123200000,602200000,882602000.0
TUP,2019-09-28,15.76,48900000,770664000.0,122100000,602400000,1250964000.0
TUP,2019-06-29,18.7101,48800000,913052880.0,163000000,602800000,1352852880.0
TUP,2019-03-30,24.8097,48800000,1210713360.0,146800000,603000000,1666913360.0
TUP,2018-12-29,29.9399,49300000,1476037070.0,149000000,603400000,1930437070.0
TUP,2018-09-29,31.4904,49400000,1555625760.0,117600000,603800000,2041825760.0
TUP,2018-06-30,38.0187,50700000,1927548090.0000002,98000000,604000000,2433548090.0
TUP,2018-03-31,42.5903,51300000,2184882390.0,157800000,605000000,2632082390.0
TUP,2017-12-30,56.1261,50800000,2851205880.0,144100000,605100000,3312205880.0
TUP,2017-09-30,54.748,51300000,2808572400.0,118900000,605300000,3294972400.0
TUP,2017-07-01,61.4812,50800000,3123244960.0,85000000,605300000,3643544960.0
TUP,2017-04-01,54.3915,51000000,2773966500.0,98400000,605900000,3281466500.0
TUP,2016-12-31,45.1262,50700000,2287898340.0,93200000,606000000,2800698340.0
TUP,2016-09-24,54.4517,50800000,2766146360.0,98500000,606900000,3274546360.0
TUP,2016-06-25,44.526,50700000,2257468200.0,79000000,607400000,2785868200.0
TUP,2016-03-26,46.5948,50600000,2357696880.0,98600000,608100000,2867196880.0
TUP,2015-12-26,45.9268,50700000,2328488760.0,79800000,608200000,2856888760.0
TUP,2015-09-26,40.423,50300000,2033276900.0,93100000,608900000,2549076900.0
TUP,2015-06-27,53.6858,50400000,2705764320.0,74100000,609300000,3240964320.0
TUP,2015-03-28,55.4083,50300000,2787037490.0,83900000,609900000,3313037490.0
TUP,2014-12-27,49.7125,50700000,2520423750.0,77000000,612100000,3055523750.0
TUP,2014-09-27,54.2763,51000000,2768091300.0,89400000,616400000,3295091300.0
TUP,2014-06-28,63.4414,51100000,3241855540.0,82700000,617800000,3776955540.0
TUP,2014-03-29,62.4146,51100000,3189386060.0,99600000,619000000,3708786060.0
TUP,2013-12-28,71.42,51600000,3685272000.0,127300000,619900000,4177872000.0
TUP,2013-09-28,64.9576,52400000,3403778240.0,126000000,619000000,3896778240.0
TUP,2013-06-29,57.6496,51300000,2957424480.0,112400000,619100000,3464124480.0
TUP,2013-03-30,59.5626,54700000,3258074220.0,147400000,619800000,3730474220.0
TUP,2012-12-29,45.7819,56400000,2582099160.0,119800000,414400000,2876699160.0
TUP,2012-09-29,38.9344,56200000,2188113280.0,113800000,414500000,2488813280.0
TUP,2012-06-30,39.5361,56500000,2233789650.0,98000000,414300000,2550089650.0
TUP,2012-03-31,45.539,57100000,2600276900.0,105700000,416300000,2910876900.0
TUP,2011-12-31,39.9111,58100000,2318834910.0,138200000,415200000,2595834910.0
TUP,2011-10-01,38.1102,60500000,2305667100.0,110200000,416700000,2612167100.0
TUP,2011-07-02,49.116,63100000,3099219600.0,116100000,418200000,3401319600.0
TUP,2011-04-02,41.7216,63500000,2649321600.0,175800000,427700000,2901221600.0
TUP,2010-12-25,33.6815,64000000,2155616000.0,248700000,426800000,2333716000.0
TUP,2010-09-25,30.5736,63800000,1950595680.0,122800000,427200000,2254995680.0
TUP,2010-06-26,27.6694,63900000,1768074660.0,121300000,422400000,2069174660.0
TUP,2010-03-27,32.7712,63900000,2094079680.0,95100000,424600000,2423579680.0
TUP,2009-12-26,32.2622,64300000,2074459460.0,112400000,426200000,2388259460.0
TUP,2009-09-26,26.3001,64000000,1683206400.0,119600000,487400000,2051006400.0
TUP,2009-06-27,17.7099,63000000,1115723700.0,157900000,546600000,1504423700.0
TUP,2009-03-28,11.1902,62500000,699387500.0,91400000,564800000,1172787500.0
TUP,2008-12-27,13.6307,62200000,847829540.0,124800000,567400000,1290429540.0
TUP,2008-09-27,18.4283,63300000,1166511390.0,146400000,588000000,1608111390.0
TUP,2008-06-28,21.521,63500000,1366583500.0,89800000,591500000,1868283500.0
TUP,2008-03-29,24.062,63100000,1518312200.0,86500000,595000000,2026812200.0
TUP,2007-12-29,21.0438,62700000,1319446260.0,102700000,589800000,1806546260.0
TUP,2007-09-29,19.9136,62900000,1252565440.0,65000000,620000000,1807565440.0
TUP,2007-06-30,18.0466,62900000,1135131140.0,85800000,620100000,1669431140.0
TUP,2007-03-31,15.5345,61900000,961585550.0,74600000,656200000,1543185550.0
TUP,2006-12-30,13.9599,61400000,857137860.0,102200000,680500000,1435437860.0
TUP,2006-09-30,11.8898,60900000,724088820.0,55400000,714100000,1382788820.0
TUP,2006-07-01,11.8792,61200000,727007040.0,51100000,720200000,1396107040.0
TUP,2006-04-01,12.2866,61400000,754397240.0,74200000,740300000,1420497240.0
TUP,2005-12-31,13.2241,61200000,809314920.0,181500000,750500000,1378314920.0
TUP,2005-10-01,13.3247,60900000,811474230.0,73200000,257800000,996074230.0
TUP,2005-07-02,13.5551,60500000,820083550.0,113700000,241800000,948183550.0
TUP,2005-04-02,11.5236,59700000,687958920.0,94700000,237800000,831058920.0
TUP,2004-12-25,11.4199,58900000,672632110.0,90900000,246500000,828232110.0
TUP,2004-09-25,9.3569,58600000,548314340.0,23900000,251000000,775414340.0
TUP,2004-06-26,10.6429,58900000,626866810.0,23500000,257200000,860566810.0
TUP,2004-03-27,9.3226,58800000,548168880.0,39500000,262300000,770968880.0
TUP,2003-12-27,9.1614,58500000,535941900.0,45000000,263500000,754441900.0
TUP,2003-09-27,7.1536,58500000,418485600.0,15000000,265500000,668985600.0
TUP,2003-06-28,7.5182,58400000,439062880.0,21900000,265200000,682362880.0
TUP,2003-03-29,7.2741,58400000,424807440.0,19900000,264500000,669407440.0
TUP,2002-12-28,7.6763,58500000,449063550.0,32600000,265100000,681563550.0
TUP,2002-09-28,8.0417,58500000,470439450.00000006,17500000,294000000,746939450.0
TUP,2002-06-29,10.3516,59300000,613849880.0,25600000,292100000,880349880.0
TUP,2002-03-30,11.037,58700000,647871900.0,23300000,273900000,898471900.0
TUP,2001-12-29,9.4867,59700000,566355990.0,18400000,276100000,824055990.0
TUP,2001-09-30,9.7663,58000000,566445400.0,23000000,272500000,815945400.0
TUP,2001-06-30,11.1937,58900000,659308930.0,36500000,339400000,962208930.0
TUP,2001-03-31,11.2914,58900000,665063460.0,26900000,339300000,977463460.0
TUP,2000-12-30,9.5848,58300000,558793840.0,32600000,358100000,884293840.0
TUP,2000-09-30,8.3409,58300000,486274470.0,25200000,316500000,777574470.0
TUP,2000-07-01,10.0901,57700000,582198770.0,25400000,290900000,847698770.0
TUP,2000-04-01,7.1788,57600000,413498880.0,28300000,280300000,665498880.0
TUP,1999-12-25,7.3917,58000000,428718600.0,24400000,248500000,652818600.0
TUP,1999-09-25,8.5785,57900000,496695150.0,29800000,296400000,763295150.0
TUP,1999-06-26,10.2583,57900000,593955570.0,21900000,270900000,842955570.0
TUP,1999-03-27,8.2627,57800000,477584060.00000006,24400000,294800000,747984060.0
TUP,1998-12-26,6.7786,57700000,391125220.0,23000000,300100000,668225220.0
TUP,1998-09-26,5.4474,57600000,313770240.0,18400000,315100000,610470240.0
TUP,1998-06-27,11.3192,58500000,662173200.0,16900000,292000000,937273200.0
TUP,1998-03-28,11.0174,61000000,672061400.0,14000000,266800000,924861400.0
TUP,1997-12-27,11.2646,62800000,707416880.0,22100000,236700000,922016880.0
TUP,1997-09-27,11.0907,61500000,682078050.0,38700000,230300000,873678050.0
TUP,1997-06-28,15.0742,61900000,933092980.0,56500000,256700000,1133292980.0
TUP,1997-03-29,13.3758,62600000,837325080.0,43500000,256900000,1050725080.0
TUP,1996-12-28,21.7439,63500000,1380737650.0,53000000,215300000,1543037650.0
TUP,1996-09-28,19.5122,63100000,1231219820.0,60500000,101900000,1272619820.0
TUP,1996-06-29,16.7434,63100000,1056508540.0000001,94200000,101900000,1064208540.0000001
