symbol,date,stockPrice,numberOfShares,marketCapitalization,minusCashAndCashEquivalents,addTotalDebt,enterpriseValue
TWTR,2020-06-30,29.79,785909000,23412229110.0,3112454000,3427356000,23727131110.0
TWTR,2020-03-31,24.56,780688000,19173697280.0,3463349000,3398278000,19108626280.0
TWTR,2019-12-31,32.05,788795000,25280879749.999996,1799082000,2509005000,25990802749.999996
TWTR,2019-09-30,41.2,790523000,32569547600.000004,1869444000,1797971000,32498074600.000004
TWTR,2019-06-30,36.08,785056000,28324820480.0,2183111000,1780668000,27922377480.0
TWTR,2019-03-31,33.44,777689000,26005920160.0,2247661000,1765938000,25524197160.0
TWTR,2018-12-31,28.74,776200000,22307988000.0,1895000000,1755000000,22167988000.0
TWTR,2018-09-30,28.31,776000000,21968560000.0,1929000000,1747000000,21786560000.0
TWTR,2018-06-30,43.67,772600000,33739442000.0,2520000000,2614000000,33833442000.0
TWTR,2018-03-31,28.04,765900000,21475836000.0,1540000000,1722000000,21657836000.0
TWTR,2017-12-31,24.51,741900000,18183969000.0,1639000000,1709000000,18253969000.0
TWTR,2017-09-30,16.87,736500000,12424755000.0,1557000000,1691000000,12558755000.0
TWTR,2017-06-30,17.87,730100000,13046887000.0,1261000000,1666000000,13451887000.0
TWTR,2017-03-31,14.95,722000000,10793900000.0,1154000000,1638000000,11277900000.0
TWTR,2016-12-31,16.3,714200000,11641460000.0,976000000,1606000000,12271460000.0
TWTR,2016-09-30,23.05,704400000,16236420000.0,1012000000,1572000000,16796420000.0
TWTR,2016-06-30,16.91,698300000,11808253000.0,947000000,1540000000,12401253000.0
TWTR,2016-03-31,16.55,691600000,11445980000.0,1028000000,1521000000,11938980000.0
TWTR,2015-12-31,23.14,682500000,15793050000.0,911000000,1515000000,16397050000.0
TWTR,2015-09-30,26.94,670600000,18065964000.0,876000000,1508000000,18697964000.0
TWTR,2015-06-30,36.22,655700000,23749454000.0,883000000,1498000000,24364454000.0
TWTR,2015-03-31,50.08,640500000,32076240000.0,1328000000,1495000000,32243240000.0
TWTR,2014-12-31,35.87,629800000,22590926000.0,1239000000,1495000000,22846926000.0
TWTR,2014-09-30,51.58,614400000,31690752000.0,2111000000,1415000000,30994752000.0
TWTR,2014-06-30,40.97,595600000,24401732000.0,845000000,102000000,23658732000.0
TWTR,2014-03-31,46.67,570200000,26611234000.0,740000000,103000000,25974234000.0
TWTR,2013-12-31,63.65,362600000,23079490000.0,589000000,111000000,22601490000.0
