symbol,date,stockPrice,numberOfShares,marketCapitalization,minusCashAndCashEquivalents,addTotalDebt,enterpriseValue
XAN,2020-06-30,2.65,31705710.0,84020131.5,57734000.0,1536090000,1562376131.5
XAN,2020-03-31,2.76,31626200.0,87288312.0,42752000.0,1724932000,1769468312.0
XAN,2019-12-31,10.6071,31778310.0,337075712.00100005,79958000.0,1872577000,2129694712.001
XAN,2019-09-30,9.9783,31714760.0,316459389.708,51286000.0,1887426000,2152599389.708
XAN,2019-06-30,9.6345,31656180.0,304991466.21,47154000.0,1935265000,2193102466.21
XAN,2019-03-31,8.9682,31531290.0,282778914.978,55660000.0,1620441000,1847559914.978
XAN,2018-12-31,8.2713,31974240.0,264468531.312,82816000.0,1554223000,1735875531.312
XAN,2018-09-30,8.867,31477400.0,279110105.8,48053000.0,1422906000,1653963105.8
XAN,2018-06-30,8.1453,31400000.0,255762420.00000003,80200000.0,1319600000,1495162420.0
XAN,2018-03-31,7.4083,31110000.0,230472213.0,61500000.0,1222400000,1391372213.0
XAN,2017-12-31,7.4008,30910000.0,228758728.0,181500000.0,1213500000,1260758728.0
XAN,2017-09-30,8.4511,31120000.0,262998232.0,283000000.0,1172100000,1152098232.0
XAN,2017-06-30,7.9348,31020000.0,246137496.0,102700000.0,1069300000,1212737496.0
XAN,2017-03-31,7.5853,30910000.0,234461623.0,157800000.0,1177200000,1253861623.0
XAN,2016-12-31,6.4337,30620000.0,196999894.0,116000000.0,1191500000,1272499894.0
XAN,2016-09-30,9.8342,30530000.0,300238126.0,114600000.0,1401800000,1587438126.0
XAN,2016-06-30,9.5589,30410000.0,290686149.0,65200000.0,1575200000,1800686149.0
XAN,2016-03-31,8.0854,31040000.0,250970816.0,71400000.0,1602000000,1781570816.0
XAN,2015-12-31,8.8304,30940000.0,273212576.0,78800000.0,1621700000,1816112576.0
XAN,2015-09-30,7.4908,32950000.0,246821860.0,104700000.0,1880900000,2023021860.0
XAN,2015-06-30,9.8854,32760000.0,323845704.0,145000000.0,1827500000,2006345704.0
XAN,2015-03-31,11.4863,32840000.0,377210092.0,217400000.0,1924600000,2084410092.0
XAN,2014-12-31,12.6421,32730000.0,413775933.0,79900000.0,1716900000,2050775933.0
XAN,2014-09-30,12.1009,32810000.0,397030529.0,163300000.0,1591000000,1824730529.0
XAN,2014-06-30,13.8511,32040000.0,443789244.0,222300000.0,1579800000,1801289244.0
XAN,2014-03-31,13.5845,31670000.0,430221115.0,166700000.0,1502100000,1765621115.0
XAN,2013-12-31,14.3347,31130000.0,446239211.0,262300000.0,1319800000,1503739211.0
XAN,2013-09-30,14.2399,31520000.0,448841648.0,144500000.0,1422400000,1726741648.0
XAN,2013-06-30,14.5538,30570000.0,444909666.0,168400000.0,1558900000,1835409666.0
XAN,2013-03-31,15.3556,26350000.0,404620060.0,67700000.0,1649800000,1986720060.0
XAN,2012-12-31,13.1108,25240000.0,330916592.0,85300000.0,1785600000,2031216592.0
XAN,2012-09-30,13.6945,22490000.0,307989305.0,112700000.0,1683400000,1878689305.0
XAN,2012-06-30,12.2716,23600000.0,289609760.0,31900000.0,1739800000,1997509760.0
XAN,2012-03-31,12.2967,20470000.0,251713449.0,37600000.0,1801900000,2016013449.0
XAN,2011-12-31,12.6867,19330000.0,245233911.0,43100000.0,1794100000,1996233911.0
XAN,2011-09-30,11.191,15540000.0,173908140.0,28900000.0,1549700000,1694708140.0
XAN,2011-06-30,13.9903,17750000.0,248327825.0,46900000.0,1473200000,1674627825.0
XAN,2011-03-31,14.4501,15100000.0,218196510.0,61500000.0,1463700000,1620396510.0
XAN,2010-12-31,16.0364,13980000.0,224188872.0,29500000.0,1543300000,1737988872.0
XAN,2010-09-30,13.6855,13140000.0,179827470.0,38300000.0,1565800000,1707327470.0
XAN,2010-06-30,12.1256,11180000.0,135564208.0,38500000.0,1592400000,1689464208.0
XAN,2010-03-31,14.288,9540000.0,136307520.0,27700000.0,1517300000,1625907520.0
XAN,2009-12-31,10.3076,7040000.0,72565504.0,52000000.0,1534900000,1555465504.0
XAN,2009-09-30,11.2556,4790000.0,53914324.0,15800000.0,1567900000,1606014324.0
XAN,2009-06-30,6.5397,6090000.0,39826773.0,10600000.0,1584600000,1613826773.0
XAN,2009-03-31,6.0898,6120000.0,37269576.0,10700000.0,1692600000,1719169576.0
XAN,2008-12-31,7.5221,6220000.0,46787462.0,14600000.0,1699800000,1731987462.0
XAN,2008-09-30,11.4713,6260000.0,71810338.0,12100000.0,1732400000,1792110338.0
XAN,2008-06-30,13.6482,6210000.0,84755322.0,14300000.0,1722300000,1792755322.0
XAN,2008-03-31,14.149,6220000.0,88006780.0,9100000.0,1723000000,1801906780.0
XAN,2007-12-31,17.1851,6190000.0,106375768.99999999,6000000.0,1761000000,1861375769.0
XAN,2007-09-30,21.4715,6200000.0,133123300.0,15100000.0,2115400000,2233423300.0
XAN,2007-06-30,25.3452,6370000.0,161448924.0,2700000.0,2072800000,2231548924.0
XAN,2007-03-31,29.0614,6210000.0,180471294.0,14500000.0,1806700000,1972671294.0
XAN,2006-12-31,30.344,4870000.0,147775280.0,5400000.0,1463800000,1606175280.0
XAN,2006-09-30,27.5064,4400000.0,121028160.0,13500000.0,2115500000,2223028160.0
XAN,2006-06-30,22.7739,4420000.0,100660638.0,3600000.0,1979700000,2076760638.0
XAN,2006-03-31,24.216,4190000.0,101465040.0,23700000.0,1660800000,1738565040.0
