date,symbol,fillingDate,acceptedDate,period,cashAndCashEquivalents,shortTermInvestments,cashAndShortTermInvestments,netReceivables,inventory,otherCurrentAssets,totalCurrentAssets,propertyPlantEquipmentNet,goodwill,intangibleAssets,goodwillAndIntangibleAssets,longTermInvestments,taxAssets,otherNonCurrentAssets,totalNonCurrentAssets,otherAssets,totalAssets,accountPayables,shortTermDebt,taxPayables,deferredRevenue,otherCurrentLiabilities,totalCurrentLiabilities,longTermDebt,deferredRevenueNonCurrent,deferredTaxLiabilitiesNonCurrent,otherNonCurrentLiabilities,totalNonCurrentLiabilities,otherLiabilities,totalLiabilities,commonStock,retainedEarnings,accumulatedOtherComprehensiveIncomeLoss,othertotalStockholdersEquity,totalStockholdersEquity,totalLiabilitiesAndStockholdersEquity,totalInvestments,totalDebt,netDebt,link,finalLink
2020-06-30,NETE,,,Q2,865812,0,865812,5855538,0,1530625,8251975,316118,7681186,4703406,12384592,0,0,730185,13430895,0,21682870,5360103,936391,0,1291703,2271611,9859808,8986881,0,0,0,8986881,247259,19093948,419,-180442122,-2209363,185239988,2588922,21682870,0,9923272,9057460,,
2020-03-31,NETE,,,Q1,606670,0,606670,4021590,0,1300310,5928570,349040,7681190,5348650,13029840,0,0,654900,14033770,654900,19962340,4509310,0,0,930912,1006270,8527530,8352630,0,0,247260,8356660,247260,16884190,410,-180116850,0,-2143370,3078150,19962340,0,9261720,8655050,,
2019-12-31,NETE,,,Q4,486600,0,486600,6560930,0,1621150,8668680,380990,7681190,5678650,13359840,0,0,629650,14370470,629650,23039150,6037830,0,0,1401117,1527780,10408770,8342460,0,0,247260,8357720,247260,18766490,410,-178750630,0,-2274190,4272660,23039150,0,9251550,8764950,,
2019-09-30,NETE,,,Q3,492660,0,492660,5545310,0,1367080,7405050,421550,9007750,5951220,14958970,0,0,655700,16036220,655700,23441270,5350540,0,0,944283,1079590,8212850,7982730,0,0,380990,8155010,380990,16367860,410,-175961170,0,-2247890,7073410,23441270,0,8096890,7604230,,
2019-06-30,NETE,,,Q2,840170,0,840170,5073170,0,978740,6892080,458300,9007750,6237790,15245540,0,0,655180,16359020,655180,23251100,5274780,0,0,449451,650150,7910400,7074980,0,0,380990,7276040,380990,15186440,410,-174950550,0,-2252260,8064660,23251100,0,7299340,6459170,,
2019-03-31,NETE,,,Q1,476990,0,476990,5134510,0,1426210,7037710,493160,9007750,6330650,15338400,0,0,654750,16486320,654750,23524030,5301430,0,0,972650,1244620,9720580,5960360,0,0,380990,6201650,380990,15922230,390,-173413100,0,-2246720,7601800,23524030,0,6291110,5814120,,
2018-12-31,NETE,,,Q4,1645480,0,1645480,6290410,0,1749220,9685110,25340,9007750,6441740,15449490,0,0,604070,16078900,604070,25764010,6368440,0,0,1495849,1883660,11221500,5946050,0,0,0,5820310,0,17041810,390,-172292250,0,-2232160,8722200,25764010,0,6379500,4734020,,
2018-09-30,NETE,,,Q3,2563100,0,2563100,4970700,0,1679090,9212890,34270,9643750,5354240,14997990,0,0,603110,15635370,603110,24848260,5407970,0,0,1173802,1615410,9754970,5072400,0,0,0,4965630,0,14720600,390,-170781060,0,-2315390,10127660,24848260,0,5556890,2993790,,
2018-06-30,NETE,,,Q2,6540000,0,6540000,6060000,0,1280000,13880000,40000,9640000,2740000,12380000,0,0,460000,12890000,460000,26770000,5040000,0,0,1770910,2270000,10900000,5050000,0,0,0,4970000,0,15870000,0,-169870000,-290000,-2460000,10890000,26770000,0,5980000,-560000,,
2018-03-31,NETE,,,Q1,9190000,0,9190000,5130000,0,1890000,16210000,50000,9640000,2900000,12540000,0,0,460000,13050000,460000,29260000,6380000,0,0,1176843,1180000,12490000,5040000,0,0,0,5030000,0,17520000,0,-168970000,-280000,-2490000,11740000,29260000,0,6500000,-2690000,,
2017-12-31,NETE,,,Q4,11290000,0,11290000,5470000,0,2280000,19040000,60000,9640000,3130000,12770000,0,0,460000,13290000,460000,32330000,6790000,0,0,1712591,1710000,14670000,4520000,0,0,0,4480000,0,19150000,0,-167360000,0,-2580000,13180000,32330000,0,7020000,-4270000,,
2017-09-30,NETE,,,Q3,920000,0,920000,4450000,0,1660000,7030000,60000,9640000,3240000,12880000,0,0,460000,13400000,460000,20430000,6070000,0,0,1196743,1570000,11560000,6890000,0,0,0,6870000,0,18430000,0,-163270000,0,-2530000,2010000,20430000,0,7390000,6470000,,
2017-06-30,NETE,,,Q2,1270000,0,1270000,6010000,0,1220000,8500000,100000,9640000,3310000,12950000,0,0,420000,13470000,420000,21970000,7520000,0,0,439074,810000,13740000,6250000,0,0,0,6200000,0,19940000,0,-161570000,0,-2620000,2030000,21970000,0,7240000,5970000,,
2017-03-31,NETE,,,Q1,810000,0,810000,6720000,0,1690000,9220000,110000,9640000,3470000,13110000,0,0,540000,13760000,540000,22980000,8340000,0,0,910019,1270000,15690000,3840000,0,0,0,3860000,0,19550000,0,-159930000,0,-2470000,3430000,22980000,0,4560000,3750000,,
2016-12-31,NETE,,,Q4,620000,0,620000,7130000,0,1470000,9220000,120000,9640000,3590000,13230000,0,0,600000,13950000,600000,23170000,7510000,0,0,1355972,1650000,15490000,3620000,0,0,0,3690000,0,19180000,0,-157440000,0,-2490000,3990000,23170000,0,4420000,3800000,,
2016-09-30,NETE,,,Q3,1390000,0,1390000,5870000,0,1420000,8680000,130000,9640000,4150000,13790000,0,0,790000,14720000,790000,23400000,5650000,0,0,878913,1330000,12780000,4050000,0,0,0,4140000,0,16920000,0,-154620000,0,-2190000,6480000,23400000,0,4190000,2800000,,
2016-06-30,NETE,,,Q2,630000,0,630000,5830000,0,810000,7270000,140000,9640000,4510000,14150000,0,0,550000,14850000,550000,22120000,6080000,0,0,326023,660000,11320000,3820000,0,0,0,3950000,0,15270000,0,-151150000,0,-2090000,6850000,22120000,0,4210000,3580000,,
2016-03-31,NETE,,,Q1,720000,0,720000,4420000,0,1320000,6460000,150000,9640000,4970000,14610000,0,0,390000,15160000,390000,21620000,5080000,0,0,572002,1810000,10590000,3470000,0,0,0,3630000,0,14220000,0,-145800000,0,-1600000,7400000,21620000,0,4040000,3320000,,
2015-12-31,NETE,,,Q4,1030000,0,1030000,5200000,0,1100000,7330000,160000,9640000,5420000,15060000,0,0,350000,15580000,350000,22910000,5860000,200000,0,743910,1070000,10430000,3450000,0,0,0,3640000,0,14070000,0,-143960000,-150000,-1570000,8840000,22910000,0,4170000,3140000,,
2015-09-30,NETE,,,Q3,320000,0,320000,4540000,0,5990000,10850000,200000,6670000,8120000,14790000,0,0,340000,15330000,5340000,26180000,4390000,690000,0,530013,5410000,14020000,3010000,0,0,0,3240000,0,17260000,10000,-138780000,0,-2780000,8910000,26180000,0,4660000,4340000,,
2015-06-30,NETE,,,Q2,680000,0,680000,3490000,0,5880000,10050000,140000,6670000,8650000,15320000,0,0,290000,15750000,5290000,25800000,3220000,280000,0,241304,4320000,10880000,3650000,0,0,0,3900000,0,14780000,10000,-133650000,0,-2590000,11020000,25800000,0,4240000,3560000,,
2015-03-31,NETE,,,Q1,770000,0,770000,3280000,0,750000,4800000,60000,6670000,2270000,8940000,0,0,230000,9230000,230000,14030000,3400000,0,0,437625,560000,6650000,3650000,0,0,0,3910000,0,10560000,0,-131360000,0,-2470000,3470000,14030000,0,3970000,3200000,,
2014-12-31,NETE,,,Q4,500000,0,500000,3420000,0,960000,4880000,70000,6670000,2490000,9160000,0,0,200000,9440000,200000,14320000,2700000,0,0,472482,470000,5620000,3220000,0,0,0,3490000,0,9110000,0,-129120000,-120000,-2360000,5220000,14320000,0,3320000,2820000,,
2014-09-30,NETE,,,Q3,1410000,0,1410000,3960000,0,1030000,6400000,40000,6670000,2520000,9190000,0,0,140000,9380000,140000,15780000,2740000,0,0,265708,340000,5600000,3220000,0,0,0,3040000,0,8640000,0,-126140000,-70000,-390000,7140000,15780000,0,3320000,1910000,,
2014-06-30,NETE,,,Q2,1270000,0,1270000,4370000,0,840000,6480000,60000,6670000,3050000,9720000,0,0,310000,10100000,310000,16580000,2610000,260000,0,158012,480000,6150000,16640000,0,0,0,16470000,0,22620000,0,-121180000,-220000,-1330000,-6050000,16580000,0,16990000,15720000,,
2014-03-31,NETE,,,Q1,780000,0,780000,6490000,0,1760000,9030000,120000,6670000,2490000,9160000,0,0,0,9280000,0,18310000,2890000,7460000,0,267705,590000,15280000,19630000,0,0,0,19480000,0,34760000,0,-122520000,-360000,1260000,-16450000,18310000,0,28660000,27880000,,
2013-12-31,NETE,,,Q4,130000,0,130000,10620000,0,1940000,12690000,140000,6670000,2960000,9630000,50000,0,0,9820000,0,22510000,3190000,8720000,0,239398,1690000,20660000,17260000,0,0,0,17130000,0,37790000,0,-118930000,-350000,160000,-15280000,22510000,50000,29790000,29660000,,
2013-09-30,NETE,,,Q3,3930000,0,3930000,9900000,0,1310000,15140000,160000,6670000,4490000,11160000,50000,0,0,11720000,0,26860000,2020000,10160000,0,170402,1710000,18210000,19050000,0,0,0,16330000,0,34540000,0,-114740000,-350000,730000,-7680000,26860000,50000,30880000,26950000,,
2013-06-30,NETE,,,Q2,2010000,0,2010000,8400000,0,550000,10960000,270000,6670000,5420000,12090000,0,0,0,12900000,0,23860000,2490000,2570000,0,0,430000,10420000,20410000,0,0,200000,17640000,200000,28060000,0,-110350000,-380000,770000,-4200000,23860000,540000,24640000,22630000,,
2013-03-31,NETE,,,Q1,2030000,0,2030000,12460000,0,8350000,22840000,250000,0,210000,210000,0,0,500000,960000,500000,23800000,670000,8510000,0,0,320000,10440000,0,0,0,60000,-420000,60000,10020000,0,-73450000,-400000,250000,13780000,23800000,0,8510000,6480000,,
2012-12-31,NETE,,,Q4,3550000,0,3550000,16940000,0,7520000,28010000,260000,0,110000,110000,0,0,0,370000,2250000,28380000,500000,9400000,0,0,430000,11230000,0,0,0,140000,40000,140000,11270000,0,-70620000,-370000,280000,17110000,28380000,0,9400000,5850000,,
2012-09-30,NETE,,,Q3,10000,0,10000,0,0,46170000,46180000,0,0,0,0,0,0,0,0,46170000,46180000,1670000,0,0,0,500000,2160000,0,0,0,0,0,0,2160000,0,-2550000,0,23040000,44020000,46180000,0,0,-10000,,
2012-06-30,NETE,2012-08-09 00:00:00,2012-08-09 16:12:48,Q2,20000,0,20000,0,0,46180000,46200000,0,0,0,0,0,0,0,0,46170000,46200000,910000,0,0,259835,0,910000,0,0,0,0,0,0,910000,0,-1270000,0,23040000,45300000,46200000,1026719,0,-20000,https://www.sec.gov/Archives/edgar/data/1293330/000114420412044039/0001144204-12-044039-index.html,https://www.sec.gov/Archives/edgar/data/1293330/000114420412044039/v319251_10q.htm
2012-03-31,NETE,,,Q1,10000,0,10000,0,0,46170000,46180000,0,0,0,0,0,0,0,0,46170000,46180000,630000,0,0,0,0,630000,0,0,0,0,0,0,630000,0,-1030000,0,23040000,45540000,46180000,52129,0,-10000,,
2011-12-31,NETE,,,Q4,80000,0,80000,10000,0,320000,410000,230000,420000,610000,1030000,0,0,0,1260000,0,1670000,240000,0,0,0,1770000,2890000,0,0,0,4000000,3880000,4000000,6770000,0,-51270000,0,-390000,-5100000,1670000,52129,0,-80000,,
2011-09-30,NETE,,,Q3,477642,52129,529771,0,0,200996,730767,591892,422223,211595,633818,0,0,1254,1226964,0,1957731,368051,0,0,0,550269,918320,4772695,0,0,0,4772695,0,5691015,741353,-49956067,187,45481243,-3733284,1957731,52129,4772695,4295053,,
2011-06-30,NETE,2011-08-15 00:00:00,2011-08-12 19:43:40,Q3,160000,0,160000,0,0,46220000,46380000,0,0,0,643276,0,0,0,0,46170000,46380000,90000,0,0,0,0,90000,0,0,0,0,0,0,90000,0,-280000,0,23040000,46290000,46380000,49274,0,-160000,https://www.sec.gov/Archives/edgar/data/1293330/000114420411046312/0001144204-11-046312-index.html,https://www.sec.gov/Archives/edgar/data/1293330/000114420411046312/v231326_10q.htm
2010-12-31,NETE,,,Q2,210000,0,210000,0,0,46270000,46480000,0,0,0,0,0,0,0,0,46180000,46480000,70000,0,0,0,0,70000,0,0,0,0,0,0,70000,0,-160000,0,23040000,46410000,46480000,0,0,-210000,,
2010-06-22,NETE,2010-08-10 00:00:00,2010-08-10 16:55:36,Q1,30000,0,30000,0,0,30000,60000,0,0,0,0,0,0,0,0,30000,60000,40000,0,0,0,0,40000,0,0,0,0,0,0,40000,0,-10000,0,0,10000,60000,0,0,-30000,https://www.sec.gov/Archives/edgar/data/1293330/000114420410042595/0001144204-10-042595-index.html,https://www.sec.gov/Archives/edgar/data/1293330/000114420410042595/v192483_10q.htm
