date,symbol,fillingDate,acceptedDate,period,cashAndCashEquivalents,shortTermInvestments,cashAndShortTermInvestments,netReceivables,inventory,otherCurrentAssets,totalCurrentAssets,propertyPlantEquipmentNet,goodwill,intangibleAssets,goodwillAndIntangibleAssets,longTermInvestments,taxAssets,otherNonCurrentAssets,totalNonCurrentAssets,otherAssets,totalAssets,accountPayables,shortTermDebt,taxPayables,deferredRevenue,otherCurrentLiabilities,totalCurrentLiabilities,longTermDebt,deferredRevenueNonCurrent,deferredTaxLiabilitiesNonCurrent,otherNonCurrentLiabilities,totalNonCurrentLiabilities,otherLiabilities,totalLiabilities,commonStock,retainedEarnings,accumulatedOtherComprehensiveIncomeLoss,othertotalStockholdersEquity,totalStockholdersEquity,totalLiabilitiesAndStockholdersEquity,totalInvestments,totalDebt,netDebt,link,finalLink
2020-06-30,PFMT,,,Q2,15211000.0,0.0,15211000.0,20593000,0.0,7843000.0,43647000,18010000,47372000,807000.0,48179000,0.0,2024000.0,4690000.0,72903000,0.0,116550000,1397000.0,3359000.0,0.0,1062000.0,10663000.0,16481000,57561000,0.0,35000.0,3041000.0,60637000,4399000.0,81517000,5000.0,-46652000.0,0.0,81680000.0,35033000.0,116550000,0.0,60920000,45709000,,
2020-03-31,PFMT,2020-05-28 00:00:00,2020-05-28 16:55:05,Q1,8574000.0,0.0,8574000.0,32466000,0.0,5402000.0,46442000,24596000,55372000,866000.0,56238000,0.0,35000.0,986000.0,81820000,2608000.0,128262000,3007000.0,0.0,0.0,111000.0,4999000.0,21622000,58062000,0.0,35000.0,6795000.0,64892000,6795000.0,86514000,5000.0,-39453000.0,-78102000.0,0.0,41748000.0,128262000,0.0,61401000,52827000,https://www.sec.gov/Archives/edgar/data/1550695/000155069520000053/0001550695-20-000053-index.htm,https://www.sec.gov/Archives/edgar/data/1550695/000155069520000053/a10q03312020.htm
2019-12-31,PFMT,2020-04-29,2020-04-29 17:23:47,Q4,3373000.0,0.0,3373000.0,28673000,0.0,4951000.0,36997000,25603000,74372000,925000.0,75297000,0.0,35000.0,975000.0,101875000,2597000.0,138872000,2532000.0,0.0,0.0,83000.0,4677000.0,19430000,58562000,0.0,35000.0,7220000.0,65817000,7220000.0,85247000,5000.0,-26969000.0,-76621000.0,0.0,53625000.0,138872000,0.0,61882000,58509000,https://www.sec.gov/Archives/edgar/data/1550695/000155069520000025/a10k12312019.htm,https://www.sec.gov/Archives/edgar/data/1550695/000155069520000025/a10k12312019.htm
2019-09-30,PFMT,2019-11-14 00:00:00,2019-11-14 17:16:28,Q3,6888000.0,0.0,6888000.0,21684000,0.0,5275000.0,33847000,28242000,81572000,983000.0,82555000,0.0,53000.0,1043000.0,111840000,2703000.0,145687000,1862000.0,0.0,24000.0,1566000.0,5516000.0,20492000,59061000,0.0,53000.0,9337000.0,68451000,9337000.0,88943000,5000.0,-23107000.0,-75076000.0,0.0,56744000.0,145687000,0.0,62243000,55355000,https://www.sec.gov/Archives/edgar/data/1550695/000155069519000060/0001550695-19-000060-index.html,https://www.sec.gov/Archives/edgar/data/1550695/000155069519000060/a10q09302019.htm
2019-06-30,PFMT,2019-08-14,2019-08-14 17:08:04,Q2,4313000.0,0.0,4313000.0,18662000,0.0,5703000.0,28678000,29917000,81572000,1042000.0,82614000,0.0,53000.0,1043000.0,113574000,2702000.0,142252000,1958000.0,0.0,24000.0,1053000.0,4662000.0,17655000,50218000,0.0,53000.0,10378000.0,60649000,10378000.0,78304000,5000.0,-15037000.0,-75857000.0,0.0,63948000.0,142252000,0.0,52895000,48582000,https://www.sec.gov/Archives/edgar/data/1550695/000155069519000055/a10q06302019.htm,https://www.sec.gov/Archives/edgar/data/1550695/000155069519000055/a10q06302019.htm
2019-03-31,PFMT,2019-05-14 00:00:00,2019-05-14 17:13:35,Q1,4364000.0,0.0,4364000.0,17891000,0.0,5451000.0,27706000,31202000,81572000,1101000.0,82673000,0.0,53000.0,1019000.0,114894000,2678000.0,142600000,1989000.0,0.0,0.0,658000.0,5640000.0,20681000,40755000,0.0,53000.0,11997000.0,52805000,11997000.0,73486000,5000.0,-8638000.0,-73673000.0,0.0,69114000.0,142600000,0.0,43561000,39197000,https://www.sec.gov/Archives/edgar/data/1550695/000155069519000034/0001550695-19-000034-index.html,https://www.sec.gov/Archives/edgar/data/1550695/000155069519000034/a10q03312019.htm
2018-12-31,PFMT,2019-04-01,2019-04-01 16:41:18,Q4,5462000.0,0.0,5462000.0,21058000,0.0,5233000.0,31753000,22255000,81572000,1160000.0,82732000,0.0,22000.0,1019000.0,106006000,2832000.0,137759000,1402000.0,0.0,0.0,1078000.0,4702000.0,14087000,41105000,0.0,22000.0,5319000.0,46446000,5319000.0,60533000,5000.0,-149000.0,-72755000.0,0.0,77226000.0,137759000,0.0,43329000,37867000,https://www.sec.gov/Archives/edgar/data/1550695/000155069519000022/a10k12312018.htm,https://www.sec.gov/Archives/edgar/data/1550695/000155069519000022/a10k12312018.htm
2018-09-30,PFMT,2018-11-14 00:00:00,2018-11-14 16:51:25,Q3,5654000.0,0.0,5654000.0,21003000,0.0,5145000.0,31802000,23122000,81572000,4306000.0,85878000,0.0,204000.0,1566000.0,110566000,3354000.0,142368000,2153000.0,0.0,0.0,1440000.0,5548000.0,17556000,37854000,0.0,204000.0,4812000.0,42870000,4812000.0,60426000,5000.0,5116000.0,-70361000.0,0.0,81942000.0,142368000,0.0,40447000,34793000,https://www.sec.gov/Archives/edgar/data/1550695/000155069518000055/0001550695-18-000055-index.html,https://www.sec.gov/Archives/edgar/data/1550695/000155069518000055/a10q09302018.htm
2018-06-30,PFMT,2018-08-10 00:00:00,2018-08-09 20:43:18,Q2,8000000.0,0.0,8000000.0,21200000,0.0,5000000.0,34200000,20700000,81600000,4500000.0,86100000,0.0,400000.0,1800000.0,108500000,3600000.0,142700000,1600000.0,0.0,0.0,1440000.0,6400000.0,14700000,38100000,0.0,396000.0,3100000.0,41600000,3100000.0,56300000,0.0,12700000.0,-68800000.0,0.0,86400000.0,142700000,0.0,40100000,32100000,https://www.sec.gov/Archives/edgar/data/1550695/000155069518000030/0001550695-18-000030-index.html,https://www.sec.gov/Archives/edgar/data/1550695/000155069518000030/a10q06302018.htm
2018-03-31,PFMT,2018-05-09 00:00:00,2018-05-09 16:19:01,Q1,8700000.0,0.0,8700000.0,22900000,0.0,5600000.0,37200000,21100000,81600000,4700000.0,86300000,0.0,600000.0,1800000.0,109100000,3600000.0,146300000,1400000.0,0.0,0.0,1440000.0,5800000.0,15300000,38300000,0.0,578000.0,2900000.0,41700000,2900000.0,57000000,0.0,16300000.0,-66800000.0,0.0,89200000.0,146300000,0.0,40400000,31700000,https://www.sec.gov/Archives/edgar/data/1550695/000155069518000016/0001550695-18-000016-index.html,https://www.sec.gov/Archives/edgar/data/1550695/000155069518000016/a10q03312018.htm
2017-12-31,PFMT,2018-03-14,2018-03-14 16:26:03,Q4,21700000.0,0.0,21700000.0,19300000,0.0,14500000.0,55500000,20900000,81600000,4900000.0,86500000,0.0,0.0,1500000.0,108900000,3300000.0,164400000,14300000.0,0.0,0.0,171000.0,22200000.0,43100000,38600000,0.0,0.0,2500000.0,41000000,2500000.0,84100000,0.0,7900000.0,-64400000.0,0.0,80300000.0,164400000,0.0,40600000,18900000,https://www.sec.gov/Archives/edgar/data/1550695/000155069518000006/a10k12312017.htm,https://www.sec.gov/Archives/edgar/data/1550695/000155069518000006/a10k12312017.htm
2017-09-30,PFMT,2017-11-13 00:00:00,2017-11-13 16:23:09,Q3,23200000.0,0.0,23200000.0,13900000,0.0,14200000.0,51300000,21400000,81600000,5100000.0,86700000,0.0,0.0,4400000.0,112500000,4400000.0,163800000,13700000.0,0.0,0.0,138000.0,23000000.0,43900000,38800000,0.0,0.0,2100000.0,40900000,2100000.0,84800000,0.0,7300000.0,-62300000.0,0.0,79000000.0,163800000,0.0,40300000,17100000,https://www.sec.gov/Archives/edgar/data/1550695/000155069517000042/0001550695-17-000042-index.html,https://www.sec.gov/Archives/edgar/data/1550695/000155069517000042/a10q09302017.htm
2017-06-30,PFMT,2017-08-09 00:00:00,2017-08-09 09:19:44,Q2,21300000.0,0.0,21300000.0,13900000,0.0,20500000.0,55700000,22800000,81600000,5300000.0,86900000,0.0,0.0,4400000.0,114100000,10400000.0,169800000,13800000.0,0.0,0.0,29000.0,23400000.0,42800000,41900000,0.0,0.0,2300000.0,44100000,2300000.0,86900000,0.0,15200000.0,-62200000.0,0.0,82800000.0,169800000,0.0,42900000,21600000,https://www.sec.gov/Archives/edgar/data/1550695/000155069517000030/0001550695-17-000030-index.html,https://www.sec.gov/Archives/edgar/data/1550695/000155069517000030/a10q06302017.htm
2017-03-31,PFMT,2017-05-10 00:00:00,2017-05-09 20:57:55,Q1,27000000.0,0.0,27000000.0,14800000,0.0,22500000.0,64300000,24100000,82500000,5600000.0,88100000,0.0,0.0,4700000.0,116900000,12200000.0,181200000,14000000.0,0.0,0.0,978000.0,24300000.0,57800000,36900000,0.0,0.0,2300000.0,39300000,2300000.0,97100000,0.0,17600000.0,-59600000.0,0.0,84100000.0,181200000,0.0,50600000,23600000,https://www.sec.gov/Archives/edgar/data/1550695/000155069517000019/0001550695-17-000019-index.html,https://www.sec.gov/Archives/edgar/data/1550695/000155069517000019/a10q03312017.htm
2016-12-31,PFMT,2017-03-13,2017-03-13 16:48:20,Q4,33000000.0,0.0,33000000.0,13500000,0.0,25500000.0,72000000,23700000,82500000,5900000.0,88400000,0.0,1100000.0,900000.0,113100000,13700000.0,185100000,13700000.0,0.0,0.0,1294000.0,23700000.0,51500000,43900000,0.0,1130000.0,2400000.0,47300000,2400000.0,98800000,0.0,20600000.0,-57100000.0,0.0,86200000.0,185100000,0.0,53600000,20600000,https://www.sec.gov/Archives/edgar/data/1550695/000155069517000005/a2016123110k.htm,https://www.sec.gov/Archives/edgar/data/1550695/000155069517000005/a2016123110k.htm
2016-09-30,PFMT,2016-11-08 00:00:00,2016-11-08 16:43:56,Q3,48300000.0,0.0,48300000.0,11000000,0.0,28100000.0,87400000,23700000,82500000,22300000.0,104800000,0.0,8000000.0,200000.0,128700000,15400000.0,216100000,14500000.0,0.0,0.0,1102000.0,22500000.0,58000000,51000000,0.0,8028000.0,1800000.0,60700000,1800000.0,118700000,0.0,32900000.0,-55100000.0,0.0,97300000.0,216100000,0.0,63400000,15100000,https://www.sec.gov/Archives/edgar/data/1550695/000162828016021025/0001628280-16-021025-index.html,https://www.sec.gov/Archives/edgar/data/1550695/000162828016021025/a10q09302016.htm
2016-06-30,PFMT,2016-08-05,2016-08-05 16:50:16,Q2,53200000.0,0.0,53200000.0,11600000,0.0,27400000.0,92200000,24200000,82500000,23200000.0,105700000,0.0,8400000.0,200000.0,130100000,14900000.0,222300000,15900000.0,0.0,958000.0,570000.0,26000000.0,63800000,51100000,0.0,8411000.0,1900000.0,61300000,1900000.0,125100000,0.0,33600000.0,-58300000.0,0.0,97200000.0,222300000,0.0,65700000,12500000,https://www.sec.gov/Archives/edgar/data/1550695/000155069516000067/a10q06302016.htm,https://www.sec.gov/Archives/edgar/data/1550695/000155069516000067/a10q06302016.htm
2016-03-31,PFMT,2016-05-06 00:00:00,2016-05-06 13:18:53,Q1,48100000.0,0.0,48100000.0,13600000,0.0,27400000.0,89100000,24900000,82500000,24100000.0,106600000,0.0,8600000.0,200000.0,131700000,14900000.0,220800000,16500000.0,0.0,0.0,7137000.0,24700000.0,64100000,51100000,0.0,8564000.0,2000000.0,61600000,2000000.0,125700000,0.0,32100000.0,-56500000.0,0.0,95000000.0,220800000,0.0,67700000,19600000,https://www.sec.gov/Archives/edgar/data/1550695/000155069516000058/0001550695-16-000058-index.html,https://www.sec.gov/Archives/edgar/data/1550695/000155069516000058/a10q03312016.htm
2015-12-31,PFMT,2016-03-15,2016-03-15 13:30:48,Q4,71200000.0,0.0,71200000.0,18000000,0.0,20100000.0,109300000,25500000,82500000,25100000.0,107600000,0.0,8800000.0,200000.0,133200000,7400000.0,242500000,15300000.0,0.0,895000.0,1078000.0,25600000.0,53700000,84100000,0.0,8818000.0,2000000.0,95000000,2000000.0,148700000,0.0,32000000.0,-54400000.0,0.0,93900000.0,242500000,0.0,92100000,20900000,https://www.sec.gov/Archives/edgar/data/1550695/000155069516000050/a2015123110k.htm,https://www.sec.gov/Archives/edgar/data/1550695/000155069516000050/a2015123110k.htm
2015-09-30,PFMT,2015-11-09 00:00:00,2015-11-06 21:14:40,Q3,78300000.0,0.0,78300000.0,14400000,0.0,20700000.0,113400000,25600000,82500000,26000000.0,108500000,0.0,10400000.0,1500000.0,135600000,10200000.0,249000000,17200000.0,0.0,0.0,1099000.0,24500000.0,58400000,87500000,0.0,10384000.0,2600000.0,100500000,2600000.0,158900000,0.0,29800000.0,-52400000.0,0.0,90200000.0,249000000,0.0,96500000,18200000,https://www.sec.gov/Archives/edgar/data/1550695/000155069515000043/0001550695-15-000043-index.html,https://www.sec.gov/Archives/edgar/data/1550695/000155069515000043/a10q09302015.htm
2015-06-30,PFMT,2015-08-07 00:00:00,2015-08-07 16:34:30,Q2,76100000.0,0.0,76100000.0,16900000,0.0,21300000.0,114300000,26600000,82500000,27000000.0,109500000,0.0,10800000.0,1800000.0,137800000,10300000.0,252100000,17300000.0,0.0,0.0,1122000.0,24100000.0,58500000,90900000,0.0,10786000.0,2500000.0,104100000,2500000.0,162600000,0.0,30200000.0,-50100000.0,0.0,89600000.0,252100000,0.0,100100000,24000000,https://www.sec.gov/Archives/edgar/data/1550695/000155069515000033/0001550695-15-000033-index.html,https://www.sec.gov/Archives/edgar/data/1550695/000155069515000033/a10q06302015.htm
2015-03-31,PFMT,2015-05-08 00:00:00,2015-05-08 17:14:13,Q1,77300000.0,0.0,77300000.0,21300000,0.0,21200000.0,119800000,27100000,82500000,27900000.0,110400000,0.0,11400000.0,2100000.0,139600000,10700000.0,259400000,16000000.0,0.0,0.0,1143000.0,25700000.0,64900000,92500000,0.0,11409000.0,2800000.0,106800000,2800000.0,171700000,0.0,29400000.0,-47900000.0,0.0,87700000.0,259400000,0.0,109300000,32000000,https://www.sec.gov/Archives/edgar/data/1550695/000155069515000022/0001550695-15-000022-index.html,https://www.sec.gov/Archives/edgar/data/1550695/000155069515000022/a10q03312015.htm
2014-12-31,PFMT,2015-03-13,2015-03-13 09:35:16,Q4,80300000.0,0.0,80300000.0,19400000,0.0,21200000.0,120900000,27600000,82500000,29100000.0,111600000,0.0,11700000.0,2700000.0,141900000,11300000.0,262800000,13500000.0,0.0,0.0,986000.0,27100000.0,55800000,102000000,0.0,11666000.0,2300000.0,115900000,2300000.0,171700000,0.0,33800000.0,-45500000.0,0.0,91200000.0,262800000,0.0,111800000,31500000,https://www.sec.gov/Archives/edgar/data/1550695/000155069515000008/a2014123110k.htm,https://www.sec.gov/Archives/edgar/data/1550695/000155069515000008/a2014123110k.htm
2014-09-30,PFMT,2014-11-10 00:00:00,2014-11-10 14:36:58,Q3,85000000.0,0.0,85000000.0,19700000,0.0,20400000.0,125100000,26700000,81600000,29700000.0,111300000,0.0,11000000.0,2300000.0,140300000,10500000.0,265400000,16400000.0,0.0,0.0,1004000.0,22400000.0,54600000,105300000,0.0,10976000.0,2100000.0,118500000,2100000.0,173100000,0.0,36200000.0,-43100000.0,0.0,92300000.0,265400000,0.0,114300000,29300000,https://www.sec.gov/Archives/edgar/data/1550695/000155069514000031/0001550695-14-000031-index.html,https://www.sec.gov/Archives/edgar/data/1550695/000155069514000031/a10q09302014.htm
2014-06-30,PFMT,2014-08-08 00:00:00,2014-08-08 15:17:24,Q2,81500000.0,0.0,81500000.0,16600000,0.0,12000000.0,110100000,27200000,81600000,30600000.0,112200000,0.0,11500000.0,2500000.0,141900000,11300000.0,252000000,1400000.0,0.0,246000.0,1021000.0,22400000.0,42800000,106900000,0.0,11500000.0,1900000.0,120300000,1900000.0,163100000,0.0,36700000.0,-42000000.0,0.0,88900000.0,252000000,0.0,116700000,35200000,https://www.sec.gov/Archives/edgar/data/1550695/000155069514000023/0001550695-14-000023-index.html,https://www.sec.gov/Archives/edgar/data/1550695/000155069514000023/pfmt-2014630x10q.htm
2014-03-31,PFMT,2014-05-09 00:00:00,2014-05-09 14:46:16,Q1,90700000.0,0.0,90700000.0,17000000,0.0,12600000.0,120300000,27000000,81600000,31600000.0,113200000,0.0,12000000.0,2800000.0,142900000,11400000.0,263200000,1500000.0,0.0,5492000.0,1039000.0,27500000.0,59100000,108400000,0.0,12016000.0,2000000.0,122400000,2000000.0,181500000,0.0,30800000.0,-40000000.0,0.0,81700000.0,263200000,0.0,130600000,39900000,https://www.sec.gov/Archives/edgar/data/1550695/000155069514000014/0001550695-14-000014-index.html,https://www.sec.gov/Archives/edgar/data/1550695/000155069514000014/pfmt-2014331x10q.htm
2013-12-31,PFMT,2014-03-14,2014-03-14 13:46:52,Q4,81900000.0,0.0,81900000.0,19600000,0.0,12400000.0,113900000,26200000,81600000,32500000.0,114100000,0.0,12600000.0,3100000.0,143400000,11000000.0,257300000,2400000.0,0.0,103000.0,6847000.0,20700000.0,45700000,122500000,0.0,12612000.0,2200000.0,137300000,2200000.0,183000000,0.0,24400000.0,-38200000.0,0.0,74200000.0,257300000,0.0,133300000,51400000,https://www.sec.gov/Archives/edgar/data/1550695/000155069514000005/a2013123110k.htm,https://www.sec.gov/Archives/edgar/data/1550695/000155069514000005/a2013123110k.htm
2013-09-30,PFMT,2013-11-08 00:00:00,2013-11-08 16:54:11,Q3,69600000.0,0.0,69600000.0,30600000,0.0,10100000.0,110300000,24300000,81600000,33400000.0,115000000,0.0,12700000.0,3700000.0,143000000,11100000.0,253300000,1800000.0,0.0,6229000.0,6331000.0,25400000.0,48500000,125200000,0.0,12660000.0,1900000.0,139800000,1900000.0,188300000,0.0,16600000.0,-36500000.0,0.0,65000000.0,253300000,0.0,136000000,66400000,https://www.sec.gov/Archives/edgar/data/1550695/000155069513000008/0001550695-13-000008-index.html,https://www.sec.gov/Archives/edgar/data/1550695/000155069513000008/pfmt-2013930x10q.htm
2013-06-30,PFMT,2013-08-09 00:00:00,2013-08-08 21:26:09,Q2,51300000.0,0.0,51300000.0,25800000,0.0,8800000.0,85900000,23500000,81600000,34400000.0,116000000,0.0,11600000.0,4000000.0,143400000,10100000.0,229300000,2000000.0,0.0,0.0,1278000.0,18500000.0,39500000,127900000,0.0,11573000.0,2200000.0,141700000,2200000.0,181200000,0.0,1100000.0,-34800000.0,0.0,48100000.0,229300000,0.0,138700000,87400000,https://www.sec.gov/Archives/edgar/data/1550695/000119312513327590/0001193125-13-327590-index.html,https://www.sec.gov/Archives/edgar/data/1550695/000119312513327590/d540171d10q.htm
2013-03-31,PFMT,2013-05-10 00:00:00,2013-05-10 16:00:29,Q1,39300000.0,0.0,39300000.0,21500000,0.0,8200000.0,69000000,21500000,81600000,35300000.0,116900000,0.0,11300000.0,4300000.0,142600000,9200000.0,211600000,1400000.0,0.0,0.0,1278000.0,13800000.0,32500000,134000000,0.0,11271000.0,2400000.0,147600000,2400000.0,180100000,0.0,-10100000.0,-33400000.0,0.0,31500000.0,211600000,0.0,145000000,105700000,https://www.sec.gov/Archives/edgar/data/1550695/000119312513214089/0001193125-13-214089-index.html,https://www.sec.gov/Archives/edgar/data/1550695/000119312513214089/d516179d10q.htm
2012-12-31,PFMT,2013-03-21,2013-03-21 17:08:29,Q4,37800000.0,0.0,37800000.0,23000000,0.0,7900000.0,68700000,20700000,81600000,36200000.0,117800000,0.0,11300000.0,4600000.0,143000000,9500000.0,211700000,1400000.0,0.0,430000.0,2187000.0,15200000.0,37000000,136700000,0.0,11271000.0,2700000.0,150700000,2700000.0,187700000,0.0,-11900000.0,-31900000.0,0.0,24100000.0,211700000,0.0,147800000,110000000,https://www.sec.gov/Archives/edgar/data/1550695/000119312513119713/d459986d10k.htm,https://www.sec.gov/Archives/edgar/data/1550695/000119312513119713/d459986d10k.htm
2012-09-30,PFMT,2012-11-14 00:00:00,2012-11-13 21:41:15,Q3,32200000.0,0.0,32200000.0,24900000,0.0,8800000.0,65900000,18200000,81600000,37200000.0,118800000,0.0,14600000.0,4800000.0,141700000,11100000.0,207600000,1600000.0,0.0,0.0,2499000.0,14400000.0,33300000,139500000,0.0,14604000.0,2900000.0,157000000,2900000.0,190300000,0.0,-17900000.0,-30500000.0,0.0,17300000.0,207600000,0.0,150500000,118300000,https://www.sec.gov/Archives/edgar/data/1550695/000119312512468366/0001193125-12-468366-index.html,https://www.sec.gov/Archives/edgar/data/1550695/000119312512468366/d404623d10q.htm
2012-06-30,PFMT,,,Q2,20700000.0,0.0,20700000.0,24900000,0.0,11700000.0,57300000,16100000,81600000,38100000.0,119700000,0.0,14600000.0,5200000.0,141000000,13600000.0,198300000,1800000.0,0.0,0.0,0.0,20100000.0,40000000,142200000,0.0,0.0,5600000.0,162500000,5600000.0,202500000,0.0,-24300000.0,0.0,-2300000.0,-4200000.0,198300000,0.0,153300000,132600000,,
2012-03-31,PFMT,,,Q1,12300000.0,0.0,12300000.0,23100000,0.0,9100000.0,44500000,15100000,81600000,39000000.0,120600000,0.0,14600000.0,2900000.0,138500000,9500000.0,183000000,700000.0,0.0,0.0,0.0,14500000.0,31200000,130200000,0.0,0.0,4700000.0,149500000,4700000.0,180700000,0.0,-31900000.0,0.0,-2300000.0,2300000.0,183000000,0.0,141000000,128700000,,
2011-12-31,PFMT,,,Q4,20000000.0,0.0,20000000.0,19400000,0.0,9200000.0,48600000,14900000,81600000,36500000.0,118100000,0.0,14600000.0,700000.0,133700000,6600000.0,182300000,100000.0,0.0,0.0,0.0,11600000.0,26900000,95200000,0.0,0.0,2900000.0,112900000,2900000.0,139800000,0.0,-32800000.0,-26500000.0,-2300000.0,42500000.0,182300000,0.0,103400000,83400000,,
