date,symbol,fillingDate,acceptedDate,period,cashAndCashEquivalents,shortTermInvestments,cashAndShortTermInvestments,netReceivables,inventory,otherCurrentAssets,totalCurrentAssets,propertyPlantEquipmentNet,goodwill,intangibleAssets,goodwillAndIntangibleAssets,longTermInvestments,taxAssets,otherNonCurrentAssets,totalNonCurrentAssets,otherAssets,totalAssets,accountPayables,shortTermDebt,taxPayables,deferredRevenue,otherCurrentLiabilities,totalCurrentLiabilities,longTermDebt,deferredRevenueNonCurrent,deferredTaxLiabilitiesNonCurrent,otherNonCurrentLiabilities,totalNonCurrentLiabilities,otherLiabilities,totalLiabilities,commonStock,retainedEarnings,accumulatedOtherComprehensiveIncomeLoss,othertotalStockholdersEquity,totalStockholdersEquity,totalLiabilitiesAndStockholdersEquity,totalInvestments,totalDebt,netDebt,link,finalLink
2020-06-30,RMED,2020-08-11 00:00:00,2020-08-11 17:22:27,Q2,29380000.0,0.0,29380000.0,474000.0,2704000.0,1221000.0,33779000.0,6768000.0,0.0,0.0,0.0,0.0,0.0,144000.0,6912000.0,144000.0,40691000,1870000.0,0.0,0.0,1859000.0,1859000.0,8304000.0,2112000.0,846000.0,846000.0,3291000.0,5403000.0,3291000.0,13707000.0,4000.0,-134979000,-3123000.0,0.0,26984000.0,40691000,0.0,2413000.0,-26967000.0,https://www.sec.gov/Archives/edgar/data/1716621/000156459020039361/0001564590-20-039361-index.htm,https://www.sec.gov/Archives/edgar/data/1716621/000156459020039361/rmed-10q_20200630.htm
2020-03-31,RMED,2020-05-14 00:00:00,2020-05-13 20:00:22,Q1,18437000.0,5003000.0,23440000.0,684000.0,2773000.0,1792000.0,28689000.0,7436000.0,0.0,0.0,0.0,0.0,0.0,175000.0,7611000.0,175000.0,36300000,1356000.0,0.0,0.0,1964000.0,1964000.0,6022000.0,189000.0,0.0,0.0,3615000.0,3804000.0,3615000.0,9826000.0,1000.0,-124858000,8000.0,4000.0,26474000.0,36300000,5003000.0,482000.0,-17955000.0,https://www.sec.gov/Archives/edgar/data/1716621/000156459020025200/0001564590-20-025200-index.html,https://www.sec.gov/Archives/edgar/data/1716621/000156459020025200/rmed-10q_20200331.htm
2019-12-31,RMED,2020-03-11,2020-03-11 17:05:49,Q4,14584000.0,15993000.0,30577000.0,786000.0,2777000.0,1860000.0,36000000.0,7885000.0,0.0,0.0,0.0,0.0,0.0,196000.0,8081000.0,196000.0,44081000,1532000.0,0.0,0.0,2029000.0,2029000.0,6814000.0,265000.0,1232000.0,1232000.0,3852000.0,4117000.0,3852000.0,10931000.0,1000.0,-117157000,52000.0,26000.0,33150000.0,44081000,15993000.0,558000.0,-14026000.0,https://www.sec.gov/Archives/edgar/data/1716621/000156459020010123/rmed-10k_20191231.htm,https://www.sec.gov/Archives/edgar/data/1716621/000156459020010123/rmed-10k_20191231.htm
2019-09-30,RMED,2019-11-29 00:00:00,2019-11-27 21:59:53,Q3,14512000.0,25964000.0,40476000.0,1296000.0,2572000.0,1108000.0,45452000.0,8337000.0,0.0,0.0,0.0,0.0,0.0,213000.0,8550000.0,213000.0,54002000,1004000.0,0.0,0.0,1917000.0,1917000.0,7982000.0,417000.0,1161000.0,1161000.0,3862000.0,4279000.0,3862000.0,12261000.0,1000.0,-107414000,76000.0,38000.0,41741000.0,54002000,25964000.0,783000.0,-13729000.0,https://www.sec.gov/Archives/edgar/data/1716621/000156459019044816/0001564590-19-044816-index.html,https://www.sec.gov/Archives/edgar/data/1716621/000156459019044816/rmed-10q_20190930.htm
2019-06-30,RMED,2019-11-29,2019-11-27 21:56:26,Q2,11787000.0,36601000.0,48388000.0,1454000.0,2344000.0,1302000.0,53488000.0,8769000.0,0.0,0.0,0.0,0.0,0.0,217000.0,8986000.0,217000.0,62474000,1515000.0,0.0,0.0,2039000.0,2039000.0,6295000.0,510000.0,992000.0,992000.0,3774000.0,4284000.0,3774000.0,10579000.0,1000.0,-89996000,102000.0,51000.0,51895000.0,62474000,36601000.0,877000.0,-10910000.0,https://www.sec.gov/Archives/edgar/data/1716621/000156459019044815/rmed-10q_20190630.htm,https://www.sec.gov/Archives/edgar/data/1716621/000156459019044815/rmed-10q_20190630.htm
2019-03-31,RMED,2019-05-14 00:00:00,2019-05-13 20:18:22,Q1,55129000.0,0.0,55129000.0,1292000.0,2217000.0,1815000.0,60453000.0,8614000.0,0.0,0.0,0.0,0.0,0.0,213000.0,8827000.0,213000.0,69280000,1411000.0,0.0,0.0,1954000.0,1954000.0,5085000.0,594000.0,943000.0,943000.0,3804000.0,4398000.0,3804000.0,9483000.0,1000.0,-74874000,-1597000.0,0.0,59797000.0,69280000,0.0,961000.0,-54168000.0,https://www.sec.gov/Archives/edgar/data/1716621/000156459019018937/0001564590-19-018937-index.html,https://www.sec.gov/Archives/edgar/data/1716621/000156459019018937/rmed-10q_20190331.htm
2018-12-31,RMED,2019-03-15,2019-03-14 20:47:50,Q4,64315000.0,0.0,64315000.0,1320000.0,2097000.0,1501000.0,69233000.0,4757000.0,0.0,0.0,0.0,0.0,0.0,45000.0,4802000.0,45000.0,74035000,1125000.0,0.0,0.0,1723000.0,1723000.0,5950000.0,557000.0,767000.0,767000.0,823000.0,1380000.0,823000.0,7330000.0,1000.0,-60221000,-1313000.0,0.0,66705000.0,74035000,0.0,850000.0,-63465000.0,https://www.sec.gov/Archives/edgar/data/1716621/000156459019007905/rmed-10k_20181231.htm,https://www.sec.gov/Archives/edgar/data/1716621/000156459019007905/rmed-10k_20181231.htm
2018-09-30,RMED,2018-11-14 00:00:00,2018-11-13 18:47:44,Q3,4915000.0,0.0,4915000.0,1346000.0,1281000.0,237000.0,7779000.0,2809000.0,0.0,0.0,0.0,0.0,0.0,3601000.0,6410000.0,3601000.0,14189000,3340000.0,0.0,0.0,1751000.0,1823000.0,6833000.0,0.0,768000.0,0.0,875000.0,875000.0,875000.0,7708000.0,1000.0,-45284000,-1108000.0,0.0,6481000.0,14189000,0.0,30000.0,-4885000.0,https://www.sec.gov/Archives/edgar/data/1716621/000156459018029383/0001564590-18-029383-index.html,https://www.sec.gov/Archives/edgar/data/1716621/000156459018029383/rmed-10q_20180930.htm
2018-06-30,RMED,,,Q2,9770000.0,0.0,9770000.0,760000.0,1260000.0,270000.0,12060000.0,2260000.0,0.0,0.0,0.0,0.0,0.0,2290000.0,4550000.0,2290000.0,16610000,2440000.0,0.0,0.0,0.0,1800000.0,5950000.0,0.0,0.0,0.0,880000.0,880000.0,880000.0,6830000.0,0.0,-40480000,-1000000.0,0.0,9780000.0,16610000,0.0,40000.0,-9730000.0,,
