date,symbol,fillingDate,acceptedDate,period,cashAndCashEquivalents,shortTermInvestments,cashAndShortTermInvestments,netReceivables,inventory,otherCurrentAssets,totalCurrentAssets,propertyPlantEquipmentNet,goodwill,intangibleAssets,goodwillAndIntangibleAssets,longTermInvestments,taxAssets,otherNonCurrentAssets,totalNonCurrentAssets,otherAssets,totalAssets,accountPayables,shortTermDebt,taxPayables,deferredRevenue,otherCurrentLiabilities,totalCurrentLiabilities,longTermDebt,deferredRevenueNonCurrent,deferredTaxLiabilitiesNonCurrent,otherNonCurrentLiabilities,totalNonCurrentLiabilities,otherLiabilities,totalLiabilities,commonStock,retainedEarnings,accumulatedOtherComprehensiveIncomeLoss,othertotalStockholdersEquity,totalStockholdersEquity,totalLiabilitiesAndStockholdersEquity,totalInvestments,totalDebt,netDebt,link,finalLink
2020-06-30,XAIR,2020-08-06 00:00:00,2020-08-06 17:27:52,Q1,23808900.0,0.0,23808900.0,79760.0,0.0,1763800.0,25652460.0,819320.0,0.0,403240.0,403240.0,0.0,0.0,0.0,1222560.0,636320.0,26875020.0,1920340.0,209580.0,0.0,644029.0,644030.0,3938220.0,4372260.0,0.0,0.0,323270.0,4695520.0,323270.0,8633740.0,1680.0,-64328880.0,-313320.0,0.0,18241270.0,26875020.0,0.0,4581840.0,-19227060.0,https://www.sec.gov/Archives/edgar/data/1641631/000149315220014898/0001493152-20-014898-index.htm,https://www.sec.gov/Archives/edgar/data/1641631/000149315220014898/form10-q.htm
2020-03-31,XAIR,2020-06-23,2020-06-23 17:21:25,Q4,19829280.0,0.0,19829280.0,0.0,0.0,6852610.0,26681890.0,340090.0,0.0,412760.0,412760.0,0.0,0.0,0.0,752850.0,5702810.0,27434740.0,2256230.0,335360.0,0.0,873190.0,1113190.0,4871650.0,4339070.0,0.0,0.0,131580.0,4470650.0,131580.0,9342300.0,1610.0,-57587080.0,-279670.0,0.0,18092450.0,27434740.0,0.0,4674430.0,-15154850.0,https://www.sec.gov/Archives/edgar/data/1641631/000149315220011662/form10-k.htm,https://www.sec.gov/Archives/edgar/data/1641631/000149315220011662/form10-k.htm
2019-12-31,XAIR,2020-02-07 00:00:00,2020-02-07 17:01:14,Q3,2140160.0,12699960.0,14840130.0,0.0,0.0,1132260.0,15972390.0,361960.0,0.0,422280.0,422280.0,0.0,0.0,0.0,784240.0,702480.0,16756630.0,2013930.0,0.0,154300.0,675844.0,987040.0,4589150.0,0.0,0.0,0.0,151380.0,151380.0,151380.0,4740530.0,1390.0,-52318740.0,-259510.0,0.0,12016100.0,16756630.0,12699960.0,0.0,-2140160.0,https://www.sec.gov/Archives/edgar/data/1641631/000149315220001805/0001493152-20-001805-index.html,https://www.sec.gov/Archives/edgar/data/1641631/000149315220001805/form10q.htm
2019-09-30,XAIR,2019-11-06 00:00:00,2019-11-06 17:01:25,Q2,1895390.0,7485820.0,9381210.0,0.0,0.0,931530.0,10312740.0,398550.0,0.0,431800.0,431800.0,0.0,0.0,0.0,830350.0,517500.0,11143090.0,2104320.0,88580.0,154300.0,990223.0,1282520.0,5454470.0,0.0,0.0,0.0,169010.0,169000.0,169010.0,5623470.0,1080.0,-47923130.0,-236320.0,0.0,5519620.0,11143090.0,7485820.0,88580.0,-1806810.0,https://www.sec.gov/Archives/edgar/data/1641631/000149315219016559/0001493152-19-016559-index.html,https://www.sec.gov/Archives/edgar/data/1641631/000149315219016559/form10-q.htm
2019-06-30,XAIR,2019-08-14,2019-08-14 16:46:36,Q1,636190.0,11007240.0,11643430.0,0.0,0.0,631250.0,12274680.0,404280.0,0.0,441320.0,441320.0,0.0,0.0,0.0,845600.0,86100.0,13120280.0,1553000.0,147240.0,154300.0,1635825.0,1956630.0,5080760.0,0.0,0.0,0.0,179270.0,179270.0,179270.0,5260030.0,1060.0,-43825390.0,0.0,0.0,7860260.0,13120280.0,11007240.0,147240.0,-488950.0,https://www.sec.gov/Archives/edgar/data/1641631/000149315219012600/form10-q.htm,https://www.sec.gov/Archives/edgar/data/1641631/000149315219012600/form10-q.htm
2019-03-31,XAIR,2019-06-28,2019-06-27 18:48:50,Q4,1340200.0,6542670.0,7882870.0,0.0,0.0,805340.0,8688210.0,244870.0,0.0,495000.0,495000.0,0.0,0.0,0.0,739880.0,16930.0,9428090.0,1164670.0,298140.0,154300.0,2263294.0,2407290.0,5403210.0,0.0,0.0,0.0,0.0,0.0,0.0,5403210.0,870.0,-37644570.0,0.0,0.0,4024880.0,9428090.0,6542670.0,298140.0,-1042060.0,https://www.sec.gov/Archives/edgar/data/1641631/000149315219009826/form10-k.htm,https://www.sec.gov/Archives/edgar/data/1641631/000149315219009826/form10-k.htm
2018-12-31,XAIR,2019-02-14 00:00:00,2019-02-14 16:31:19,Q3,479700.0,2573610.0,3053310.0,0.0,0.0,101620.0,3154930.0,259220.0,0.0,495000.0,495000.0,0.0,0.0,0.0,754220.0,15910.0,3909150.0,833730.0,0.0,154300.0,0.0,295000.0,1453330.0,0.0,0.0,0.0,0.0,0.0,0.0,1453330.0,850.0,-37586650.0,0.0,0.0,2455820.0,3909150.0,2573610.0,0.0,-479700.0,https://www.sec.gov/Archives/edgar/data/1641631/000149315219002083/0001493152-19-002083-index.html,https://www.sec.gov/Archives/edgar/data/1641631/000149315219002083/form10-q.htm
2018-09-30,XAIR,2018-11-14 00:00:00,2018-11-14 17:10:14,Q2,320000.0,4550000.0,4870000.0,120000.0,0.0,20000.0,5010000.0,260000.0,0.0,0.0,0.0,0.0,0.0,0.0,260000.0,20000.0,5270000.0,860000.0,30000.0,121000.0,0.0,0.0,1240000.0,0.0,0.0,0.0,9030000.0,9030000.0,9030000.0,10270000.0,0.0,-38030000.0,20000.0,10000.0,-5010000.0,5270000.0,4550000.0,30000.0,-290000.0,https://www.sec.gov/Archives/edgar/data/1641631/000149315218016188/0001493152-18-016188-index.html,https://www.sec.gov/Archives/edgar/data/1641631/000149315218016188/form10-q.htm
2018-06-30,XAIR,2018-08-14 00:00:00,2018-08-14 08:02:06,Q1,390000.0,6340000.0,6730000.0,120000.0,0.0,10000.0,6860000.0,240000.0,0.0,0.0,0.0,0.0,0.0,0.0,240000.0,20000.0,7100000.0,760000.0,30000.0,0.0,0.0,0.0,1520000.0,0.0,0.0,0.0,6960000.0,6950000.0,6960000.0,8470000.0,0.0,-33570000.0,0.0,0.0,-1370000.0,7100000.0,6340000.0,30000.0,-360000.0,https://www.sec.gov/Archives/edgar/data/1641631/000149315218011616/0001493152-18-011616-index.html,https://www.sec.gov/Archives/edgar/data/1641631/000149315218011616/form10-q.htm
2018-03-31,XAIR,,,Q4,730000.0,8300000.0,9040000.0,60000.0,0.0,0.0,9100000.0,250000.0,0.0,0.0,0.0,0.0,0.0,0.0,260000.0,10000.0,9360000.0,840000.0,30000.0,0.0,0.0,0.0,2130000.0,0.0,0.0,0.0,5680000.0,5680000.0,5680000.0,7810000.0,0.0,-30570000.0,0.0,0.0,1550000.0,9360000.0,8300000.0,30000.0,-700000.0,,
2017-12-31,XAIR,2018-06-15,2018-06-15 13:14:21,Q3,1200000.0,610000.0,1810000.0,110000.0,0.0,0.0,1920000.0,270000.0,0.0,0.0,0.0,0.0,0.0,0.0,270000.0,10000.0,2190000.0,670000.0,30000.0,154000.0,0.0,0.0,1400000.0,0.0,0.0,0.0,9170000.0,9170000.0,9170000.0,10570000.0,0.0,-31620000.0,0.0,0.0,-8380000.0,2190000.0,610000.0,30000.0,-1170000.0,https://www.sec.gov/Archives/edgar/data/1641631/000149315218008764/form10-kt.htm,https://www.sec.gov/Archives/edgar/data/1641631/000149315218008764/form10-kt.htm
2017-09-30,XAIR,2017-11-03 00:00:00,2017-11-03 12:07:22,Q2,1750000.0,2010000.0,3760000.0,110000.0,0.0,0.0,3870000.0,210000.0,0.0,0.0,0.0,0.0,0.0,0.0,210000.0,0.0,4080000.0,460000.0,30000.0,0.0,0.0,0.0,1130000.0,0.0,0.0,0.0,9820000.0,9820000.0,9820000.0,10950000.0,0.0,-29890000.0,20000.0,10000.0,-6870000.0,4080000.0,2010000.0,30000.0,-1720000.0,https://www.sec.gov/Archives/edgar/data/1641631/000117891317002998/0001178913-17-002998-index.html,https://www.sec.gov/Archives/edgar/data/1641631/000117891317002998/zk1720673.htm
2017-06-30,XAIR,2017-08-11 00:00:00,2017-08-11 11:56:49,Q1,5190000.0,0.0,5190000.0,190000.0,0.0,0.0,5380000.0,120000.0,0.0,0.0,0.0,0.0,0.0,0.0,110000.0,0.0,5490000.0,440000.0,30000.0,0.0,0.0,0.0,950000.0,0.0,0.0,0.0,4740000.0,4730000.0,4740000.0,5680000.0,0.0,-22740000.0,0.0,0.0,-190000.0,5490000.0,0.0,30000.0,-5160000.0,https://www.sec.gov/Archives/edgar/data/1641631/000117891317002381/0001178913-17-002381-index.html,https://www.sec.gov/Archives/edgar/data/1641631/000117891317002381/zk1720383.htm
2017-03-31,XAIR,2017-05-15 00:00:00,2017-05-15 16:46:17,Q4,7140000.0,0.0,7140000.0,180000.0,0.0,0.0,7320000.0,80000.0,0.0,0.0,0.0,0.0,0.0,0.0,80000.0,0.0,7400000.0,550000.0,210000.0,0.0,0.0,0.0,1640000.0,0.0,0.0,0.0,4890000.0,4890000.0,4890000.0,6530000.0,0.0,-19860000.0,0.0,0.0,870000.0,7400000.0,0.0,240000.0,-6900000.0,https://www.sec.gov/Archives/edgar/data/1641631/000117891317001480/0001178913-17-001480-index.html,https://www.sec.gov/Archives/edgar/data/1641631/000117891317001480/zk1719951.htm
2016-12-31,XAIR,2017-03-31,2017-03-31 14:25:43,Q3,10000.0,0.0,10000.0,80000.0,0.0,0.0,90000.0,60000.0,0.0,0.0,0.0,0.0,0.0,90000.0,150000.0,90000.0,240000.0,530000.0,380000.0,0.0,0.0,0.0,2040000.0,2900000.0,0.0,0.0,0.0,2890000.0,0.0,4930000.0,0.0,-13570000.0,0.0,0.0,-4700000.0,240000.0,0.0,3310000.0,3300000.0,https://www.sec.gov/Archives/edgar/data/1641631/000147793217001466/att_10k.htm,https://www.sec.gov/Archives/edgar/data/1641631/000147793217001466/att_10k.htm
2016-09-30,XAIR,2016-11-14 00:00:00,2016-11-14 14:02:48,Q2,0.0,0.0,0.0,0.0,0.0,0.0,0.0,0.0,0.0,0.0,0.0,0.0,0.0,0.0,0.0,0.0,0.0,10000.0,0.0,0.0,0.0,0.0,40000.0,0.0,0.0,0.0,0.0,0.0,0.0,40000.0,0.0,-40000.0,0.0,0.0,-30000.0,0.0,0.0,30000.0,30000.0,https://www.sec.gov/Archives/edgar/data/1641631/000107878216003766/0001078782-16-003766-index.html,https://www.sec.gov/Archives/edgar/data/1641631/000107878216003766/f10q093016_10q.htm
2016-06-30,XAIR,2016-10-13,2016-10-13 13:47:40,Q1,10000.0,0.0,10000.0,0.0,0.0,0.0,10000.0,0.0,0.0,0.0,0.0,0.0,0.0,0.0,0.0,0.0,10000.0,0.0,0.0,0.0,0.0,0.0,30000.0,0.0,0.0,0.0,0.0,0.0,0.0,30000.0,0.0,-30000.0,0.0,0.0,-30000.0,10000.0,0.0,30000.0,20000.0,https://www.sec.gov/Archives/edgar/data/1641631/000107878216003604/f10k063016_10k.htm,https://www.sec.gov/Archives/edgar/data/1641631/000107878216003604/f10k063016_10k.htm
2016-03-31,XAIR,2016-05-12 00:00:00,2016-05-12 15:44:56,Q4,0.0,0.0,0.0,0.0,0.0,0.0,0.0,0.0,0.0,0.0,0.0,0.0,0.0,0.0,0.0,0.0,0.0,0.0,0.0,0.0,0.0,0.0,0.0,10000.0,0.0,0.0,0.0,10000.0,0.0,10000.0,0.0,-10000.0,0.0,0.0,-10000.0,0.0,0.0,10000.0,10000.0,https://www.sec.gov/Archives/edgar/data/1641631/000107878216002784/0001078782-16-002784-index.html,https://www.sec.gov/Archives/edgar/data/1641631/000107878216002784/f10q033116_10q.htm
2015-12-31,XAIR,2016-02-23 00:00:00,2016-02-23 13:19:10,Q3,10000.0,0.0,10000.0,0.0,0.0,0.0,10000.0,0.0,0.0,0.0,0.0,0.0,0.0,0.0,0.0,0.0,10000.0,0.0,0.0,0.0,0.0,0.0,0.0,10000.0,0.0,0.0,0.0,10000.0,0.0,10000.0,0.0,-10000.0,0.0,0.0,0.0,10000.0,0.0,10000.0,0.0,https://www.sec.gov/Archives/edgar/data/1641631/000107878216002362/0001078782-16-002362-index.html,https://www.sec.gov/Archives/edgar/data/1641631/000107878216002362/f10q123115_10q.htm
