date,symbol,fillingDate,acceptedDate,period,cashAndCashEquivalents,shortTermInvestments,cashAndShortTermInvestments,netReceivables,inventory,otherCurrentAssets,totalCurrentAssets,propertyPlantEquipmentNet,goodwill,intangibleAssets,goodwillAndIntangibleAssets,longTermInvestments,taxAssets,otherNonCurrentAssets,totalNonCurrentAssets,otherAssets,totalAssets,accountPayables,shortTermDebt,taxPayables,deferredRevenue,otherCurrentLiabilities,totalCurrentLiabilities,longTermDebt,deferredRevenueNonCurrent,deferredTaxLiabilitiesNonCurrent,otherNonCurrentLiabilities,totalNonCurrentLiabilities,otherLiabilities,totalLiabilities,commonStock,retainedEarnings,accumulatedOtherComprehensiveIncomeLoss,othertotalStockholdersEquity,totalStockholdersEquity,totalLiabilitiesAndStockholdersEquity,totalInvestments,totalDebt,netDebt,link,finalLink
2020-06-30,XAN,2020-08-10 00:00:00,2020-08-10 16:00:00,Q2,57734000.0,0.0,57734000.0,8276000.0,0.0,0.0,0.0,0.0,0.0,0.0,0.0,48892000.0,0.0,26390000,0.0,26390000,1856125000,3444000.0,0.0,0.0,0.0,4815000.0,13390000.0,1536090000.0,0.0,0.0,1817000.0,1536090000.0,1817000.0,1549480000,32000.0,-768629000.0,-22034000.0,-11017000.0,306645000,1856125000,48892000.0,1536090000,1478356000,https://www.sec.gov/Archives/edgar/data/1332551/000156459020038891/0001564590-20-038891-index.htm,https://www.sec.gov/Archives/edgar/data/1332551/000156459020038891/xan-10q_20200630.htm
2020-03-31,XAN,2020-05-11 00:00:00,2020-05-11 16:43:06,Q1,42752000.0,0.0,42752000.0,7309000.0,0.0,0.0,0.0,0.0,0.0,0.0,0.0,78792000.0,0.0,78817000,0.0,78817000,2089118000,4348000.0,0.0,0.0,0.0,2450000.0,22129000.0,1724932000.0,0.0,0.0,13061000.0,1724932000.0,13061000.0,1747061000,32000.0,-732642000.0,-21754000.0,-10877000.0,342057000,2089118000,78792000.0,1724932000,1682180000,https://www.sec.gov/Archives/edgar/data/1332551/000156459020024285/0001564590-20-024285-index.html,https://www.sec.gov/Archives/edgar/data/1332551/000156459020024285/xan-10q_20200331.htm
2019-12-31,XAN,2020-03-10,2020-03-09 20:19:34,Q4,79958000.0,0.0,79958000.0,8042000.0,0.0,0.0,0.0,0.0,0.0,0.0,0.0,541779000.0,0.0,31242000,1845612000.0,31242000,2454326000,3408000.0,0.0,0.0,0.0,11231000.0,25351000.0,1872577000.0,0.0,38000.0,6304000.0,1872577000.0,6304000.0,1897928000,32000.0,-530501000.0,3642000.0,1821000.0,556398000,2454326000,541779000.0,1872577000,1792619000,https://www.sec.gov/Archives/edgar/data/1332551/000156459020009476/xan-10k_20191231.htm,https://www.sec.gov/Archives/edgar/data/1332551/000156459020009476/xan-10k_20191231.htm
2019-09-30,XAN,2019-11-06 00:00:00,2019-11-06 17:24:43,Q3,51286000.0,0.0,51286000.0,8647000.0,0.0,0.0,0.0,0.0,0.0,0.0,0.0,578860000.0,0.0,34021000,1940412000.0,34021000,2472193000,3229000.0,0.0,0.0,0.0,10868000.0,24741000.0,1887426000.0,0.0,33000.0,8121000.0,1887426000.0,8121000.0,1912167000,32000.0,-525532000.0,2312000.0,1156000.0,560026000,2472193000,578860000.0,1887426000,1836140000,https://www.sec.gov/Archives/edgar/data/1332551/000156459019041140/0001564590-19-041140-index.html,https://www.sec.gov/Archives/edgar/data/1332551/000156459019041140/xan-10q_20190930.htm
2019-06-30,XAN,2019-08-07 00:00:00,2019-08-07 16:38:51,Q2,47154000.0,0.0,47154000.0,9155000.0,0.0,0.0,0.0,0.0,0.0,0.0,0.0,480362000.0,0.0,30510000,2017764000.0,30510000,2519737000,5278000.0,0.0,0.0,0.0,9793000.0,26520000.0,1935265000.0,0.0,33000.0,6240000.0,1935265000.0,6240000.0,1961785000,32000.0,-527534000.0,3354000.0,1677000.0,557952000,2519737000,480362000.0,1935265000,1888111000,https://www.sec.gov/Archives/edgar/data/1332551/000156459019030139/0001564590-19-030139-index.html,https://www.sec.gov/Archives/edgar/data/1332551/000156459019030139/xan-10q_20190630.htm
2019-03-31,XAN,2019-05-09 00:00:00,2019-05-08 17:51:30,Q1,55660000.0,0.0,55660000.0,8455000.0,0.0,0.0,0.0,0.0,0.0,0.0,0.0,442428000.0,0.0,25131000,1692465000.0,25131000,2197460000,4370000.0,0.0,0.0,0.0,8796000.0,19196000.0,1620441000.0,0.0,0.0,3813000.0,1620441000.0,3813000.0,1639637000,32000.0,-526666000.0,2184000.0,1092000.0,557823000,2197460000,442428000.0,1620441000,1564781000,https://www.sec.gov/Archives/edgar/data/1332551/000156459019017364/0001564590-19-017364-index.html,https://www.sec.gov/Archives/edgar/data/1332551/000156459019017364/xan-10q_20190331.htm
2018-12-31,XAN,2019-03-11,2019-03-08 18:06:57,Q4,82816000.0,0.0,82816000.0,8198000.0,0.0,0.0,0.0,0.0,0.0,0.0,0.0,452629000.0,0.0,30303000,1620901000.0,30303000,2130913000,7550000.0,0.0,0.0,0.0,8234000.0,22871000.0,1554223000.0,0.0,31000.0,2863000.0,1554223000.0,2863000.0,1577094000,32000.0,-525838000.0,-6114000.0,-3057000.0,553819000,2130913000,452629000.0,1554223000,1471407000,https://www.sec.gov/Archives/edgar/data/1332551/000156459019007054/xan-10k_20181231.htm,https://www.sec.gov/Archives/edgar/data/1332551/000156459019007054/xan-10k_20181231.htm
2018-09-30,XAN,2018-11-07 00:00:00,2018-11-07 15:23:00,Q3,48053000.0,0.0,48053000.0,7466000.0,0.0,0.0,0.0,0.0,0.0,0.0,0.0,354374000.0,0.0,24434000,1601122000.0,24434000,2009419000,12793000.0,0.0,0.0,0.0,7651000.0,26168000.0,1422906000.0,0.0,239000.0,1787000.0,1422906000.0,1787000.0,1449074000,32000.0,-527665000.0,11258000.0,5629000.0,560345000,2009419000,354374000.0,1422906000,1374853000,https://www.sec.gov/Archives/edgar/data/1332551/000133255118000046/0001332551-18-000046-index.html,https://www.sec.gov/Archives/edgar/data/1332551/000133255118000046/a201893010qxan.htm
2018-06-30,XAN,2018-08-08 00:00:00,2018-08-07 19:36:29,Q2,80200000.0,0.0,80200000.0,7200000.0,0.0,0.0,0.0,0.0,0.0,0.0,0.0,320200000.0,0.0,31000000,1786814000.0,31000000,1892200000,3300000.0,0.0,0.0,0.0,6100000.0,16700000.0,1319600000.0,0.0,241000.0,2500000.0,1319600000.0,2500000.0,1336300000,0.0,-529000000.0,6400000.0,3200000.0,555900000,1892200000,320200000.0,1319600000,1239400000,https://www.sec.gov/Archives/edgar/data/1332551/000133255118000034/0001332551-18-000034-index.html,https://www.sec.gov/Archives/edgar/data/1332551/000133255118000034/a201863010qxan.htm
2018-03-31,XAN,2018-05-10 00:00:00,2018-05-09 21:17:58,Q1,61500000.0,0.0,61500000.0,7000000.0,0.0,0.0,0.0,0.0,0.0,0.0,0.0,257300000.0,0.0,78200000,1470610000.0,78200000,1789800000,6700000.0,0.0,0.0,0.0,4500000.0,17200000.0,1222400000.0,0.0,209000.0,2900000.0,1222400000.0,2900000.0,1239600000,0.0,-531900000.0,2400000.0,1200000.0,550200000,1789800000,257300000.0,1222400000,1160900000,https://www.sec.gov/Archives/edgar/data/1332551/000133255118000016/0001332551-18-000016-index.html,https://www.sec.gov/Archives/edgar/data/1332551/000133255118000016/a201833110qrso.htm
2017-12-31,XAN,2018-03-16,2018-03-15 21:37:05,Q4,181500000.0,0.0,181500000.0,83000000.0,0.0,0.0,0.0,0.0,0.0,0.0,0.0,224000000.0,0.0,130600000,1511989000.0,130600000,1912100000,5200000.0,0.0,540000.0,0.0,7200000.0,27100000.0,1213500000.0,0.0,0.0,10400000.0,1213500000.0,10400000.0,1240600000,0.0,-517800000.0,2600000.0,1300000.0,671500000,1912100000,224000000.0,1213500000,1032000000,https://www.sec.gov/Archives/edgar/data/1332551/000133255118000009/a20171231-rso10k.htm,https://www.sec.gov/Archives/edgar/data/1332551/000133255118000009/a20171231-rso10k.htm
2017-09-30,XAN,2017-11-09 00:00:00,2017-11-09 12:19:57,Q3,283000000.0,0.0,283000000.0,17600000.0,0.0,0.0,0.0,0.0,0.0,0.0,0.0,203300000.0,0.0,152700000,1450823000.0,152700000,1929700000,4700000.0,0.0,0.0,0.0,8900000.0,26900000.0,1172100000.0,0.0,300000.0,9600000.0,1172100000.0,9600000.0,1199000000,0.0,-504100000.0,1500000.0,200000.0,730700000,1929700000,203300000.0,1172100000,889100000,https://www.sec.gov/Archives/edgar/data/1332551/000133255117000031/0001332551-17-000031-index.html,https://www.sec.gov/Archives/edgar/data/1332551/000133255117000031/a201793010qrso.htm
2017-06-30,XAN,2017-08-08 00:00:00,2017-08-07 20:22:48,Q2,102700000.0,0.0,102700000.0,93900000.0,0.0,0.0,0.0,0.0,0.0,0.0,0.0,173700000.0,0.0,282500000,1688822000.0,282500000,1914300000,2800000.0,0.0,0.0,0.0,6500000.0,139600000.0,1069300000.0,0.0,4240000.0,126900000.0,1069300000.0,126900000.0,1208900000,0.0,-515100000.0,500000.0,100000.0,705400000,1914300000,173700000.0,1069300000,966600000,https://www.sec.gov/Archives/edgar/data/1332551/000133255117000025/0001332551-17-000025-index.html,https://www.sec.gov/Archives/edgar/data/1332551/000133255117000025/a201763010qrso.htm
2017-03-31,XAN,2017-05-10 00:00:00,2017-05-10 13:55:41,Q1,157800000.0,0.0,157800000.0,20000000.0,0.0,0.0,0.0,0.0,0.0,0.0,0.0,193000000.0,0.0,325900000,1713390000.0,325900000,1995800000,2400000.0,0.0,0.0,0.0,7000000.0,112300000.0,1177200000.0,0.0,3899000.0,99500000.0,1177200000.0,99500000.0,1289500000,0.0,-516000000.0,0.0,0.0,706400000,1995800000,193000000.0,1177200000,1019400000,https://www.sec.gov/Archives/edgar/data/1332551/000133255117000017/0001332551-17-000017-index.html,https://www.sec.gov/Archives/edgar/data/1332551/000133255117000017/a20173310qrso.htm
2016-12-31,XAN,2017-03-16,2017-03-15 20:30:38,Q4,116000000.0,0.0,116000000.0,25700000.0,0.0,0.0,0.0,0.0,0.0,200000.0,200000.0,217400000.0,0.0,391100000,1806145000.0,391100000,2053500000,4500000.0,0.0,0.0,0.0,6900000.0,157700000.0,1191500000.0,0.0,4255000.0,142700000.0,1191500000.0,142700000.0,1349200000,0.0,-517200000.0,0.0,0.0,704300000,2053500000,217400000.0,1191500000,1075500000,https://www.sec.gov/Archives/edgar/data/1332551/000133255117000008/a20161231-rso10k.htm,https://www.sec.gov/Archives/edgar/data/1332551/000133255117000008/a20161231-rso10k.htm
2016-09-30,XAN,2016-11-14 00:00:00,2016-11-14 17:23:44,Q3,114600000.0,0.0,114600000.0,51200000.0,0.0,0.0,0.0,0.0,0.0,25900000.0,25900000.0,328600000.0,0.0,11300000,1799598000.0,11300000,2157500000,12900000.0,0.0,51000.0,0.0,17100000.0,35900000.0,1401800000.0,0.0,0.0,2200000.0,1401800000.0,2200000.0,1437700000,0.0,-506100000.0,0.0,0.0,719800000,2157500000,328600000.0,1401800000,1287200000,https://www.sec.gov/Archives/edgar/data/1332551/000133255116000071/0001332551-16-000071-index.html,https://www.sec.gov/Archives/edgar/data/1332551/000133255116000071/a2016930rso-10q.htm
2016-06-30,XAN,2016-08-09,2016-08-09 14:50:17,Q2,65200000.0,0.0,65200000.0,17000000.0,0.0,0.0,0.0,0.0,0.0,26700000.0,26700000.0,336100000.0,0.0,23700000,2060529000.0,23700000,2389800000,12600000.0,0.0,139000.0,0.0,17200000.0,37100000.0,1575200000.0,0.0,0.0,3100000.0,1575200000.0,3100000.0,1612300000,0.0,-441500000.0,700000.0,-3500000.0,777600000,2389800000,336100000.0,1575200000,1510000000,https://www.sec.gov/Archives/edgar/data/1332551/000133255116000063/a2016630rso-10q.htm,https://www.sec.gov/Archives/edgar/data/1332551/000133255116000063/a2016630rso-10q.htm
2016-03-31,XAN,2016-05-10 00:00:00,2016-05-10 17:22:46,Q1,71400000.0,0.0,71400000.0,10800000.0,0.0,0.0,0.0,0.0,0.0,25500000.0,25500000.0,378400000.0,0.0,21400000,2043899000.0,21400000,2426300000,10900000.0,0.0,815000.0,0.0,17900000.0,35600000.0,1602000000.0,0.0,0.0,2700000.0,1602000000.0,2700000.0,1637600000,0.0,-426900000.0,-1800000.0,-3400000.0,788700000,2426300000,378400000.0,1602000000,1530600000,https://www.sec.gov/Archives/edgar/data/1332551/000133255116000057/0001332551-16-000057-index.html,https://www.sec.gov/Archives/edgar/data/1332551/000133255116000057/a2016331rso-10q.htm
2015-12-31,XAN,2016-03-10,2016-03-10 17:17:24,Q4,78800000.0,0.0,78800000.0,29400000.0,0.0,0.0,0.0,0.0,0.0,5300000.0,5300000.0,283700000.0,0.0,564200000,2459579000.0,564200000,2765600000,3300000.0,0.0,549000.0,0.0,18600000.0,325000000.0,1621700000.0,0.0,12646000.0,289900000.0,1621700000.0,289900000.0,1946700000,0.0,-406600000.0,-5800000.0,-2900000.0,818900000,2765600000,283700000.0,1621700000,1542900000,https://www.sec.gov/Archives/edgar/data/1332551/000133255116000052/rso-20151231x10k.htm,https://www.sec.gov/Archives/edgar/data/1332551/000133255116000052/rso-20151231x10k.htm
2015-09-30,XAN,2015-11-06 00:00:00,2015-11-06 17:10:50,Q3,104700000.0,0.0,104700000.0,46000000.0,0.0,0.0,0.0,0.0,0.0,25800000.0,25800000.0,316200000.0,0.0,35500000,2432784000.0,35500000,2786000000,9500000.0,0.0,4697000.0,0.0,29400000.0,61800000.0,1880900000.0,0.0,0.0,7500000.0,1880900000.0,7500000.0,1942700000,0.0,-394300000.0,300000.0,-5100000.0,843300000,2786000000,316200000.0,1880900000,1776200000,https://www.sec.gov/Archives/edgar/data/1332551/000133255115000040/0001332551-15-000040-index.html,https://www.sec.gov/Archives/edgar/data/1332551/000133255115000040/rso-20150930x10q.htm
2015-06-30,XAN,2015-08-07 00:00:00,2015-08-07 15:48:50,Q2,145000000.0,0.0,145000000.0,23600000.0,0.0,0.0,0.0,0.0,0.0,24400000.0,24400000.0,342300000.0,0.0,58600000,2363740000.0,58600000,2774200000,9800000.0,0.0,6383000.0,0.0,31900000.0,72900000.0,1827500000.0,0.0,0.0,7000000.0,1827500000.0,7000000.0,1900400000,100000.0,-380400000.0,1400000.0,-6400000.0,873800000,2774200000,342300000.0,1827500000,1682500000,https://www.sec.gov/Archives/edgar/data/1332551/000133255115000026/0001332551-15-000026-index.html,https://www.sec.gov/Archives/edgar/data/1332551/000133255115000026/rso-20150630x10q.htm
2015-03-31,XAN,2015-05-11 00:00:00,2015-05-11 14:44:24,Q1,217400000.0,0.0,217400000.0,45000000.0,0.0,0.0,0.0,0.0,0.0,9200000.0,9200000.0,369300000.0,0.0,39300000,2413664000.0,39300000,2933200000,13100000.0,0.0,6982000.0,0.0,32500000.0,77500000.0,1924600000.0,0.0,0.0,8900000.0,1924600000.0,8900000.0,2002100000,100000.0,-328000000.0,5400000.0,-7700000.0,931100000,2933200000,369300000.0,1924600000,1707200000,https://www.sec.gov/Archives/edgar/data/1332551/000133255115000012/0001332551-15-000012-index.html,https://www.sec.gov/Archives/edgar/data/1332551/000133255115000012/rso-20150331x10q.htm
2014-12-31,XAN,2015-03-02,2015-03-02 17:30:44,Q4,79900000.0,0.0,79900000.0,57200000.0,0.0,0.0,0.0,0.0,0.0,18600000.0,18600000.0,356300000.0,0.0,134800000,2584369000.0,134800000,2728700000,9300000.0,0.0,9219000.0,0.0,39800000.0,76300000.0,1716900000.0,0.0,460000.0,8500000.0,1716900000.0,8500000.0,1793200000,0.0,-315900000.0,12000000.0,6000000.0,935500000,2728700000,356300000.0,1716900000,1637000000,https://www.sec.gov/Archives/edgar/data/1332551/000133255115000005/rso-20141231x10k.htm,https://www.sec.gov/Archives/edgar/data/1332551/000133255115000005/rso-20141231x10k.htm
2014-09-30,XAN,2014-11-10 00:00:00,2014-11-10 15:50:46,Q3,163300000.0,0.0,163300000.0,49100000.0,0.0,0.0,0.0,0.0,0.0,10300000.0,10300000.0,350700000.0,0.0,88500000,2370414000.0,88500000,2592400000,11300000.0,0.0,3131000.0,0.0,33500000.0,69000000.0,1591000000.0,0.0,0.0,8800000.0,1591000000.0,8800000.0,1660000000,100000.0,-296300000.0,3900000.0,-8600000.0,932400000,2592400000,350700000.0,1591000000,1427700000,https://www.sec.gov/Archives/edgar/data/1332551/000133255114000045/0001332551-14-000045-index.html,https://www.sec.gov/Archives/edgar/data/1332551/000133255114000045/rso-20140930x10q.htm
2014-06-30,XAN,2014-08-08 00:00:00,2014-08-08 13:26:13,Q2,222300000.0,0.0,222300000.0,44000000.0,0.0,0.0,0.0,0.0,0.0,10800000.0,10800000.0,333900000.0,4000000.0,98700000,2282138000.0,98700000,2558700000,9900000.0,0.0,2389000.0,0.0,31100000.0,56600000.0,1579800000.0,0.0,4036000.0,9900000.0,1579800000.0,9900000.0,1636400000,100000.0,-277100000.0,-10200000.0,-9800000.0,922300000,2558700000,333900000.0,1579800000,1357500000,https://www.sec.gov/Archives/edgar/data/1332551/000133255114000030/0001332551-14-000030-index.html,https://www.sec.gov/Archives/edgar/data/1332551/000133255114000030/rso-20140630x10q.htm
2014-03-31,XAN,2014-05-09 00:00:00,2014-05-09 15:49:35,Q1,166700000.0,0.0,166700000.0,10500000.0,0.0,0.0,0.0,20000000.0,0.0,11300000.0,11300000.0,305600000.0,4000000.0,121000000,2058561000.0,121000000,2341900000,13500000.0,0.0,387000.0,0.0,28000000.0,59600000.0,1502100000.0,0.0,4036000.0,10200000.0,1502100000.0,10200000.0,1561700000,100000.0,-265600000.0,-14100000.0,-10700000.0,780300000,2341900000,305600000.0,1502100000,1335400000,https://www.sec.gov/Archives/edgar/data/1332551/000133255114000022/0001332551-14-000022-index.html,https://www.sec.gov/Archives/edgar/data/1332551/000133255114000022/rso-20140331x10q.htm
2013-12-31,XAN,2014-03-03,2014-03-03 16:41:31,Q4,262300000.0,0.0,262300000.0,15800000.0,0.0,0.0,0.0,29800000.0,0.0,11800000.0,11800000.0,295800000.0,4100000.0,68500000,1786369000.0,68500000,2151400000,12700000.0,0.0,1629000.0,0.0,28700000.0,57700000.0,1319800000.0,0.0,4112000.0,10600000.0,1319800000.0,10600000.0,1377500000,100000.0,-254600000.0,-14100000.0,-11000000.0,773900000,2151400000,295800000.0,1319800000,1057500000,https://www.sec.gov/Archives/edgar/data/1332551/000133255114000009/rso-20131231x10k.htm,https://www.sec.gov/Archives/edgar/data/1332551/000133255114000009/rso-20131231x10k.htm
2013-09-30,XAN,2013-11-12 00:00:00,2013-11-12 06:13:36,Q3,144500000.0,0.0,144500000.0,8100000.0,0.0,0.0,0.0,55100000.0,0.0,11700000.0,11700000.0,305700000.0,7700000.0,62500000,2027044000.0,62500000,2273100000,12800000.0,0.0,4989000.0,0.0,31800000.0,67300000.0,1422400000.0,0.0,7690000.0,12200000.0,1422400000.0,12200000.0,1489700000,100000.0,-228200000.0,-34800000.0,-17400000.0,783400000,2273100000,305700000.0,1422400000,1277900000,https://www.sec.gov/Archives/edgar/data/1332551/000133255113000050/0001332551-13-000050-index.html,https://www.sec.gov/Archives/edgar/data/1332551/000133255113000050/rso-20130930x10q.htm
2013-06-30,XAN,2013-08-09 00:00:00,2013-08-09 15:08:03,Q2,168400000.0,0.0,168400000.0,14000000.0,0.0,0.0,0.0,55400000.0,0.0,12200000.0,12200000.0,116000000.0,8400000.0,298700000,2134381000.0,298700000,2402500000,11300000.0,0.0,3817000.0,0.0,30500000.0,66100000.0,1558900000.0,0.0,8376000.0,12700000.0,1558900000.0,12700000.0,1625000000,100000.0,-224800000.0,-40200000.0,-20100000.0,777400000,2402500000,116000000.0,1558900000,1390500000,https://www.sec.gov/Archives/edgar/data/1332551/000133255113000038/0001332551-13-000038-index.html,https://www.sec.gov/Archives/edgar/data/1332551/000133255113000038/rso-20130630x10q.htm
2013-03-31,XAN,2013-05-10 00:00:00,2013-05-10 14:50:48,Q1,67700000.0,0.0,67700000.0,13600000.0,0.0,0.0,0.0,75100000.0,0.0,12700000.0,12700000.0,130900000.0,8400000.0,307700000,2242380000.0,307700000,2368600000,10900000.0,0.0,1859000.0,0.0,24600000.0,60800000.0,1649800000.0,0.0,8376000.0,14000000.0,1649800000.0,14000000.0,1710600000,100000.0,-205900000.0,-43600000.0,-21800000.0,658000000,2368600000,130900000.0,1649800000,1582100000,https://www.sec.gov/Archives/edgar/data/1332551/000133255113000027/0001332551-13-000027-index.html,https://www.sec.gov/Archives/edgar/data/1332551/000133255113000027/rso-20130331x10q.htm
2012-12-31,XAN,2013-03-18,2013-03-18 16:41:45,Q4,85300000.0,0.0,85300000.0,37400000.0,0.0,0.0,0.0,75400000.0,0.0,13200000.0,13200000.0,106600000.0,8400000.0,292100000,2348820000.0,292100000,2478300000,18000000.0,0.0,13641000.0,0.0,35300000.0,79300000.0,1785600000.0,0.0,8376000.0,14700000.0,1785600000.0,14700000.0,1864900000,100000.0,-195700000.0,-54200000.0,-27100000.0,613300000,2478300000,106600000.0,1785600000,1700300000,https://www.sec.gov/Archives/edgar/data/1332551/000133255113000016/rso-20121231x10k.htm,https://www.sec.gov/Archives/edgar/data/1332551/000133255113000016/rso-20121231x10k.htm
2012-09-30,XAN,2012-11-09 00:00:00,2012-11-08 19:36:49,Q3,112700000.0,0.0,112700000.0,33500000.0,0.0,0.0,0.0,72500000.0,0.0,17100000.0,17100000.0,103000000.0,4400000.0,231600000,2185713000.0,231600000,2335800000,13400000.0,0.0,7598000.0,0.0,27700000.0,64900000.0,1683400000.0,0.0,4353000.0,16200000.0,1683400000.0,16200000.0,1748300000,100000.0,-188900000.0,-65800000.0,-32900000.0,587500000,2335800000,103000000.0,1683400000,1570700000,https://www.sec.gov/Archives/edgar/data/1332551/000133255112000060/0001332551-12-000060-index.html,https://www.sec.gov/Archives/edgar/data/1332551/000133255112000060/rso-2012930x10q.htm
2012-06-30,XAN,2012-08-07 00:00:00,2012-08-07 16:19:42,Q2,31900000.0,0.0,31900000.0,12700000.0,0.0,0.0,0.0,47400000.0,0.0,17900000.0,17900000.0,97200000.0,3900000.0,256300000,2217612000.0,256300000,2266900000,8800000.0,0.0,4593000.0,0.0,21900000.0,51400000.0,1739800000.0,0.0,3906000.0,13600000.0,1739800000.0,13600000.0,1791200000,100000.0,-187100000.0,-74400000.0,-37200000.0,475700000,2266900000,97200000.0,1739800000,1707900000,https://www.sec.gov/Archives/edgar/data/1332551/000133255112000038/0001332551-12-000038-index.html,https://www.sec.gov/Archives/edgar/data/1332551/000133255112000038/rsoform10q063012.htm
2012-03-31,XAN,2012-05-09,2012-05-08 19:24:29,Q1,37600000.0,0.0,37600000.0,18800000.0,0.0,0.0,0.0,47700000.0,0.0,18800000.0,18800000.0,98400000.0,5600000.0,311700000,2264469000.0,311700000,2318400000,7100000.0,0.0,5478000.0,0.0,22500000.0,53800000.0,1801900000.0,0.0,5624000.0,13300000.0,1801900000.0,13300000.0,1855700000,100000.0,-186300000.0,-71600000.0,-35800000.0,462800000,2318400000,98400000.0,1801900000,1764300000,https://www.sec.gov/Archives/edgar/data/1332551/000133255112000009/rsoform10q.htm,https://www.sec.gov/Archives/edgar/data/1332551/000133255112000009/rsoform10q.htm
2011-12-31,XAN,2012-03-15,2012-03-14 18:21:13,Q4,43100000.0,0.0,43100000.0,8800000.0,0.0,0.0,0.0,48000000.0,0.0,19800000.0,19800000.0,91300000.0,5600000.0,279600000,2242997000.0,279600000,2284700000,6300000.0,0.0,12567000.0,0.0,32500000.0,60900000.0,1794100000.0,0.0,5624000.0,13200000.0,1794100000.0,13200000.0,1855000000,100000.0,-183800000.0,-92600000.0,-46300000.0,429700000,2284700000,91300000.0,1794100000,1751000000,https://www.sec.gov/Archives/edgar/data/1332551/000129415412000054/rsoform10k123111.htm,https://www.sec.gov/Archives/edgar/data/1332551/000129415412000054/rsoform10k123111.htm
2011-09-30,XAN,2011-11-08 00:00:00,2011-11-07 18:53:59,Q3,28900000.0,0.0,28900000.0,10900000.0,0.0,0.0,0.0,48300000.0,0.0,21200000.0,21200000.0,114200000.0,10200000.0,257500000,2092698000.0,257500000,2170200000,10200000.0,0.0,0.0,0.0,19200000.0,187300000.0,1549700000.0,0.0,10192000.0,146300000.0,1549700000.0,146300000.0,1737000000,100000.0,-164200000.0,-90000000.0,-45000000.0,433300000,2170200000,114200000.0,1549700000,1520800000,https://www.sec.gov/Archives/edgar/data/1332551/000142685011000018/0001426850-11-000018-index.html,https://www.sec.gov/Archives/edgar/data/1332551/000142685011000018/rsoform10q093011.htm
2011-06-30,XAN,2011-08-08 00:00:00,2011-08-08 16:21:55,Q2,46900000.0,0.0,46900000.0,10200000.0,0.0,0.0,0.0,31600000.0,0.0,21700000.0,21700000.0,114300000.0,9800000.0,275500000,1874562000.0,275500000,1972400000,19600000.0,0.0,0.0,0.0,18600000.0,65900000.0,1473200000.0,0.0,9798000.0,16500000.0,1473200000.0,16500000.0,1539100000,100000.0,-160000000.0,-74200000.0,-37100000.0,433400000,1972400000,114300000.0,1473200000,1426300000,https://www.sec.gov/Archives/edgar/data/1332551/000133255111000018/0001332551-11-000018-index.html,https://www.sec.gov/Archives/edgar/data/1332551/000133255111000018/rso10q063011.htm
2011-03-31,XAN,2011-05-10 00:00:00,2011-05-10 12:34:26,Q1,61500000.0,0.0,61500000.0,7500000.0,0.0,0.0,0.0,0.0,0.0,21000000.0,21000000.0,104800000.0,9800000.0,248800000,20960000.0,248800000,1937600000,5800000.0,0.0,0.0,0.0,17600000.0,46700000.0,1463700000.0,0.0,0.0,12000000.0,1463700000.0,12000000.0,1510400000,100000.0,-150600000.0,-55400000.0,-27700000.0,427200000,1937600000,104800000.0,1463700000,1402200000,https://www.sec.gov/Archives/edgar/data/1332551/000137607411000100/0001376074-11-000100-index.html,https://www.sec.gov/Archives/edgar/data/1332551/000137607411000100/rsoform10q033111.htm
2010-12-31,XAN,2011-03-14,2011-03-14 17:07:00,Q4,29500000.0,0.0,29500000.0,16300000.0,0.0,0.0,0.0,0.0,0.0,0.0,0.0,59500000.0,9800000.0,230600000,0.0,230600000,1934200000,3300000.0,0.0,0.0,0.0,14600000.0,42600000.0,1543300000.0,0.0,0.0,13300000.0,1543300000.0,13300000.0,1585900000,100000.0,-146200000.0,-67800000.0,-33900000.0,348300000,1934200000,59500000.0,1543300000,1513800000,https://www.sec.gov/Archives/edgar/data/1332551/000137607411000062/rsoform10k123110.htm,https://www.sec.gov/Archives/edgar/data/1332551/000137607411000062/rsoform10k123110.htm
2010-09-30,XAN,2010-11-05 00:00:00,2010-11-05 16:05:19,Q3,38300000.0,0.0,38300000.0,5500000.0,0.0,0.0,0.0,0.0,0.0,0.0,0.0,56900000.0,0.0,217400000,0.0,217400000,1937400000,10500000.0,0.0,0.0,0.0,13700000.0,41900000.0,1565800000.0,0.0,0.0,16000000.0,1565800000.0,16000000.0,1607700000,100000.0,-122300000.0,-104600000.0,-52300000.0,329700000,1937400000,56900000.0,1565800000,1527500000,https://www.sec.gov/Archives/edgar/data/1332551/000133255110000079/0001332551-10-000079-index.html,https://www.sec.gov/Archives/edgar/data/1332551/000133255110000079/rsoform10q093010.htm
2010-06-30,XAN,2010-08-06 00:00:00,2010-08-06 11:22:12,Q2,38500000.0,0.0,38500000.0,5600000.0,0.0,0.0,0.0,0.0,0.0,0.0,0.0,48600000.0,0.0,157000000,0.0,157000000,1934400000,10000000.0,0.0,0.0,0.0,12800000.0,40200000.0,1592400000.0,0.0,0.0,15600000.0,1592400000.0,15600000.0,1632600000,100000.0,-122600000.0,-115000000.0,-57500000.0,301800000,1934400000,48600000.0,1592400000,1553900000,https://www.sec.gov/Archives/edgar/data/1332551/000133255110000027/0001332551-10-000027-index.html,https://www.sec.gov/Archives/edgar/data/1332551/000133255110000027/rsoform10q.htm
2010-03-31,XAN,2010-05-07 00:00:00,2010-05-06 21:49:55,Q1,27700000.0,0.0,27700000.0,5400000.0,0.0,0.0,0.0,0.0,0.0,0.0,0.0,40800000.0,0.0,128300000,0.0,128300000,1785100000,3300000.0,1465800000.0,0.0,0.0,10100000.0,1494000000.0,51500000.0,0.0,0.0,13300000.0,51500000.0,13300000.0,1545500000,0.0,-123200000.0,-123600000.0,-61800000.0,239600000,1785100000,40800000.0,1517300000,1489600000,https://www.sec.gov/Archives/edgar/data/1332551/000148627910000020/0001486279-10-000020-index.html,https://www.sec.gov/Archives/edgar/data/1332551/000148627910000020/rsoform10q033110.htm
2009-12-31,XAN,2010-03-16,2010-03-15 18:32:52,Q4,52000000.0,0.0,52000000.0,5800000.0,0.0,0.0,0.0,0.0,0.0,0.0,0.0,40200000.0,0.0,124400000,0.0,124400000,1791400000,4200000.0,0.0,0.0,0.0,9200000.0,27700000.0,1534900000.0,0.0,0.0,12800000.0,1534900000.0,12800000.0,1562600000,0.0,-114600000.0,-124400000.0,-62200000.0,228800000,1791400000,40200000.0,1534900000,1482900000,https://www.sec.gov/Archives/edgar/data/1332551/000008340210000007/rccform10k123109.htm,https://www.sec.gov/Archives/edgar/data/1332551/000008340210000007/rccform10k123109.htm
2009-09-30,XAN,2009-11-09 00:00:00,2009-11-06 18:32:45,Q3,15800000.0,0.0,15800000.0,6200000.0,0.0,0.0,0.0,0.0,0.0,0.0,0.0,38500000.0,0.0,103300000,0.0,103300000,1769100000,6600000.0,1516400000.0,0.0,0.0,7500000.0,1548200000.0,51500000.0,0.0,0.0,15700000.0,51500000.0,15700000.0,1599700000,0.0,-117500000.0,-136600000.0,-68300000.0,169400000,1769100000,38500000.0,1567900000,1552100000,https://www.sec.gov/Archives/edgar/data/1332551/000142685009000025/0001426850-09-000025-index.html,https://www.sec.gov/Archives/edgar/data/1332551/000142685009000025/rso10q.htm
2009-06-30,XAN,2009-08-10 00:00:00,2009-08-07 18:03:51,Q2,10600000.0,0.0,10600000.0,6400000.0,0.0,0.0,0.0,0.0,0.0,0.0,0.0,5800000.0,0.0,72700000,0.0,72700000,1774600000,2300000.0,1533100000.0,0.0,0.0,7500000.0,1557200000.0,51500000.0,0.0,0.0,11800000.0,51500000.0,11800000.0,1608700000,0.0,-121500000.0,-132800000.0,-66400000.0,165900000,1774600000,5800000.0,1584700000,1574100000,https://www.sec.gov/Archives/edgar/data/1332551/000133255109000046/0001332551-09-000046-index.html,https://www.sec.gov/Archives/edgar/data/1332551/000133255109000046/rsoform10q063009.htm
2009-03-31,XAN,2009-05-11 00:00:00,2009-05-08 21:09:05,Q1,10700000.0,0.0,10700000.0,7000000.0,0.0,0.0,0.0,0.0,0.0,0.0,0.0,6500000.0,0.0,75600000,0.0,75600000,1899400000,4300000.0,1552300000.0,0.0,0.0,7500000.0,1589600000.0,140300000.0,0.0,0.0,22800000.0,140300000.0,22800000.0,1729900000,0.0,-108800000.0,-150400000.0,-75200000.0,169500000,1899400000,6500000.0,1692600000,1681900000,https://www.sec.gov/Archives/edgar/data/1332551/000133255109000034/0001332551-09-000034-index.html,https://www.sec.gov/Archives/edgar/data/1332551/000133255109000034/rccform10q.htm
2008-12-31,XAN,2009-03-16,2009-03-16 17:18:06,Q4,14600000.0,0.0,14600000.0,8400000.0,0.0,0.0,0.0,0.0,0.0,0.0,0.0,36500000.0,0.0,82900000,0.0,82900000,1936000000,3700000.0,1552500000.0,0.0,0.0,9900000.0,1602400000.0,147300000.0,0.0,0.0,31600000.0,147300000.0,31600000.0,1749700000,0.0,-89100000.0,-161400000.0,-80700000.0,186300000,1936000000,36500000.0,1699800000,1685200000,https://www.sec.gov/Archives/edgar/data/1332551/000133255109000008/rccform10k123108.htm,https://www.sec.gov/Archives/edgar/data/1332551/000133255109000008/rccform10k123108.htm
2008-09-30,XAN,2008-11-10 00:00:00,2008-11-10 17:12:31,Q3,12100000.0,0.0,12100000.0,14600000.0,0.0,0.0,0.0,0.0,0.0,0.0,0.0,1500000.0,0.0,120800000,0.0,120800000,2002900000,4000000.0,1580900000.0,0.0,0.0,9900000.0,1612300000.0,151500000.0,0.0,0.0,12900000.0,151500000.0,12900000.0,1763800000,0.0,-71900000.0,-90200000.0,-45100000.0,239100000,2002900000,1500000.0,1732400000,1720300000,https://www.sec.gov/Archives/edgar/data/1332551/000133255108000054/0001332551-08-000054-index.html,https://www.sec.gov/Archives/edgar/data/1332551/000133255108000054/rccform10q093008.htm
2008-06-30,XAN,2008-08-08 00:00:00,2008-08-08 17:28:23,Q2,14300000.0,0.0,14300000.0,9200000.0,0.0,0.0,0.0,0.0,0.0,0.0,0.0,1500000.0,0.0,83400000,0.0,83400000,2004000000,3600000.0,1584900000.0,0.0,0.0,10400000.0,1616300000.0,137400000.0,0.0,0.0,12800000.0,137400000.0,12800000.0,1753700000,0.0,-62100000.0,-87200000.0,-43600000.0,250300000,2004000000,1500000.0,1722200000,1707900000,https://www.sec.gov/Archives/edgar/data/1332551/000133255108000024/0001332551-08-000024-index.html,https://www.sec.gov/Archives/edgar/data/1332551/000133255108000024/rccform10q063008.htm
2008-03-31,XAN,2008-05-12 00:00:00,2008-05-12 16:50:16,Q1,9100000.0,0.0,9100000.0,9700000.0,0.0,0.0,0.0,0.0,0.0,0.0,0.0,1500000.0,0.0,94500000,0.0,94500000,2019700000,3400000.0,1581500000.0,0.0,0.0,10400000.0,1624900000.0,141500000.0,0.0,0.0,24500000.0,141500000.0,24500000.0,1766400000,0.0,-46400000.0,-111200000.0,-55600000.0,253300000,2019700000,1500000.0,1723100000,1714000000,https://www.sec.gov/Archives/edgar/data/1332551/000133255108000007/0001332551-08-000007-index.html,https://www.sec.gov/Archives/edgar/data/1332551/000133255108000007/rccform10q033108.htm
2007-12-31,XAN,2008-03-17,2008-03-17 17:24:07,Q4,6000000.0,0.0,6000000.0,12800000.0,0.0,0.0,0.0,0.0,0.0,0.0,0.0,1800000.0,0.0,184900000,0.0,184900000,2072100000,4000000.0,1617700000.0,0.0,0.0,10400000.0,1657200000.0,143300000.0,0.0,0.0,18000000.0,143300000.0,18000000.0,1800500000,0.0,-45300000.0,-76600000.0,-38300000.0,271600000,2072100000,1800000.0,1761000000,1755000000,https://www.sec.gov/Archives/edgar/data/1332551/000008340208000009/rccform10k123107.htm,https://www.sec.gov/Archives/edgar/data/1332551/000008340208000009/rccform10k123107.htm
2007-09-30,XAN,2007-11-14 00:00:00,2007-11-14 12:50:33,Q3,15100000.0,0.0,15100000.0,14400000.0,0.0,0.0,0.0,0.0,0.0,0.0,0.0,1500000.0,0.0,399900000,0.0,399900000,2326200000,3900000.0,1984700000.0,0.0,0.0,10300000.0,2021200000.0,130700000.0,0.0,0.0,8600000.0,130700000.0,8600000.0,2151900000,0.0,-38500000.0,-286400000.0,-143200000.0,174300000,2326200000,1500000.0,2115400000,2100300000,https://www.sec.gov/Archives/edgar/data/1332551/000114036107021863/0001140361-07-021863-index.html,https://www.sec.gov/Archives/edgar/data/1332551/000114036107021863/rccform10q093007.htm
2007-06-30,XAN,2007-08-09 00:00:00,2007-08-09 16:28:18,Q2,2700000.0,0.0,2700000.0,17100000.0,0.0,0.0,0.0,0.0,0.0,0.0,0.0,1500000.0,0.0,517000000,0.0,517000000,2385800000,4000000.0,1940300000.0,0.0,0.0,10300000.0,1962700000.0,132500000.0,0.0,0.0,0.0,132500000.0,0.0,2095200000,0.0,-14300000.0,-103800000.0,-51900000.0,290600000,2385800000,1500000.0,2072800000,2070100000,https://www.sec.gov/Archives/edgar/data/1332551/000133255107000025/0001332551-07-000025-index.html,https://www.sec.gov/Archives/edgar/data/1332551/000133255107000025/rccform10q063007.htm
2007-03-31,XAN,2007-05-10 00:00:00,2007-05-09 19:49:52,Q1,14500000.0,0.0,14500000.0,15900000.0,0.0,0.0,0.0,0.0,0.0,0.0,0.0,1500000.0,0.0,428200000,0.0,428200000,2127900000,3400000.0,1670700000.0,0.0,0.0,9700000.0,1696500000.0,136000000.0,0.0,0.0,3500000.0,136000000.0,3500000.0,1832500000,0.0,-13800000.0,-93000000.0,-46500000.0,295400000,2127900000,1500000.0,1806700000,1792200000,https://www.sec.gov/Archives/edgar/data/1332551/000133255107000008/0001332551-07-000008-index.html,https://www.sec.gov/Archives/edgar/data/1332551/000133255107000008/rccform10q033107.htm
2006-12-31,XAN,2007-03-30,2007-03-30 12:26:40,Q4,5400000.0,0.0,5400000.0,9300000.0,0.0,0.0,0.0,0.0,0.0,0.0,0.0,1500000.0,0.0,453700000,0.0,453700000,1802800000,4300000.0,1327600000.0,0.0,0.0,7700000.0,1349100000.0,136200000.0,0.0,0.0,2900000.0,136200000.0,2900000.0,1485300000,0.0,-13500000.0,-20800000.0,-10400000.0,317600000,1802800000,1500000.0,1463900000,1458500000,https://www.sec.gov/Archives/edgar/data/1332551/000008340207000035/rrcform10k123106.htm,https://www.sec.gov/Archives/edgar/data/1332551/000008340207000035/rrcform10k123106.htm
2006-09-30,XAN,2006-11-13,2006-11-13 13:24:24,Q3,13500000.0,0.0,13500000.0,779700000.0,0.0,0.0,0.0,0.0,0.0,0.0,0.0,1500000.0,0.0,424900000,0.0,424900000,2369400000,0.0,1976900000.0,0.0,0.0,8100000.0,2000800000.0,138600000.0,0.0,0.0,3100000.0,138600000.0,3100000.0,2139400000,0.0,-12700000.0,-10600000.0,-5300000.0,230000000,2369400000,1500000.0,2115500000,2102000000,https://www.sec.gov/Archives/edgar/data/1332551/000133255106000023/rccform10q093006.htm,https://www.sec.gov/Archives/edgar/data/1332551/000133255106000023/rccform10q093006.htm
2006-06-30,XAN,2006-08-10,2006-08-10 11:39:03,Q2,3600000.0,0.0,3600000.0,14100000.0,0.0,0.0,0.0,0.0,0.0,0.0,0.0,40700000.0,0.0,1180400000,0.0,1180400000,2224100000,0.0,1880600000.0,0.0,0.0,9300000.0,1899500000.0,99100000.0,0.0,0.0,0.0,99100000.0,0.0,1998600000,0.0,-3700000.0,-36000000.0,-18000000.0,225500000,2224100000,40700000.0,1979700000,1976100000,https://www.sec.gov/Archives/edgar/data/1332551/000133255106000012/rccform10q063006.htm,https://www.sec.gov/Archives/edgar/data/1332551/000133255106000012/rccform10q063006.htm
2006-03-31,XAN,2006-05-12,2006-05-12 15:30:38,Q1,23700000.0,0.0,23700000.0,14200000.0,0.0,0.0,0.0,0.0,0.0,0.0,0.0,42900000.0,0.0,1205500000,0.0,1205500000,2038900000,0.0,1605000000.0,0.0,0.0,7600000.0,1755200000.0,55800000.0,0.0,0.0,132800000.0,55800000.0,132800000.0,1811000000,0.0,-3300000.0,-33000000.0,-16500000.0,227900000,2038900000,42900000.0,1660700000,1637000000,https://www.sec.gov/Archives/edgar/data/1332551/000008340206000048/rccform10q033106.htm,https://www.sec.gov/Archives/edgar/data/1332551/000008340206000048/rccform10q033106.htm
2005-12-31,XAN,2006-03-29,,Q4,17700000.0,0.0,17700000.0,15900000.0,0.0,0.0,0.0,0.0,0.0,0.0,0.0,28300000.0,0.0,1386000000,0.0,1386000000,2045500000,0.0,1755700000.0,0.0,0.0,6500000.0,1835200000.0,15000000.0,0.0,0.0,63000000.0,15000000.0,63000000.0,1850200000,0.0,-2600000.0,-44600000.0,-22300000.0,195300000,2045500000,28300000.0,1770700000,1753000000,https://www.sec.gov/Archives/edgar/data/1332551/000008340206000023/rccform10k123105.htm,https://www.sec.gov/Archives/edgar/data/1332551/000008340206000023/rccform10k123105.htm
2005-09-30,XAN,,,Q3,23400000.0,0.0,23400000.0,19500000.0,0.0,0.0,0.0,0.0,0.0,0.0,0.0,35500000.0,0.0,1492700000,0.0,1492700000,2002500000,0.0,1738900000.0,0.0,0.0,3500000.0,0.0,0.0,0.0,0.0,35300000.0,0.0,35300000.0,1788800000,0.0,2900000.0,-18600000.0,-9300000.0,213800000,2002500000,35500000.0,1738900000,1715500000,,
2005-06-30,XAN,,,Q2,85500000.0,0.0,85500000.0,13800000.0,0.0,0.0,0.0,0.0,0.0,0.0,0.0,59100000.0,0.0,1217300000,0.0,1217300000,1556500000,0.0,851000000.0,0.0,0.0,7300000.0,0.0,0.0,0.0,0.0,473100000.0,0.0,473100000.0,1335100000,0.0,2200000.0,-2000000.0,-1000000.0,221400000,1556500000,59100000.0,851000000,765500000,,
