symbol,date,stockPrice,numberOfShares,marketCapitalization,minusCashAndCashEquivalents,addTotalDebt,enterpriseValue
A,2019-10-31,80.77,318000000,25684860000.0,1382000000.0,2406000000.0,26708860000.0
A,2018-10-31,72.35,325000000,23513750000.0,2247000000.0,1799000000.0,23065750000.0
A,2017-10-31,69.24,326000000,22572240000.0,2678000000.0,1911000000.0,21805240000.0
A,2016-10-31,43.98,329000000,14469419999.999998,2289000000.0,1904000000.0,14084419999.999998
A,2015-10-31,41.82,335000000,14009700000.0,2003000000.0,1655000000.0,13661700000.0
A,2014-10-31,42.74,338000000,14446120000.0,3028000000.0,2762000000.0,14180120000.0
A,2013-10-31,38.32,345000000,13220400000.0,2675000000.0,2699000000.0,13244400000.0
A,2012-10-31,27.39,353000000,9668670000.0,2351000000.0,2112000000.0,9429670000.0
A,2011-10-31,26.82,355000000,9521100000.0,3527000000.0,1932000000.0,7926100000.0
A,2010-10-31,25.05,353000000,8842650000.0,2649000000.0,2190000000.0,8383650000.0
A,2009-10-31,20.69,346000000,7158740000.0,2479000000.0,2904000000.0,7583740000.0
A,2008-10-31,13.47,371000000,4997370000.0,1405000000.0,2125000000.0,5717370000.0
A,2007-10-31,27.06,406000000,10986360000.0,1826000000.0,2087000000.0,11247360000.0
A,2006-10-31,22.78,441000000,10045980000.0,2262000000.0,1500000000.0,9283980000.0
A,2005-10-31,25.51,500000000,12755000000.0,2226000000.0,0.0,10529000000.0
A,2004-10-31,16.37,490000000,8021300000.000001,2315000000.0,1150000000.0,6856300000.000001
A,2003-10-31,20.23,473000000,9568790000.0,1607000000.0,1150000000.0,9111790000.0
A,2002-10-31,13.88,465000000,6454200000.0,1844000000.0,1150000000.0,5760200000.0
A,2001-10-31,19.51,458000000,8935580000.0,1170000000.0,6000000.0,7771580000.0
A,2000-10-31,37.33,455000000,16985150000.0,996000000.0,110000000.0,16099150000.0
A,1999-10-31,30.18,380000000,11468400000.0,0.0,0.0,11468400000.0
