symbol,date,stockPrice,numberOfShares,marketCapitalization,minusCashAndCashEquivalents,addTotalDebt,enterpriseValue
AAPL,2020-09-26,115.050003,17057622000,1962479462272.866,38016000000,107440000000.0,2031903462272.866
AAPL,2019-09-28,62.262501,18471336000,1150071576171.336,48844000000,97787000000.0,1199014576171.336
AAPL,2018-09-29,53.060001,19821508000,1051729234301.5079,25913000000,105699000000.0,1131515234301.5078
AAPL,2017-09-30,41.68,20868968000,869818586240.0,20289000000,151099000000.0,1000628586240.0
AAPL,2016-09-24,29.4125,21883280000,643641973000.0,20484000000,83532000000.0,706689973000.0
AAPL,2015-09-26,28.82,23013684000,663254372880.0,21120000000,61828000000.0,703962372880.0
AAPL,2014-09-27,26.2775,24342288000,639654472920.0,13844000000,35295000000.0,661105472920.0
AAPL,2013-09-28,18.924286,25909268000,490314397682.64795,14259000000,16960000000.0,493015397682.64795
AAPL,2012-09-29,21.571428,26174904000,564630057042.912,10746000000,0.0,553884057042.912
AAPL,2011-09-24,14.491786,25879224000,375036176054.06396,9815000000,0.0,365221176054.06396
AAPL,2010-09-25,11.03,25464908000,280877935240.0,11261000000,0.0,269616935240.0
AAPL,2009-09-26,7.231429,25004448000,180817890396.19202,5263000000,0.0,175554890396.19202
AAPL,2008-09-27,3.288929,24684576000,81185817859.104,11875000000,0.0,69310817859.104
AAPL,2007-09-29,6.610357,24208660000,160027885091.62,9352000000,0.0,150675885091.62
AAPL,2006-09-30,2.872143,23633624000,67879147736.231995,6392000000,3718000000.0,65205147736.231995
AAPL,2005-09-24,2.028214,22636292000,45911244342.48801,3491000000,0.0,42420244342.48801
AAPL,2004-09-25,0.849107,20809040000,17669101527.28,2969000000,0.0,14700101527.279999
AAPL,2003-09-27,0.403571,20195336000,8150251944.856,3396000000,0.0,4754251944.856
AAPL,2002-09-28,0.27875,19881232000,5541893420.0,2252000000,316000000.0,3605893420.0
AAPL,2001-09-29,0.314821,19354328000,6093148895.288,2310000000,317000000.0,4100148895.288
AAPL,2000-09-30,0.344866,18175808000,6268218201.728,1191000000,3136000000.0,8213218201.728
AAPL,1999-09-25,0.665179,16033584000,10665203371.536,1326000000,300000000.0,9639203371.536
AAPL,1998-09-25,0.316964,14781088000,4685072776.832001,1481000000,954000000.0,4158072776.8320007
AAPL,1997-09-26,0.147879,14118944000,2087895319.7760003,1230000000,976000000.0,1833895319.7760003
AAPL,1996-09-27,0.21875,13858208000,3031483000.0,1552000000,1135000000.0,2614483000.0
AAPL,1995-09-29,0.310268,13781264000,4275885218.752,756000000,764000000.0,4283885218.752
AAPL,1994-09-30,0.376116,13298320000,5001710925.12,1203488000,358840000.0,4157062925.12
AAPL,1993-09-30,0.274554,13107027027,3598586698.3709583,676400000,0.0,2922186698.3709583
AAPL,1992-09-30,0.46875,13687741935,6416129032.03125,498600000,0.0,5917529032.03125
AAPL,1991-09-30,0.444196,13448682171,5973850825.629516,604100000,0.0,5369750825.629516
AAPL,1990-09-30,0.271205,14071111111,3816155688.8587546,374700000,0.0,3441455688.8587546
AAPL,1989-09-30,0.408482,14363841808,5867370829.415456,438300000,0.0,5429070829.415456
AAPL,1988-09-30,0.34375,14556363636,5003749999.875,545700000,0.0,4458049999.875
AAPL,1987-09-30,0.344866,14674698795,5060804674.63647,565100000,0.0,4495704674.63647
AAPL,1986-09-30,0.152902,14373333333,2197711413.2823663,576200000,0.0,1621511413.2823663
AAPL,1985-09-30,0.084821,13708800000,1162794124.8,337000000,0.0,825794124.8
