symbol,date,stockPrice,numberOfShares,marketCapitalization,minusCashAndCashEquivalents,addTotalDebt,enterpriseValue
AMD,2019-12-28,49.26,1120000000,55171200000.0,1466000000,486000000,54191200000.0
AMD,2018-12-29,20.18,1064000000,21471520000.0,1078000000,1114000000,21507520000.0
AMD,2017-12-30,13.32,952000000,12680640000.0,1185000000,1325000000,12820640000.0
AMD,2016-12-31,10.61,835000000,8859350000.0,1264000000,1435000000,9030350000.0
AMD,2015-12-26,2.12,783000000,1659960000.0,785000000,2007000000,2881960000.0
AMD,2014-12-27,2.61,768000000,2004480000.0,805000000,2035000000,3234480000.0
AMD,2013-12-28,3.41,754000000,2571140000.0,869000000,1998000000,3700140000.0
AMD,2012-12-29,2.82,741000000,2089620000.0,549000000,2037000000,3577620000.0
AMD,2011-12-31,6.74,742000000,5001080000.0,869000000,1527000000,5659080000.0
AMD,2010-12-25,7.68,733000000,5629440000.0,606000000,2417000000,7440440000.0
AMD,2009-12-26,8.07,678000000,5471460000.0,1657000000,4423000000,8237460000.0
AMD,2008-12-27,2.01,607000000,1220069999.9999998,933000000,4788000000,5075070000.0
AMD,2007-12-29,7.46,558000000,4162680000.0,1432000000,5031000000,7761680000.0
AMD,2006-12-31,15.79,492000000,7768680000.0,1380000000,3672000000,10060680000.0
AMD,2005-12-25,36.77,440800000,16208216000.000002,633000000,1327000000,16902216000.000002
AMD,2004-12-26,15.75,371100000,5844825000.0,918000000,1628000000,6554825000.0
AMD,2003-12-28,15.56,346900000,5397764000.0,1186000000,1900000000,6111764000.0
AMD,2002-12-29,5.3,342300000,1814190000.0,429000000,1781000000,3166190000.0
AMD,2001-12-30,15.89,332400000,5281836000.0,427000000,736000000,5590836000.0
AMD,2000-12-31,24.02,350000000,8407000000.0,591000000,1168000000,8984000000.0
AMD,1999-12-26,20.0,294600000,5892000000.0,294000000,1427000000,7025000000.0
AMD,1998-12-27,11.0,287800000,3165800000.0,362000000,1378000000,4181800000.0
AMD,1997-12-28,9.38,280900000,2634842000.0,241000000,670000000,3063842000.0
AMD,1996-12-29,15.81,270300000,4273443000.0,166000000,460000000,4567443000.0
AMD,1995-12-31,10.0,214100000,2141000000.0,113000000,242000000,2270000000.0
AMD,1994-12-25,15.63,209100000,3268233000.0,378000000,108000000,2998233000.0
AMD,1993-12-26,10.0,204100000,2041000000.0,488000000,111000000,1664000000.0
AMD,1992-12-27,9.81,197000000,1932570000.0,364000000,61000000,1629570000.0
AMD,1991-12-29,10.38,191100000,1983618000.0000002,301000000,93000000,1775618000.0000002
AMD,1990-12-30,3.44,163800000,563472000.0,115000000,188000000,636472000.0
AMD,1989-12-31,3.63,164400000,596772000.0,279000000,174000000,491772000.0
AMD,1988-12-30,4.56,161700000,737351999.9999999,287000000,186000000,636351999.9999999
AMD,1987-12-27,4.56,155500000,709079999.9999999,235000000,164000000,638079999.9999999
AMD,1986-12-28,8.81,151400000,1333834000.0,111000000,186000000,1408834000.0
AMD,1985-12-29,14.5,149700000,2170650000.0,73000000,177000000,2274650000.0
AMD,1985-03-31,13.94,116400000,1622616000.0,25000000,53000000,1650616000.0
AMD,1984-03-25,15.88,115300000,1830964000.0,35000000,38000000,1833964000.0
AMD,1983-03-27,9.44,107400000,1013856000.0,29000000,44000000,1028856000.0
