symbol,date,stockPrice,numberOfShares,marketCapitalization,minusCashAndCashEquivalents,addTotalDebt,enterpriseValue
AMZN,2019-12-31,1870.6801,504000000,942822770400.0,36092000000,40509000000,947239770400.0
AMZN,2018-12-31,1670.4301,500000000,835215050000.0,31750000000,39787000000,843252050000.0
AMZN,2017-12-31,1437.8199,493000000,708845210700.0,20522000000,37926000000,726249210700.0
AMZN,2016-12-31,830.38,484000000,401903920000.0,19334000000,15213000000,397782920000.0
AMZN,2015-12-31,587.0,477000000,279999000000.0,15890000000,14175000000,278284000000.0
AMZN,2014-12-31,354.53,462000000,163792860000.0,14557000000,12489000000,161724860000.0
AMZN,2013-12-31,403.01,465000000,187399650000.0,8658000000,5181000000,183922650000.0
AMZN,2012-12-31,272.76,453000000,123560280000.0,8084000000,3830000000,119306280000.0
AMZN,2011-12-31,192.15,461000000,88581150000.0,5269000000,1415000000,84727150000.0
AMZN,2010-12-31,171.14,456000000,78039840000.0,3777000000,641000000,74903840000.0
AMZN,2009-12-31,125.41,442000000,55431220000.0,3444000000,252000000,52239220000.0
AMZN,2008-12-31,58.82,432000000,25410240000.0,2769000000,409000000,23050240000.0
AMZN,2007-12-31,74.21,424000000,31465039999.999996,2539000000,1282000000,30208039999.999996
AMZN,2006-12-31,37.05,424000000,15709199999.999998,1022000000,1247000000,15934199999.999998
AMZN,2005-12-31,44.96,426000000,19152960000.0,1013000000,1521000000,19660960000.0
AMZN,2004-12-31,42.22,425000000,17943500000.0,1303000000,1855000000,18495500000.0
AMZN,2003-12-31,50.4,419000000,21117600000.0,1102000000,1945000000,21960600000.0
AMZN,2002-12-31,21.82,378000000,8247960000.0,738000000,2277000000,9786960000.0
AMZN,2001-12-31,13.9,364000000,5059600000.0,540000000,2156000000,6675600000.0
AMZN,2000-12-31,18.9375,351000000,6647062500.0,822000000,2127000000,7952062500.0
AMZN,1999-12-31,61.6875,327000000,20171812500.0,117000000,1466000000,21520812500.0
AMZN,1998-12-31,58.4688,296000000,17306764800.0,26000000,348000000,17628764800.0
AMZN,1997-12-31,4.9167,260000000,1278342000.0,110000000,77000000,1245342000.0
