symbol,date,stockPrice,numberOfShares,marketCapitalization,minusCashAndCashEquivalents,addTotalDebt,enterpriseValue
BA,2019-12-31,323.3,566000000,182987800000.0,9485000000,26071000000,199573800000.0
BA,2018-12-31,387.72,585500000,227010060000.00003,7637000000,12552000000,231925060000.00003
BA,2017-12-31,337.71,610000000,206003100000.0,8813000000,10382000000,207572100000.0
BA,2016-12-31,165.57,642800000,106428396000.0,8801000000,9568000000,107195396000.0
BA,2015-12-31,120.13,695000000,83490350000.0,11302000000,8730000000,80918350000.0
BA,2014-12-31,145.37,737000000,107137690000.0,11733000000,8179000000,103583690000.0
BA,2013-12-31,126.53,768000000,97175040000.0,9088000000,8104000000,96191040000.0
BA,2012-12-31,74.59,762000000,56837580000.0,10341000000,9024000000,55520580000.0
BA,2011-12-31,74.16,753000000,55842480000.0,10049000000,10018000000,55811480000.0
BA,2010-12-31,69.23,744000000,51507120000.0,5359000000,11473000000,57621120000.0
BA,2009-12-31,60.6,713000000,43207800000.0,9215000000,12217000000,46209800000.0
BA,2008-12-31,42.31,729000000,30843990000.0,3268000000,6952000000,34527990000.0
BA,2007-12-31,82.87,773000000,64058510000.0,7042000000,7455000000,64471510000.0
BA,2006-12-31,86.0,788000000,67768000000.0,6118000000,8157000000,69807000000.0
BA,2005-12-31,69.03,803000000,55431090000.0,5412000000,9538000000,59557090000.0
BA,2004-12-31,49.92,813000000,40584960000.0,3204000000,10879000000,48259960000.0
BA,2003-12-31,41.75,809000000,33775750000.0,4633000000,13299000000,42441750000.0
BA,2002-12-31,30.66,808000000,24773280000.0,2333000000,12589000000,35029280000.0
BA,2001-12-31,40.0,829000000,33160000000.0,633000000,10866000000,43393000000.0
BA,2000-12-31,56.15,871000000,48906650000.0,1010000000,7567000000,55463650000.0
BA,1999-12-31,44.63,926000000,41327380000.0,3354000000,5980000000,43953380000.0
BA,1998-12-31,34.69,977000000,33892129999.999996,2183000000,6103000000,37812130000.0
BA,1997-12-31,47.63,970000000,46201100000.0,4420000000,6123000000,47904100000.0
BA,1996-12-31,52.88,687000000,36328560000.0,4375000000,3980000000,35933560000.0
BA,1995-12-31,38.81,684000000,26546040000.0,3730000000,2344000000,25160040000.0
BA,1994-12-31,22.44,681000000,15281640000.0,2084000000,2603000000,15800640000.0
BA,1993-12-31,21.31,679000000,14469490000.0,2342000000,2613000000,14740490000.0
BA,1992-12-31,17.63,680000000,11988400000.0,2711000000,1772000000,11049400000.0
BA,1991-12-31,26.38,687000000,18123060000.0,2938000000,1313000000,16498060000.0
BA,1990-12-31,23.94,690000000,16518600000.0,2545000000,311000000,14284600000.0
BA,1989-12-31,19.42,691000000,13419220000.000002,1208000000,275000000,12486220000.000002
