symbol,date,stockPrice,numberOfShares,marketCapitalization,minusCashAndCashEquivalents,addTotalDebt,enterpriseValue
BAC,2019-12-31,32.8088,9442900000,309810217520.0,161560000000.0,216602000000,364852217520.0
BAC,2018-12-31,27.8535,10236900000,285133494150.0,177404000000.0,229392000000,337121494150.0
BAC,2017-12-31,29.9945,10778400000,323292718800.0,157434000000.0,183208000000,349066718800.0
BAC,2016-12-31,21.2568,11046806000,234819745780.8,147738000000.0,216823000000,303904745780.8
BAC,2015-12-31,12.8949,11236230000,144890062227.0,159353000000.0,236764000000,222301062227.0
BAC,2014-12-31,13.6492,10585000000,144476782000.0,138589000000.0,212415000000,218302782000.0
BAC,2013-12-31,15.1429,11491000000,174007063900.0,131322000000.0,203598000000,246283063900.0
BAC,2012-12-31,10.1483,10841000000,110017720300.00002,110752000000.0,275585000000,274850720300.0
BAC,2011-12-31,6.2744,10255000000,64343972000.0,120102000000.0,372265000000,316506972000.0
BAC,2010-12-31,12.0121,9790000000,117598459000.0,174621000000.0,448431000000,391408459000.0
BAC,2009-12-31,13.3678,7729000000,103319726200.0,196237000000.0,438521000000,345603726200.0
BAC,2008-12-31,5.7664,4612000000,26594636800.0,45354000000.0,268292000000,249532636800.0
BAC,2007-12-31,34.2025,4480000000,153227200000.0,33091000000.0,197508000000,317644200000.0
BAC,2006-12-31,40.2085,4596000000,184798266000.0,34052000000.0,146000000000,296746266000.0
BAC,2005-12-31,32.8892,4068000000,133793265600.00002,33199000000.0,100848000000,201442265600.0
BAC,2004-12-31,32.4086,3824000000,123930486400.0,28511000000.0,98078000000,193497486400.0
BAC,2003-12-31,27.2328,3030000000,82515384000.0,22637000000.0,75343000000,135221384000.0
BAC,2002-12-31,21.2575,3131000000,66557232500.0,21166000000.0,67176000000,112567232500.0
BAC,2001-12-31,17.7515,3251000000,57710126500.0,0.0,68026000000,125736126500.0
BAC,2000-12-31,14.7611,3330000000,49154463000.0,0.0,72502000000,121656463000.0
BAC,1999-12-31,11.1462,3520000000,39234624000.0,0.0,60441000000,99675624000.0
BAC,1998-12-31,15.3461,3552000000,54509347200.0,0.0,50842000000,105351347200.0
BAC,1997-12-31,13.0894,1435000000,18783289000.0,0.0,29159000000,47942289000.0
BAC,1996-12-31,11.2807,1180000000,13311226000.0,0.0,23950000000,37261226000.0
BAC,1995-12-31,6.4294,1090000000,7008046000.0,0.0,17775000000,24783046000.0
BAC,1994-12-31,3.5948,1099000000,3950685200.0000005,0.0,8488000000,12438685200.0
BAC,1993-12-31,3.2893,1032000000,3394557600.0,0.0,8352000000,11746557600.0
BAC,1992-12-31,3.0938,487000000,1506680600.0,0.0,3066000000,4572680600.0
BAC,1991-12-31,2.236,905000000,2023580000.0000002,0.0,2876000000,4899580000.0
BAC,1990-12-31,1.2229,439000000,536853100.00000006,0.0,1697000000,2233853100.0
BAC,1989-12-31,1.4627,403000000,589468100.0,0.0,1466000000,2055468100.0
BAC,1988-12-31,0.964,341000000,328724000.0,0.0,493000000,821724000.0
BAC,1987-12-31,0.5736,328000000,188140800.0,0.0,497000000,685140800.0
BAC,1986-12-31,0.5667,314000000,177943800.0,0.0,553000000,730943800.0
BAC,1985-12-31,0.3975,286000000,113685000.0,0.0,428000000,541685000.0
BAC,1984-12-31,0.3607,235000000,84764500.0,0.0,256000000,340764500.0
BAC,1983-12-31,0.2622,201000000,52702200.0,0.0,321000000,373702200.0
