symbol,date,stockPrice,numberOfShares,marketCapitalization,minusCashAndCashEquivalents,addTotalDebt,enterpriseValue
CMCSA,2019-12-31,44.14,4610000000,203485400000.0,5500000000,102931000000,300916400000.0
CMCSA,2018-12-31,35.43,4640000000,164395200000.0,3814000000,107345000000,267926200000.0
CMCSA,2017-12-31,42.34,4786000000,202639240000.00003,3428000000,59422000000,258633240000.00003
CMCSA,2016-12-31,37.67,4875000000,183641250000.0,3301000000,55566000000,235906250000.0
CMCSA,2015-12-31,27.86,5036000000,140302960000.0,2295000000,48994000000,187001960000.0
CMCSA,2014-12-31,26.58,5240000000,139279200000.0,3910000000,44017000000,179386200000.0
CMCSA,2013-12-31,27.09,5330000000,144389700000.0,1718000000,44567000000,187238700000.0
CMCSA,2012-12-31,19.51,5434000000,106017340000.00002,10951000000,38082000000,133148340000.00002
CMCSA,2011-12-31,13.18,5556000000,73228080000.0,1620000000,37942000000,109550080000.0
CMCSA,2010-12-31,11.42,5640000000,64408800000.0,5984000000,29615000000,88039800000.0
CMCSA,2009-12-31,7.92,5770000000,45698400000.0,671000000,27940000000,72967400000.0
CMCSA,2008-12-31,7.33,5904000000,43276320000.0,1195000000,30178000000,72259320000.0
CMCSA,2007-12-31,8.83,6258000000,55258140000.0,963000000,29828000000,84123140000.0
CMCSA,2006-12-31,14.57,6360000000,92665200000.0,1239000000,27992000000,119418200000.0
CMCSA,2005-12-31,9.27,6624000000,61404480000.0,693000000,21682000000,82393480000.0
CMCSA,2004-12-31,10.75,6750000000,72562500000.0,452000000,20093000000,92203500000.0
CMCSA,2003-12-31,11.37,6768000000,76952160000.0,1550000000,23835000000,99237160000.0
CMCSA,2002-12-31,8.72,3330000000,29037600000.000004,781000000,31707000000,59963600000.0
CMCSA,2001-12-31,11.9,2894000000,34438600000.0,350000000,11742000000,45830600000.0
CMCSA,2000-12-31,13.96,2846000000,39730160000.0,652000000,10517000000,49595160000.0
CMCSA,1999-12-31,14.33,2460000000,35251800000.0,922000000,8707000000,43036800000.0
CMCSA,1998-12-31,10.83,2418000000,26186940000.0,871000000,5464000000,30779940000.0
CMCSA,1997-12-31,5.18,2034000000,10536120000.0,414000000,6559000000,16681120000.0
CMCSA,1996-12-31,2.98,1486000000,4428280000.0,331000000,7103000000,11200280000.0
CMCSA,1995-12-31,3.04,1438000000,4371520000.0,539000000,6944000000,10776520000.0
CMCSA,1994-12-31,2.48,1418000000,3516640000.0,335000000,4811000000,7992640000.0
CMCSA,1993-12-31,3.47,1284000000,4455480000.0,160000000,4155000000,8450480000.0
CMCSA,1992-12-31,2.28,1211000000,2761080000.0,213000000,3974000000,6522080000.0
CMCSA,1991-12-31,1.82,1072000000,1951040000.0,126000000,2453000000,4278040000.0
CMCSA,1990-12-31,1.68,1016000000,1706880000.0,89000000,2248000000,3865880000.0
CMCSA,1989-12-31,1.56,965000000,1505400000.0,144000000,2208000000,3569400000.0
CMCSA,1988-12-31,1.46,903000000,1318380000.0,104000000,1998000000,3212380000.0
CMCSA,1987-12-31,1.21,867000000,1049070000.0,183000000,636000000,1502070000.0
CMCSA,1986-12-31,0.96,751000000,720960000.0,247000000,697000000,1170960000.0
CMCSA,1985-12-31,0.74,635000000,469900000.0,188000000,195000000,476900000.0
CMCSA,1984-12-31,0.52,676000000,351520000.0,121000000,126000000,356520000.0
CMCSA,1983-12-31,0.3,618000000,185400000.0,63000000,89000000,211400000.0
