symbol,date,stockPrice,numberOfShares,marketCapitalization,minusCashAndCashEquivalents,addTotalDebt,enterpriseValue
GOOGL,2019-12-31,1454.25,698556000,1015875063000.0,18498000000,4554000000.0,1001931063000.0
GOOGL,2018-12-31,1097.99,703285000,772199897150.0,16701000000,4012000000.0,759510897150.0
GOOGL,2017-12-31,1177.37,703584000,828378694079.9999,10715000000,3969000000.0,821632694079.9999
GOOGL,2016-12-31,823.83,698706000,575614963980.0,12918000000,3935000000.0,566631963980.0
GOOGL,2015-12-31,761.35,692930000,527562255500.0,16549000000,3995000000.0,515008255500.0
GOOGL,2014-12-31,537.55,687000000,369296849999.99994,18347000000,5228000000.0,356177849999.99994
GOOGL,2013-12-31,568.2632,737000000,418809978400.0,18898000000,2236000000.0,402147978400.0
GOOGL,2012-12-31,377.2923,665000000,250899379500.0,14778000000,2988000000.0,239109379500.0
GOOGL,2011-12-31,289.1341,654000000,189093701400.0,9983000000,2986000000.0,182096701400.0
GOOGL,2010-12-31,300.7958,647000000,194614882600.0,13630000000,0.0,180984882600.0
GOOGL,2009-12-31,265.2352,639000000,169485292800.0,10198000000,0.0,159287292800.0
GOOGL,2008-12-31,169.4344,635000000,107590844000.0,8657000000,0.0,98933844000.0
GOOGL,2007-12-31,274.4094,632000000,173426740800.0,6082000000,0.0,167344740800.0
GOOGL,2006-12-31,247.4074,619000000,153145180600.0,3545000000,0.0,149600180600.0
GOOGL,2005-12-31,213.6236,584000000,124756182400.0,3878000000,0.0,120878182400.0
GOOGL,2004-12-31,95.2653,546000000,52014853800.0,426000000,0.0,51588853800.0
