symbol,date,stockPrice,numberOfShares,marketCapitalization,minusCashAndCashEquivalents,addTotalDebt,enterpriseValue
HD,2020-02-02,227.94,1097000000,250050180000.0,2133000000.0,29644000000.0,277561180000.0
HD,2019-02-03,184.0,1143000000,210312000000.0,1778000000.0,28146000000.0,236680000000.0
HD,2018-01-28,184.98,1184000000,219016320000.0,3595000000.0,25826000000.0,241247320000.0
HD,2017-01-29,144.91,1234000000,178818940000.0,2538000000.0,23059000000.0,199339940000.0
HD,2016-01-31,125.7,1283000000,161273100000.0,2216000000.0,21139000000.0,180196100000.0
HD,2015-02-01,116.07,1346000000,156230220000.0,1723000000.0,17159000000.0,171666220000.0
HD,2014-02-02,82.87,1434000000,118835580000.0,1929000000.0,14691000000.0,131597580000.0
HD,2013-02-03,70.47,1511000000,106480170000.0,2494000000.0,9475000000.0,113461170000.0
HD,2012-01-29,47.23,1570000000,74151100000.0,1987000000.0,10758000000.0,82922100000.0
HD,2011-01-30,36.76,1658000000,60948080000.0,545000000.0,8707000000.0,69110080000.0
HD,2010-01-31,31.36,1692000000,53061120000.0,1421000000.0,8662000000.0,60302120000.0
HD,2009-02-01,18.89,1686000000,31848540000.0,519000000.0,9667000000.0,40996540000.0
HD,2008-02-03,26.87,1856000000,49870720000.0,445000000.0,13130000000.0,62555720000.0
HD,2007-01-28,39.82,2062000000,82108840000.0,600000000.0,11643000000.0,93151840000.0
HD,2006-01-29,42.15,2147000000,90496050000.0,793000000.0,3572000000.0,93275050000.0
HD,2005-01-30,40.05,2216000000,88750800000.0,506000000.0,2148000000.0,90392800000.0
HD,2004-02-01,37.03,2289000000,84761670000.0,2826000000.0,856000000.0,82791670000.0
HD,2003-02-02,22.1,2344000000,51802400000.0,2188000000.0,1321000000.0,50935400000.0
HD,2002-02-03,47.5,2353000000,111767500000.0,2477000000.0,1250000000.0,110540500000.0
HD,2001-01-28,44.6,2352000000,104899200000.0,167000000.0,1545000000.0,106277200000.0
HD,2000-01-30,57.5,2342000000,134665000000.0,168000000.0,750000000.0,135247000000.0
HD,1999-01-31,39.29,2320000000,91152800000.0,62000000.0,1566000000.0,92656800000.0
HD,1998-02-01,21.46,2286000000,49057560000.0,172000000.0,1303000000.0,50188560000.0
HD,1997-02-02,12.28,2196000000,26966880000.0,146000000.0,1247000000.0,28067880000.0
HD,1996-01-28,9.81,2151000000,21101310000.0,53000000.0,720000000.0,21768310000.0
HD,1995-01-29,9.97,2051000000,20448470000.0,1000000.0,983000000.0,21430470000.0
HD,1994-01-30,9.14,2039000000,18636460000.0,100000000.0,874000000.0,19410460000.0
HD,1993-01-31,10.67,2002000000,21361340000.0,122000000.0,844000000.0,22083340000.0
HD,1992-02-02,7.08,1867000000,13218360000.0,219000000.0,271000000.0,13270360000.0
HD,1991-02-03,3.83,1626000000,6227580000.0,108000000.0,531000000.0,6650580000.0
HD,1990-01-28,1.94,1595000000,3094300000.0,70000000.0,303000000.0,3327300000.0
HD,1989-01-29,1.14,1557000000,1774979999.9999998,16000000.0,108000000.0,1866979999.9999998
HD,1988-01-31,0.75,1458000000,1093500000.0,26000000.0,52000000.0,1119500000.0
HD,1987-01-31,0.54,1211000000,653940000.0,17000000.0,117000000.0,753940000.0
HD,1986-02-02,0.32,1150000000,368000000.0,10000000.0,200000000.0,558000000.0
HD,1985-02-03,0.43,1153000000,495790000.0,52000000.0,119000000.0,562790000.0
HD,1984-01-29,0.36,1131000000,407160000.0,22000000.0,4000000.0,389160000.0
HD,1983-01-30,0.35,1013000000,354550000.0,8000000.0,0.0,346550000.0
