symbol,date,stockPrice,numberOfShares,marketCapitalization,minusCashAndCashEquivalents,addTotalDebt,enterpriseValue
IBM,2019-12-31,136.77,892813380,122110085982.6,8172000000,55377000000,169315085982.6
IBM,2018-12-31,134.38,916315710,123134505109.8,11379000000,38761000000,150516505109.8
IBM,2017-12-31,163.62,937385630,153375036780.6,11972000000,41609000000,183012036780.6
IBM,2016-12-31,175.8,958714100,168541938780.0,7826000000,35929000000,196644938780.0
IBM,2015-12-31,124.79,982700270,122631166693.3,7686000000,34618000000,149563166693.3
IBM,2014-12-31,153.31,1010000000,154843100000.0,8476000000,36203000000,182570100000.0
IBM,2013-12-31,177.36,1103000000,195628080000.0,10716000000,35864000000,220776080000.0
IBM,2012-12-31,203.52,1155000000,235065600000.0,10412000000,27677000000,252330600000.0
IBM,2011-12-31,192.5,1214000000,233695000000.0,11922000000,27016000000,248789000000.0
IBM,2010-12-31,159.21,1287000000,204903270000.0,10661000000,24607000000,218849270000.0
IBM,2009-12-31,122.39,1341000000,164124990000.0,12183000000,23878000000,175819990000.0
IBM,2008-12-31,91.65,1388000000,127210200000.00002,12741000000,24984000000,139453200000.0
IBM,2007-12-31,105.65,1451000000,153298150000.0,14991000000,31584000000,169891150000.0
IBM,2006-12-31,99.37,1554000000,154420980000.0,8022000000,19914000000,166312980000.0
IBM,2005-12-31,81.63,1628000000,132893640000.0,12568000000,19653000000,139978640000.0
IBM,2004-12-31,92.89,1709000000,158749010000.0,10053000000,19319000000,168015010000.0
IBM,2003-12-31,99.23,1756000000,174247880000.0,7290000000,20459000000,187416880000.0
IBM,2002-12-31,78.3,1731000000,135537300000.0,5382000000,22301000000,152456300000.0
IBM,2001-12-31,105.55,1771000000,186929050000.0,6330000000,22336000000,202935050000.0
IBM,2000-12-31,116.61,1812000000,211297320000.0,3563000000,25867000000,233601320000.0
IBM,1999-12-31,111.56,1871000000,208728760000.0,5043000000,22549000000,226234760000.0
IBM,1998-12-31,91.63,1920000000,175929600000.0,5375000000,26763000000,197317600000.0
IBM,1997-12-31,49.38,2022000000,99846360000.0,7106000000,23978000000,116718360000.0
IBM,1996-12-31,39.31,2159000000,84870290000.0,7687000000,19907000000,97090290000.0
IBM,1995-12-31,27.16,2336000000,63445760000.0,7259000000,18748000000,74934760000.0
IBM,1994-12-31,17.94,2388000000,42840720000.0,7922000000,12548000000,47466720000.0
IBM,1993-12-31,14.44,2293000000,33110920000.0,5861000000,15245000000,42494920000.0
IBM,1992-12-31,12.88,2284000000,29417920000.0,4446000000,12853000000,37824920000.0
IBM,1991-12-31,22.94,2288000000,52486720000.0,3945000000,13231000000,61772720000.0
IBM,1990-12-31,31.75,2291000000,72739250000.0,3853000000,11943000000,80829250000.0
IBM,1989-12-31,24.31,2324000000,56496440000.0,3700000000,10825000000,63621440000.0
IBM,1988-12-31,32.19,2370000000,76290300000.0,4175000000,8518000000,80633300000.0
IBM,1987-12-31,28.09,2412000000,67753080000.0,770000000,3868000000,70851080000.0
IBM,1986-12-31,32.19,2451000000,78897690000.0,755000000,4169000000,82311690000.0
IBM,1985-12-31,37.38,2456000000,91805280000.0,896000000,3955000000,94864280000.0
IBM,1984-12-31,34.16,2446000000,83555359999.99998,600000000,3269000000,86224359999.99998
IBM,1983-12-31,28.47,2427000000,69096690000.0,616000000,2674000000,71154690000.0
