symbol,date,stockPrice,numberOfShares,marketCapitalization,minusCashAndCashEquivalents,addTotalDebt,enterpriseValue
INTC,2019-12-28,64.5624,4473000000,288787615200.0,4194000000,25308000000,309901615200.0
INTC,2018-12-29,44.7908,4701000000,210561550800.0,3019000000,25598000000,233140550800.0
INTC,2017-12-30,46.75,4835000000,226036250000.0,3433000000,25074000000,247677250000.0
INTC,2016-12-31,34.0382,4875000000,165936225000.00003,5560000000,20665000000,181041225000.00003
INTC,2015-12-26,26.065,4894000000,127562110000.0,15308000000,20068000000,132322110000.0
INTC,2014-12-27,30.6123,5056000000,154775788800.0,2561000000,12567000000,164781788800.0
INTC,2013-12-28,20.4826,5097000000,104399812200.0,5674000000,13165000000,111890812200.0
INTC,2012-12-29,16.7725,5160000000,86546100000.0,8478000000,13136000000,91204100000.0
INTC,2011-12-31,20.5909,5411000000,111417359900.0,5065000000,7084000000,113436359900.0
INTC,2010-12-25,15.7961,5696000000,89974585600.0,5498000000,2077000000,86553585600.0
INTC,2009-12-26,14.6595,5645000000,82752877500.0,3987000000,2049000000,80814877500.0
INTC,2008-12-27,9.3342,5748000000,53652981599.99999,3350000000,1185000000,51487981599.99999
INTC,2007-12-29,13.7792,5936000000,81793331200.0,7307000000,1980000000,76466331200.0
INTC,2006-12-30,13.9142,5880000000,81815496000.0,6598000000,1848000000,77065496000.0
INTC,2005-12-31,14.1293,6178000000,87290815400.0,7324000000,2106000000,82072815400.0
INTC,2004-12-25,14.1623,6494000000,91969976200.0,8407000000,703000000,84265976200.0
INTC,2003-12-27,20.7564,6621000000,137428124400.0,7971000000,936000000,130393124400.0
INTC,2002-12-28,10.1261,6759000000,68442309899.99999,7404000000,929000000,61967309899.99999
INTC,2001-12-29,21.5524,6879000000,148258959600.0,7970000000,1050000000,141338959600.0
INTC,2000-12-30,23.4886,6986000000,164091359600.0,2976000000,707000000,161822359600.0
INTC,1999-12-25,31.2711,6940000000,217021434000.0,3695000000,955000000,214281434000.0
INTC,1998-12-26,20.6337,7035000000,145158079500.0,2038000000,702000000,143822079500.0
INTC,1997-12-27,12.2524,7180000000,87972232000.0,4102000000,448000000,84318232000.0
INTC,1996-12-28,11.8222,7104000000,83984908800.0,4165000000,728000000,80547908800.0
INTC,1995-12-30,4.2763,7072000000,30241993600.0,1463000000,400000000,29178993600.0
INTC,1994-12-31,2.7445,6992000000,19189544000.0,2410000000,392000000,17171544000.0
INTC,1993-12-25,2.5565,7056000000,18038664000.0,3136000000,426000000,15328664000.0
INTC,1992-12-26,2.1922,6871000000,15062606200.000002,2835000000,249000000,12476606200.000002
INTC,1991-12-28,1.1915,6688000000,7968752000.0,2277000000,363000000,6054752000.0
INTC,1990-12-29,0.8542,6493000000,5546320600.0,1785000000,345000000,4106320600.0
INTC,1989-12-30,0.7426,6041000000,4486046600.0,1090000000,412000000,3808046600.0
INTC,1988-12-31,0.4999,5774000000,2886422600.0,971000000,479000000,2394422600.0
INTC,1987-12-26,0.4853,5772000000,2801151600.0,630000000,298000000,2469151600.0
INTC,1986-12-27,0.3705,5617000000,2081098500.0,75000000,287000000,2293098500.0
INTC,1985-12-28,0.3592,5657000000,2031994400.0,188000000,271000000,2114994400.0
INTC,1984-12-31,0.4045,5605000000,2267222500.0,89000000,146000000,2324222500.0
INTC,1983-12-31,0.4627,5306000000,2455086200.0,84000000,128000000,2499086200.0
