symbol,date,stockPrice,numberOfShares,marketCapitalization,minusCashAndCashEquivalents,addTotalDebt,enterpriseValue
JCP,2020-02-01,0.69,320200000,220937999.99999997,108000000,3574000000,3686938000
JCP,2019-02-02,1.57,315700000,495649000.0,109000000,3920000000,4306649000
JCP,2018-02-03,3.78,311100000,1175958000.0,116000000,3992000000,5051958000
JCP,2017-01-28,6.64,308100000,2045784000.0,125000000,4558000000,6478784000
JCP,2016-01-30,10.2,305900000,3120180000.0,119000000,4678000000,7679180000
JCP,2015-01-31,7.85,305200000,2395820000.0,119000000,5265000000,7541820000
JCP,2014-02-01,7.96,249000000,1982040000.0,113000000,5551000000,7420040000
JCP,2013-02-02,16.74,219000000,3666059999.9999995,121000000,2956000000,6501060000
JCP,2012-01-28,41.22,217000000,8944740000.0,175000000,2871000000,11640740000
JCP,2011-01-29,34.96,238000000,8320480000.0,169000000,3099000000,11250480000
JCP,2010-01-30,27.92,233000000,6505360000.0,163000000,2999000000,9341360000
JCP,2009-01-31,14.75,223000000,3289250000.0,167000000,3505000000,6627250000
JCP,2008-02-02,47.01,225000000,10577250000.0,119000000,3505000000,13963250000
JCP,2007-02-03,77.5,232000000,17980000000.0,119000000,3010000000,20871000000
JCP,2006-01-28,58.95,255000000,15032250000.0,109000000,3444000000,18367250000
JCP,2005-01-29,44.49,307000000,13658430000.0,4687000000,3486000000,12457430000
JCP,2004-01-31,31.36,298000000,9345280000.0,2994000000,5132000000,11483280000
JCP,2003-01-25,19.39,293000000,5681270000.0,2388000000,4953000000,8246270000
JCP,2002-01-26,19.81,267000000,5289270000.0,6000000,5194000000,10477270000
JCP,2001-01-27,15.18,262000000,3977160000.0,9000000,5448000000,9416160000
JCP,2000-01-29,16.0,275000000,4400000000.0,0,6174000000,10574000000
JCP,1999-01-30,36.63,271000000,9926730000.0,1000000,9067000000,18992730000
JCP,1998-01-31,72.0,268000000,19296000000.0,79000000,8403000000,27620000000
JCP,1997-01-25,48.75,249000000,12138750000.0,131000000,8515000000,20522750000
JCP,1996-01-27,47.38,249000000,11797620000.0,173000000,5589000000,17213620000
JCP,1995-01-28,42.38,258000000,10934040000.0,54000000,5427000000,16307040000
JCP,1994-01-29,54.75,262000000,14344500000.0,173000000,4213000000,18384500000
JCP,1993-01-30,40.38,258000000,10418040000.0,397000000,4078000000,14099040000
JCP,1992-01-25,29.5,256000000,7552000000.0,111000000,3825000000,11266000000
JCP,1991-01-26,26.69,260000000,6939400000.0,137000000,4039000000,10841400000
JCP,1990-01-27,32.38,268000000,8677840000.0,408000000,4043000000,12312840000
JCP,1989-01-28,25.81,272000000,7020320000.0,670000000,3820000000,10170320000
JCP,1988-01-30,24.38,296000000,7216480000.0,112000000,3563000000,10667480000
JCP,1987-01-31,23.69,302000000,7154380000.0,639000000,3252000000,9767380000
JCP,1986-01-31,16.13,299000000,4822870000.0,158000000,3839000000,8503870000
JCP,1985-01-31,12.09,300000000,3627000000.0,43000000,2085000000,5669000000
JCP,1984-01-28,12.91,299000000,3860090000.0,61000000,1709000000,5508090000
JCP,1983-01-29,13.84,293000000,4055120000.0,174000000,1384000000,5265120000
