symbol,date,stockPrice,numberOfShares,marketCapitalization,minusCashAndCashEquivalents,addTotalDebt,enterpriseValue
MFA,2019-12-31,7.0059,467769000.0,3277142837.1,70629000.0,10031606000,13238119837.1
MFA,2018-12-31,5.8258,418934000.0,2440625697.2,51965000.0,8871452000,11260112697.2
MFA,2017-12-31,5.2335,388357000.0,2032466359.5,449757000.0,6711474000,8294183359.5
MFA,2016-12-31,5.1242,371122000.0,1901703352.4,260112000.0,8784001000,10425592352.4
MFA,2015-12-31,3.7107,372114000.0,1380803419.8,165007000.0,9506187000,10721983419.8
MFA,2014-12-31,4.1147,369048000.0,1518521805.6,182437000.0,8477962000,9814046805.6
MFA,2013-12-31,3.487,362400000.0,1263688800.0,565000000.0,8805000000,9503688800.0
MFA,2012-12-31,3.4987,356800000.0,1248336160.0,401000000.0,9499000000,10346336160.0
MFA,2011-12-31,2.5281,341600000.0,863598959.9999999,394000000.0,8689000000,9158598960.0
MFA,2010-12-31,2.5088,281200000.0,705474560.0,345000000.0,6213000000,6573474560.0
MFA,2009-12-31,1.9932,246400000.0,491124480.0,653000000.0,7205000000,7043124480.0
MFA,2008-12-31,1.3448,180000000.0,242064000.0,361000000.0,9048000000,8929064000.0
MFA,2007-12-31,1.9649,90600000.0,178019940.0,234000000.0,7535000000,7479019940.0
MFA,2006-12-31,1.4591,79500000.0,115998450.0,47000000.0,5733000000,5801998450.0
MFA,2005-12-31,1.2521,82000000.0,102672200.0,64000000.0,5123000000,5161672200.0
MFA,2004-12-31,1.4938,76200000.0,113827560.0,68000000.0,6136000000,6181827560.0
MFA,2003-12-31,1.5911,54100000.0,86078510.0,140000000.0,4040000000,3986078510.0
MFA,2002-12-31,1.2384,41500000.0,51393600.0,64000000.0,3202000000,3189393600.0
MFA,2001-12-31,1.1013,15300000.0,16849890.0,59000000.0,1846000000,1803849890.0
MFA,2000-12-31,0.65,8900000.0,5785000.0,8000000.0,449000000,446785000.0
MFA,1999-12-31,0.4621,9000000.0,4158900.0,20000000.0,452000000,436158900.0
MFA,1998-12-31,0.4713,9000000.0,4241700.0,6000000.0,190000000,188241700.0
