symbol,date,stockPrice,numberOfShares,marketCapitalization,minusCashAndCashEquivalents,addTotalDebt,enterpriseValue
MMM,2019-12-31,158.0315,585100000,92464230650.0,2353000000,18583000000,108694230650.0
MMM,2018-12-31,187.4621,602000000,112852184200.0,2853000000,13952000000,123951184200.0
MMM,2017-12-31,230.5197,612700000,141239420190.0,3053000000,12907000000,151093420190.0
MMM,2016-12-31,157.0719,618700000,97180384530.0,2398000000,10895000000,105677384530.0
MMM,2015-12-31,131.6784,637200000,83905476480.0,1798000000,9718000000,91825476480.0
MMM,2014-12-31,137.9016,662000000,91290859200.0,1897000000,6841000000,96234859200.0
MMM,2013-12-31,106.2242,694000000,73719594800.0,2581000000,5970000000,77108594800.0
MMM,2012-12-31,81.7787,703000000,57490426100.0,2883000000,4987000000,59594426100.0
MMM,2011-12-31,68.9994,719000000,49610568599.99999,2219000000,4484000000,51875568599.99999
MMM,2010-12-31,67.3302,726000000,48881725200.0,3377000000,4277000000,49781725200.0
MMM,2009-12-31,60.4285,707000000,42722949500.0,3040000000,5204000000,44886949500.0
MMM,2008-12-31,39.062,707000000,27616834000.0,1849000000,5166000000,30933834000.0
MMM,2007-12-31,55.2421,732000000,40437217200.0,1896000000,4019000000,42560217200.0
MMM,2006-12-31,51.5459,761000000,39226429900.0,1447000000,1047000000,38826429900.0
MMM,2005-12-31,48.9541,777000000,38037335700.0,1072000000,1309000000,38274335700.0
MMM,2004-12-31,54.8942,797000000,43750677400.0,2757000000,727000000,41720677400.0
MMM,2003-12-31,51.2295,795000000,40727452500.0,1836000000,1735000000,40626452500.0
MMM,2002-12-31,38.7666,791000000,30664380599.999996,618000000,2140000000,32186380599.999996
MMM,2001-12-31,33.0212,800000000,26416960000.0,616000000,1520000000,27320960000.0
MMM,2000-12-31,32.093,800000000,25674400000.000004,302000000,971000000,26343400000.000004
MMM,1999-12-31,25.2706,813000000,20544997800.0,387000000,1480000000,21637997800.0
MMM,1998-12-31,20.2232,816000000,16502131199.999998,211000000,1614000000,17905131200.0
MMM,1997-12-31,20.6478,837000000,17282208600.0,230000000,1015000000,18067208600.0
MMM,1996-12-31,20.2037,844000000,17051922800.000002,583000000,851000000,17319922800.0
MMM,1995-12-31,13.8496,845000000,11702912000.0,485000000,1203000000,12420912000.0
MMM,1994-12-31,10.4858,846000000,8870986800.0,297000000,1031000000,9604986800.0
MMM,1993-12-31,9.966,869000000,8660454000.0,274000000,796000000,9182454000.0
MMM,1992-12-31,8.0171,876000000,7022979599.999999,382000000,687000000,7327979599.999999
MMM,1991-12-31,6.6563,878000000,5844231400.0,258000000,764000000,6350231400.0
MMM,1990-12-31,5.215,886000000,4620490000.0,294000000,760000000,5086490000.0
MMM,1989-12-31,4.1052,889000000,3649522800.0,448000000,885000000,4086522800.0
MMM,1988-12-31,3.1528,908000000,2862742400.0,522000000,406000000,2746742400.0
MMM,1987-12-31,2.4297,914000000,2220745800.0,594000000,435000000,2061745800.0
MMM,1986-12-31,2.1833,917000000,2002086100.0,545000000,436000000,1893086100.0
MMM,1985-12-31,1.1245,920000000,1034540000.0,192000000,431000000,1273540000.0
MMM,1984-12-31,1.0214,936000000,956030400.0000001,182000000,330000000,1104030400.0
MMM,1983-12-31,0.8838,942000000,832539600.0,237000000,358000000,953539600.0
