symbol,date,stockPrice,numberOfShares,marketCapitalization,minusCashAndCashEquivalents,addTotalDebt,enterpriseValue
MSFT,2020-06-30,203.899994,7683000000,1566563653902,13576000000,68534000000,1621521653902
MSFT,2019-06-30,140.350006,7753000000,1088133596518,11356000000,72919000000,1149696596518
MSFT,2018-06-30,105.370003,7794000000,821253803382,11946000000,76367000000,885674803382
MSFT,2017-06-30,73.040001,7832000000,572049287832,7663000000,87570000000,651956287832
MSFT,2016-06-30,56.68,8013000000,454176840000,6510000000,54222000000,501888840000
MSFT,2015-06-30,46.880001,8254000000,386947528254,5595000000,32793000000,414145528254
MSFT,2014-06-30,43.580002,8399000000,366028436798,8669000000,22645000000,380004436798
MSFT,2013-06-30,31.85,8470000000,269769500000,3804000000,12601000000,278566500000
MSFT,2012-06-30,29.639999,8506000000,252117831494,6938000000,10713000000,255892831494
MSFT,2011-06-30,27.4,8593000000,235448200000,9610000000,11921000000,237759200000
MSFT,2010-06-30,25.809999,8927000000,230405861073,5505000000,5939000000,230839861073
MSFT,2009-06-30,23.809999,8996000000,214194751004,6076000000,5746000000,213864751004
MSFT,2008-06-30,26.23,9470000000,248398100000,10339000000,0,238059100000
MSFT,2007-06-30,29.4,9886000000,290648400000,6111000000,0,284537400000
MSFT,2006-06-30,24.25,10531000000,255376750000,6714000000,0,248662750000
MSFT,2005-06-30,25.610001,10906000000,279302670906,4851000000,0,274451670906
MSFT,2004-06-30,28.49,10894000000,310370060000,14304000000,0,296066060000
MSFT,2003-06-30,26.23,10882000000,285434860000,6438000000,0,278996860000
MSFT,2002-06-30,24.049999,11106000000,267099288894,3016000000,0,264083288894
MSFT,2001-06-30,32.900002,11148000000,366769222296,3922000000,0,362847222296
MSFT,2000-06-30,34.84375,11072000000,385790000000,4846000000,0,380944000000
MSFT,1999-06-30,42.90625,10964000000,470424125000,4975000000,0,465449125000
MSFT,1998-06-30,28.359375,10724000000,304125937500,13927000000,0,290198937500
MSFT,1997-06-30,17.640625,10488000000,185014875000,8966000000,0,176048875000
MSFT,1996-06-30,7.414063,10246000000,75964489498,6940000000,0,69024489498
MSFT,1995-06-30,5.789063,10034000000,58087458142,4750000000,0,53337458142
MSFT,1994-06-30,3.21875,9754000000,31395687500,3614000000,0,27781687500
MSFT,1993-06-30,2.3125,9692000000,22412750000,2290000000,0,20122750000
MSFT,1992-06-30,2.285156,9415000000,21514743740,1345000000,8000000,20177743740
MSFT,1991-06-30,1.515625,9008000000,13652750000,686000000,19000000,12985750000
MSFT,1990-06-30,0.944444,8598000000,8120329512,449000000,7000000,7678329512
MSFT,1989-06-30,0.376736,8099000000,3051184864,301000000,25000000,2775184864
MSFT,1988-06-30,0.413194,8038000000,3321253372,183000000,20000000,3158253372
MSFT,1987-06-30,0.336806,7959000000,2680638954,132000000,5000000,2553638954
MSFT,1986-06-30,0.099826,7258000000,724537108,103000000,2000000,623537108
