symbol,date,stockPrice,numberOfShares,marketCapitalization,minusCashAndCashEquivalents,addTotalDebt,enterpriseValue
MTL,2019-12-31,3.15,208128255.0,655604003.25,3509000000.0,7568000000.0,4714604003.25
MTL,2018-12-31,2.4,208135372.0,499524892.79999995,1803000000.0,7046000000.0,5742524892.8
MTL,2017-12-31,5.03,208135372.0,1046920921.1600001,2452000000.0,17922000000.0,16516920921.16
MTL,2016-12-31,6.14,208135372.0,1277951184.08,1689000000.0,11811000000.0,11399951184.08
MTL,2015-12-31,2.0,208135372.0,416270744.0,3079000000.0,4353000000.0,1690270744.0
MTL,2014-12-31,2.6,208135372.0,541151967.2,3935519952.0,9304669778.039999,5910301793.239999
MTL,2013-12-31,4.04,208135372.0,840866902.88,8830154618.0,247539265182.48,239549977467.36002
MTL,2012-12-31,12.98,208135372.0,2701597128.56,8959841829.86,241014787750.69,234756543049.39
MTL,2011-12-31,21.465,208135372.0,4467625759.98,20580883552.46,215780813399.76,199667555607.28
MTL,2010-12-31,59.281,208135372.0,12338472987.532,10425208320.0,160312662048.0,162225926715.532
MTL,2009-12-31,38.5854,208135372.0,8030986582.7688,12496490733.6,122956559973.3,118491055822.4688
MTL,2008-12-31,6.5787,208135372.0,1369260171.7764,7530257998.12,6495360569.28,334362742.9364004
MTL,2007-12-31,58.997,208135372.0,12279362541.884,5817094128.19,57044074146.42,63506342560.114
MTL,2006-12-31,14.4532,204489678.0,2955530214.0696,4543203932.28,15622721631.36,14035047913.149601
MTL,2005-12-31,14.547,201559340.0,2932083718.98,8960107960.5,1310930397.3,-4717093844.22
MTL,2004-12-31,12.1455,0.0,0.0,28386730251.63,5986509473.79,-22400220777.84
