symbol,date,stockPrice,numberOfShares,marketCapitalization,minusCashAndCashEquivalents,addTotalDebt,enterpriseValue
NFLX,2019-12-31,347.74,451765000,157096761100.0,5018437000,14759260000,166837584100.0
NFLX,2018-12-31,340.66,451244000,153720781040.0,3794483000,10360058000,160286356040.0
NFLX,2017-12-31,278.8,446814000,124571743200.0,2823000000,6529000000,128277743200.0
NFLX,2016-12-31,141.22,438652000,61946435440.0,1467576000,3393511000,63872370440.0
NFLX,2015-12-31,91.84,436456000,40084119040.0,1706592000,0,38377527040.0
NFLX,2014-12-31,63.1143,432000000,27265377600.0,1114000000,914000000,27065377600.0
NFLX,2013-12-31,57.81,425000000,24569250000.0,605000000,500000000,24464250000.0
NFLX,2012-12-31,23.9571,412000000,9870325200.0,290000000,400000000,9980325200.0
NFLX,2011-12-31,17.9186,381000000,6826986600.000001,508000000,400000000,6718986600.000001
NFLX,2010-12-31,31.14,380000000,11833200000.0,194000000,200000000,11839200000.0
NFLX,2009-12-31,8.8929,409000000,3637196099.9999995,134000000,237000000,3740196099.9999995
NFLX,2008-12-31,5.1629,440000000,2271676000.0,140000000,38000000,2169676000.0
NFLX,2007-12-31,3.2771,482000000,1579562200.0,177000000,36000000,1438562200.0
NFLX,2006-12-31,3.2757,484000000,1585438800.0,400000000,0,1185438800.0
NFLX,2005-12-31,3.9429,459000000,1809791100.0,212000000,0,1597791100.0
NFLX,2004-12-31,1.6343,453000000,740337900.0,174000000,0,566337900.0
NFLX,2003-12-31,5.2436,440000000,2307184000.0,90000000,0,2217184000.0
NFLX,2002-12-31,0.9021,197000000,177713700.0,60000000,0,117713700.0
