symbol,date,stockPrice,numberOfShares,marketCapitalization,minusCashAndCashEquivalents,addTotalDebt,enterpriseValue
PEI,2019-12-31,3.7153,75221000,279468581.3,12211000,1702778000,1970035581.3
PEI,2018-12-31,5.8758,69749000,409831174.2,18084000,1660195000,2051942174.2
PEI,2017-12-31,8.117,69364000,563027588.0000001,15348000,1656842000,2204521588.0
PEI,2016-12-31,11.3279,69086000,782599299.4,9803000,1766902000,2539698299.4
PEI,2015-12-31,12.617,68740000,867292580.0000001,22855000,1784371000,2628808580.0
PEI,2014-12-31,14.8416,68217000,1012449427.1999999,40433000,1537947000,2509963427.2
PEI,2013-12-31,11.1077,63700000,707560490.0,34200000,1632700000,2306060490.0
PEI,2012-12-31,10.5358,55100000,580522580.0,34000000,1900100000,2446622580.0
PEI,2011-12-31,6.8685,54600000,375020100.0,21800000,2162400000,2515620100.0
PEI,2010-12-31,7.0688,50600000,357681280.0,42300000,2225500000,2540881280.0
PEI,2009-12-31,4.4308,41000000,181662799.99999997,74200000,2565400000,2672862800.0
PEI,2008-12-31,1.908,38800000,74030400.0,9800000,2571800000,2636030400.0
PEI,2007-12-31,9.0686,37900000,343699940.0,27900000,2274400000,2590199940.0
PEI,2006-12-31,14.4048,36900000,531537120.0,15800000,1932700000,2448437120.0
PEI,2005-12-31,12.9208,36800000,475485440.0,21600000,1809000000,2262885440.0
PEI,2004-12-31,12.1187,35900000,435061330.0,40300000,1472200000,1866961330.0
PEI,2003-12-31,10.6284,20800000,221070719.99999997,48600000,1391200000,1563670720.0
PEI,2002-12-31,6.7438,16400000,110598320.0,13600000,450600000,547598320.0
PEI,2001-12-31,5.7071,14700000,83894370.0,10300000,360400000,433994370.0
PEI,2000-12-31,4.6843,13400000,62769620.00000001,6100000,382400000,439069620.0
PEI,1999-12-31,3.3937,13300000,45136210.0,3200000,364600000,406536210.0
PEI,1998-12-31,3.6546,13300000,48606180.0,6100000,302300000,344806180.0
PEI,1997-12-31,4.1222,9000000,37099800.0,1300000,104000000,139799800.0
PEI,1997-08-31,4.2187,8700000,36702690.0,1400000,117400000,152702690.0
PEI,1996-08-31,3.2357,8700000,28150590.0,1000000,124100000,151250590.0
PEI,1995-08-31,3.0207,8700000,26280090.0,1100000,122500000,147680090.0
PEI,1994-08-31,2.9437,8700000,25610190.0,2200000,80100000,103510190.0
PEI,1993-08-31,2.9596,8600000,25452560.0,1500000,51900000,75852560.0
PEI,1992-08-31,2.289,8600000,19685400.0,1200000,10800000,29285400.0
PEI,1991-08-31,2.0566,8200000,16864120.0,3900000,8800000,21764120.0
PEI,1990-08-31,1.5542,8200000,12744440.0,1900000,14800000,25644440.0
PEI,1989-08-31,2.1657,8200000,17758740.0,2400000,9800000,25158740.0
PEI,1988-08-31,1.7239,8200000,14135980.0,900000,10600000,23835980.0
PEI,1987-08-31,1.7359,8100000,14060790.0,1000000,12100000,25160790.0
PEI,1986-08-31,1.5852,7800000,12364560.0,700000,13600000,25264560.0
PEI,1985-08-31,1.0002,5700000,5701140.0,800000,29900000,34801140.0
PEI,1984-08-31,0.779,5300000,4128700.0,800000,48600000,51928700.0
PEI,1983-08-31,0.6245,5300000,3309850.0000000005,800000,50200000,52709850.0
