symbol,date,stockPrice,numberOfShares,marketCapitalization,minusCashAndCashEquivalents,addTotalDebt,enterpriseValue
PEIX,2019-12-31,0.66,47384000.0,31273440.0,18997000.0,180795000.0,193071440
PEIX,2018-12-31,1.36,43376000.0,58991360.00000001,26627000.0,84845000.0,117209360
PEIX,2017-12-31,4.3,42745000.0,183803500.0,49489000.0,221214000.0,355528500
PEIX,2016-12-31,6.85,42251000.0,289419350.0,68590000.0,188575000.0,409404350
PEIX,2015-12-31,3.49,33173000.0,115773770.0,52712000.0,208044000.0,271105770
PEIX,2014-12-31,8.59,22669000.0,194726710.0,62084000.0,36588000.0,169230710
PEIX,2013-12-31,6.99,12300000.0,85977000.0,5200000.0,104400000.0,185177000
PEIX,2012-12-31,4.95,7200000.0,35640000.0,7600000.0,117300000.0,145340000
PEIX,2011-12-31,15.9,2300000.0,36570000.0,8900000.0,93700000.0,121370000
PEIX,2010-12-31,90.3,900000.0,81270000.0,8700000.0,85000000.0,157570000
PEIX,2009-12-31,217.35,500000.0,108675000.0,17500000.0,12700000.0,103875000
PEIX,2008-12-31,57.75,500000.0,28875000.0,11500000.0,14400000.0,31775000
PEIX,2007-12-31,652.05,400000.0,260819999.99999997,5700000.0,157200000.0,412320000
PEIX,2006-12-31,1726.2,300000.0,517860000.0,44100000.0,29000000.0,502760000
PEIX,2005-12-31,1537.2,200000.0,307440000.0,4500000.0,2000000.0,304940000
