symbol,date,stockPrice,numberOfShares,marketCapitalization,minusCashAndCashEquivalents,addTotalDebt,enterpriseValue
SHLO,2019-10-31,3.81,23506000,89557860.0,14320000.0,248695000,323932860
SHLO,2018-10-31,7.97,23369000,186250930.0,16843000.0,245351000,414758930
SHLO,2017-10-31,8.54,19233000,164249819.99999997,8736000.0,181065000,336578820
SHLO,2016-10-31,7.05,17526000,123558300.0,8696000.0,256922000,371784300
SHLO,2015-10-31,6.87,17310000,118919700.0,13100000.0,298873000,404692700
SHLO,2014-10-31,16.2,17200000,278640000.0,12000000.0,268100000,534740000
SHLO,2013-10-31,23.18,17000000,394060000.0,400000.0,119400000,513060000
SHLO,2013-01-31,10.66,16993000,181145380.0,140000.0,95924000,276929380
SHLO,2012-10-31,11.39,16900000,192491000.0,200000.0,21200000,213491000
SHLO,2011-10-31,8.44,16900000,142636000.0,0.0,25700000,168336000
SHLO,2010-10-31,11.13,16700000,185871000.0,0.0,26900000,212771000
SHLO,2009-10-31,4.4,16400000,72160000.0,100000.0,51600000,123660000
SHLO,2008-10-31,3.75,16500000,61875000.0,2200000.0,70200000,129875000
SHLO,2007-10-31,9.85,16500000,162525000.0,100000.0,64600000,227025000
SHLO,2006-10-31,16.66,16400000,273224000.0,400000.0,72200000,345024000
SHLO,2005-10-31,13.22,16400000,216808000.0,700000.0,92400000,308508000
SHLO,2004-10-31,12.98,16200000,210276000.0,3500000.0,116700000,323476000
SHLO,2003-10-31,4.49,15500000,69595000.0,600000.0,149900000,218895000
SHLO,2002-10-31,2.75,14900000,40975000.0,1800000.0,210600000,249775000
SHLO,2001-10-31,2.0,14800000,29600000.0,4700000.0,268500000,293400000
SHLO,2000-10-31,4.56,14300000,65207999.99999999,1200000.0,251500000,315508000
SHLO,1999-10-31,8.5,13100000,111350000.0,1600000.0,171500000,281250000
SHLO,1998-10-31,14.56,13100000,190736000.0,600000.0,135900000,326036000
SHLO,1997-10-31,18.75,13100000,245625000.0,200000.0,96400000,341825000
SHLO,1996-10-31,16.88,13000000,219440000.0,1700000.0,52900000,270640000
SHLO,1995-10-31,11.5,13000000,149500000.0,2400000.0,21000000,168100000
SHLO,1994-10-31,7.13,13000000,92690000.0,1500000.0,19500000,110690000
SHLO,1993-10-31,10.0,10400000,104000000.0,3000000.0,23100000,124100000
