symbol,date,stockPrice,numberOfShares,marketCapitalization,minusCashAndCashEquivalents,addTotalDebt,enterpriseValue
TUP,2019-12-28,7.66,49000000,375340000,123200000,602200000,854340000
TUP,2018-12-29,36.5751,50200000,1836070020,149000000,603400000,2290470020
TUP,2017-12-30,57.3435,50800000,2913049800,144100000,605100000,3374049800
TUP,2016-12-31,50.7177,50700000,2571387390,93200000,606000000,3084187390
TUP,2015-12-26,40.9728,50400000,2065029120,79800000,608200000,2593429120
TUP,2014-12-27,47.6203,51000000,2428635300,77000000,612100000,2963735300
TUP,2013-12-28,60.6592,53100000,3221003520,127300000,619900000,3713603520
TUP,2012-12-29,51.3777,56400000,2897702280,119800000,414400000,3192302280
TUP,2011-12-31,45.6372,61400000,2802124080,138200000,415200000,3079124080
TUP,2010-12-25,32.8221,63800000,2094049980,248700000,426800000,2272149980
TUP,2009-12-26,29.0339,63400000,1840749260,112400000,426200000,2154549260
TUP,2008-12-27,13.8802,63000000,874452600,124800000,567400000,1317052600
TUP,2007-12-29,18.835,62600000,1179071000,102700000,589800000,1666171000
TUP,2006-12-30,14.2686,61200000,873238320,102200000,680500000,1451538320
TUP,2005-12-31,13.5784,60600000,822851040,181500000,750500000,1391851040
TUP,2004-12-25,11.3063,58800000,664810440,90900000,246500000,820410440
TUP,2003-12-27,10.5692,58400000,617241280,45000000,263500000,835741280
TUP,2002-12-28,7.3598,58700000,432020260,32600000,265100000,664520260
TUP,2001-12-29,9.3305,58900000,549566450,18400000,276100000,807266450
TUP,2000-12-30,10.5051,58000000,609295800,32600000,358100000,934795800
TUP,1999-12-25,6.8038,57900000,393940020,24400000,248500000,618040020
TUP,1998-12-26,6.5107,58700000,382178090,23000000,300100000,659278090
TUP,1997-12-27,10.5188,61800000,650061840,22100000,236700000,864661840
TUP,1996-12-28,21.294,62800000,1337263200,53000000,215300000,1499563200
