symbol,date,stockPrice,numberOfShares,marketCapitalization,minusCashAndCashEquivalents,addTotalDebt,enterpriseValue
XAN,2019-12-31,10.9305,31670360,346172869.98,79958000,1872577000,2138791869.98
XAN,2018-12-31,8.6428,31383100,271237856.68,82816000,1554223000,1742644856.68
XAN,2017-12-31,7.4244,31075790,230719095.27600002,181490000,1213485000,1262714095.276
XAN,2016-12-31,6.3797,30539370,194832018.789,116026000,1191456000,1270262018.789
XAN,2015-12-31,7.211,32280320,232773387.52,78756000,1621713000,1775730387.52
XAN,2014-12-31,12.1154,32314850,391507333.69,79905000,1716871000,2028473333.69
XAN,2013-12-31,14.2622,30000000,427866000.0,262300000,1319800000,1485366000.0
XAN,2012-12-31,14.539,22300000,324219700.0,85300000,1785600000,2024519700.0
XAN,2011-12-31,13.0938,17700000,231760260.0,43100000,1809000000,1997660260.0
XAN,2010-12-31,15.5801,12000000,186961200.0,29500000,1543300000,1700761200.0
XAN,2009-12-31,11.0618,6300000,69689340.0,52000000,1536500000,1554189340.0
XAN,2008-12-31,6.0294,6200000,37382280.0,14600000,1699800000,1722582280.0
XAN,2007-12-31,17.9603,6200000,111353860.0,6000000,1760900000,1866253860.0
XAN,2006-12-31,33.4411,4500000,150484950.0,5400000,1463900000,1608984950.0
